9.87	1.06	0.002	0.09407
9.88	2.71	0.002	0.12337
9.89	5.99	0.003	0.13928
9.9	8.03	0.004	0.14235
9.91	9.54	0.011	0.14247
9.92	10.37	0.019	0.14043
9.93	10.74	0.016	0.13806
9.94	10.96	0.016	0.13644
9.95	11.06	0.0153	0.13387
9.96	11.12	0.0147	0.13078
9.97	11.17	0.014	0.12763
9.98	11.19	0.016	0.12479
9.99	11.2	0.018	0.12212
10	11.18	0.021	0.11959
10.01	11.18	0.024	0.11729
10.02	11.17	0.028	0.11518
10.03	11.17	0.031	0.11318
10.04	11.18	0.035	0.11133
10.05	11.18	0.038	0.10955
10.06	11.16	0.04	0.1078
10.07	11.14	0.041	0.10623
10.08	11.13	0.042	0.10475
10.09	11.14	0.042	0.10331
10.1	11.17	0.042	0.10198
10.11	11.19	0.042	0.10072
10.12	11.23	0.043	0.09949
10.13	11.26	0.043	0.09837
10.14	11.29	0.043	0.0973
10.15	11.33	0.043	0.09629
10.16	11.37	0.044	0.09537
10.17	11.41	0.045	0.09445
10.18	11.44	0.046	0.09359
10.19	11.47	0.047	0.09277
10.2	11.48	0.049	0.09201
10.21	11.4133	0.045	0.06256
10.22	11.3467	0.041	0.0656
10.23	11.28	0.0407	0.0661
10.24	11.37	0.0403	0.06619
10.25	11.48	0.04	0.06625
10.26	11.65	0.045	0.06642
10.27	11.8	0.052	0.06671
10.28	11.98	0.056	0.06686
10.29	12.56	0.062	0.06695
10.3	12.66	0.08	0.06717
10.31	12.41	0.083	0.06787
10.32	12.3	0.108	0.06775
10.33	12.56	0.102	0.06781
10.34	12.68	0.1	0.06796
10.35	12.72	0.098	0.06788
10.36	12.73	0.096	0.06817
10.37	12.77	0.098	0.0682
10.38	12.83	0.098	0.0683
10.39	12.9	0.096	0.06837
10.4	12.92	0.09	0.06843
10.41	12.98	0.09	0.06849
10.42	13.02	0.089	0.06856
10.43	13.06	0.085	0.06864
10.44	13.11	0.08	0.06866
10.45	13.18	0.069	0.06872
10.46	13.23	0.064	0.06879
10.47	13.29	0.064	0.06887
10.48	13.36	0.064	0.06893
10.49	13.46	0.064	0.069
10.5	13.55	0.065	0.06908
10.51	13.66	0.065	0.06913
10.52	13.77	0.065	0.0692
10.53	13.87	0.066	0.0693
10.54	13.97	0.068	0.06941
10.55	14.03	0.07	0.06947
10.56	14.1	0.071	0.06959
10.57	14.17	0.072	0.0697
10.58	14.19	0.073	0.06977
10.59	14.22	0.074	0.06984
10.6	14.26	0.075	0.06994
10.61	14.31	0.076	0.07004
10.62	14.37	0.077	0.07012
10.63	14.43	0.078	0.07027
10.64	14.53	0.079	0.07041
10.65	14.65	0.079	0.07052
10.66	14.79	0.08	0.07066
10.67	14.92	0.08	0.07078
10.68	15.07	0.08	0.07091
10.69	15.2	0.08	0.07108
10.7	15.35	0.078	0.0712
10.71	15.46	0.077	0.07133
10.72	15.55	0.077	0.07143
10.73	15.64	0.077	0.07153
10.74	15.73	0.077	0.07162
10.75	15.83	0.077	0.07176
10.76	15.95	0.077	0.07191
10.77	16.04	0.077	0.072
10.78	16.15	0.077	0.07217
10.79	16.28	0.077	0.07229
10.8	16.43	0.077	0.07242
10.81	16.61	0.078	0.07257
10.82	16.72	0.078	0.07273
10.83	16.83	0.079	0.07287
10.84	16.93	0.079	0.07302
10.85	17.03	0.08	0.07317
10.86	17.13	0.08	0.07333
10.87	17.36	0.082	0.07351
10.88	17.47	0.083	0.07364
10.89	17.62	0.084	0.07381
10.9	17.82	0.084	0.07394
10.91	17.92	0.085	0.07403
10.92	18.26	0.087	0.07434
10.93	18.49	0.088	0.07456
10.94	18.61	0.09	0.07474
10.95	18.77	0.091	0.0749
10.96	18.99	0.092	0.07505
10.97	19.25	0.093	0.07527
10.98	19.57	0.094	0.07552
10.99	19.92	0.095	0.07572
11	20.32	0.095	0.07595
11.01	20.79	0.096	0.0762
11.02	21.32	0.097	0.07644
11.03	21.89	0.098	0.0767
11.04	22.51	0.099	0.07702
11.05	23.34	0.1	0.07735
11.06	24.33	0.101	0.07758
11.07	25.28	0.099	0.07776
11.08	25.54	0.101	0.07795
11.09	25.5	0.096	0.07801
11.1	26.4	0.091	0.07816
11.11	27.08	0.0917	0.07842
11.12	28.04	0.0923	0.07878
11.13	29.66	0.093	0.07927
11.14	29.35	0.113	0.07984
11.15	28.44	0.112	0.08047
11.16	29.14	0.125	0.08055
11.17	29.47	0.119	0.08052
11.18	29.68	0.114	0.08091
11.19	29.52	0.113	0.08063
11.2	29.57	0.105	0.08125
11.21	29.19	0.103	0.06156
11.22	28.81	0.101	0.06722
11.23	28.43	0.099	0.0678
11.24	29.14	0.095	0.06794
11.25	29.42	0.098	0.06769
11.26	29.88	0.0947	0.06732
11.27	29.19	0.0913	0.06604
11.28	29.38	0.088	0.06727
11.29	27.95	0.166	0.06792
11.3	28.07	0.155	0.06715
11.31	27.32	0.136	0.06701
11.32	25.72	0.111	0.06693
11.33	24.41	0.091	0.06714
11.34	23.72	0.078	0.06694
11.35	22.92	0.067	0.06739
11.36	20.56	0.06	0.06755
11.37	18.77	0.051	0.0667
11.38	14.21	0.032	0.06586
11.39	13.77	0.0377	0.06597
11.4	12.13	0.0433	0.06677
11.41	10.08	0.049	0.06593
11.42	7.56	0.087	0.06515
11.43	6.31	0.094	0.06521
11.44	5.8	0.104	0.0653
11.45	4.56	0.1133	0.06427
11.46	3.68	0.1227	0.06331
11.47	3.79	0.132	0.06328
11.48	3.9	0.133	0.06472
11.49	4.01	0.164	0.06566
11.5	6.87	0.172	0.07002
11.51	8.19	0.138	0.073
11.52	9.8	0.104	0.07766
11.53	9.59	0.057	0.07738
11.54	9.38	0.052	0.07642
11.55	9.17	0.028	0.07588
11.56	7.62	0.0313	0.07464
11.57	5.58	0.0347	0.07137
11.58	4.72	0.038	0.07068
11.59	3.2	0.05	0.07018
11.6	2.43	0.085	0.06799
11.61	2.19	0.094	0.06767
11.62	1.81	0.097	0.06688
11.63	1.37	0.102	0.06589
11.64	1.13	0.108	0.06559
11.65	0.99	0.117	0.0659
11.66	0.91	0.121	0.06756
11.67	0.9	0.121	0.06963
11.68	0.9	0.12	0.07094
11.69	0.9	0.119	0.07153
11.7	0.9	0.115	0.0731
11.71	0.91	0.112	0.07396
11.72	0.89	0.099	0.07476
11.73	0.89	0.077	0.07553
11.74	0.87	0.053	0.07676
11.75	0.87	0.051	0.07723
11.76	0.88	0.042	0.07877
11.77	0.91	0.022	0.08034
11.78	0.93	0.016	0.0813
11.79	0.94	0.015	0.08228
11.8	0.94	0.014	0.08333
11.81	0.96	0.014	0.08452
11.82	1	0.014	0.08587
11.83	1.8	0.025	0.09048
11.84	2.45	0.028	0.09269
11.85	3.71	0.022	0.09455
11.86	5.36	0.0243	0.09693
11.87	6.49	0.0267	0.10033
11.88	7.73	0.029	0.1019
11.89	8.1	0.043	0.09926
11.9	7.86	0.044	0.09727
11.91	7.43	0.042	0.09563
11.92	6.91	0.038	0.09429
11.93	6.32	0.037	0.0932
11.94	5.68	0.034	0.09205
11.95	5.03	0.0343	0.09093
11.96	4.37	0.0347	0.08968
11.97	3.77	0.035	0.08832
11.98	3.17	0.041	0.0869
11.99	2.46	0.049	0.08481
12	1.98	0.051	0.08357
12.01	1.6	0.057	0.08289
12.02	1.34	0.0563	0.08283
12.03	1.17	0.0557	0.08336
12.04	1.05	0.055	0.08449
12.05	0.95	0.053	0.08601
12.06	1.0033	0.05	0.0877
12.07	1.0567	0.047	0.09084
12.08	1.11	0.045	0.0939
12.09	1.6	0.042	0.09782
12.1	2.33	0.039	0.1018
12.11	3.27	0.037	0.10561
12.12	4.44	0.033	0.10902
12.13	6.36	0.029	0.11258
12.14	7.64	0.026	0.11328
12.15	8.84	0.024	0.11309
12.16	9.93	0.023	0.11244
12.17	10.84	0.024	0.11095
12.18	11.18	0.027	0.10856
12.19	10.78	0.027	0.10517
12.2	9.86	0.026	0.10184
12.21	8.43	0.026	0.09824
12.22	7.65	0.026	0.09663
12.23	6.72	0.025	0.08541
12.24	6.28	0.024	0.085
12.25	5.96	0.023	0.08493
12.26	5.82	0.029	0.08499
12.27	5.88	0.044	0.08526
12.28	6.13	0.058	0.08574
12.29	6.91	0.069	0.08633
12.3	7.49	0.072	0.08634
12.31	8.11	0.077	0.08638
12.32	8.82	0.077	0.08583
12.33	9.43	0.072	0.08483
12.34	9.83	0.07	0.08365
12.35	10.04	0.069	0.08209
12.36	10.02	0.07	0.08055
12.37	9.44	0.071	0.07875
12.38	8.72	0.067	0.07775
12.39	7.92	0.065	0.07653
12.4	7.04	0.067	0.07548
12.41	6.07	0.063	0.07483
12.42	5.15	0.054	0.07425
12.43	4.42	0.045	0.07384
12.44	3.67	0.044	0.0736
12.45	3.35	0.043	0.07369
12.46	3.2	0.042	0.07397
12.47	3.13	0.047	0.07436
12.48	3.09	0.053	0.07486
12.49	3.11	0.06	0.07538
12.5	3.68	0.074	0.07699
12.51	4.25	0.081	0.07813
12.52	4.74	0.085	0.07893
12.53	4.99	0.086	0.07911
12.54	4.91	0.086	0.07816
12.55	4.55	0.082	0.07608
12.56	4.07	0.077	0.07423
12.57	3.33	0.068	0.07165
12.58	2.86	0.063	0.07026
12.59	2.43	0.056	0.06908
12.6	2.03	0.052	0.06813
12.61	1.67	0.05	0.0673
12.62	1.42	0.048	0.06678
12.63	1.11	0.038	0.06676
12.64	0.97	0.031	0.06709
12.65	0.91	0.028	0.06774
12.66	0.89	0.027	0.06859
12.67	0.9633	0.023	0.06938
12.68	1.0367	0.022	0.07049
12.69	1.11	0.02	0.07207
12.7	2.12	0.016	0.07621
12.71	3.35	0.012	0.08017
12.72	5.58	0.0123	0.08505
12.73	6.33	0.0127	0.08592
12.74	7.85	0.013	0.08651
12.75	9.84	0.02	0.08588
12.76	10.94	0.026	0.08563
12.77	11.93	0.029	0.08583
12.78	13.1	0.03	0.08611
12.79	13.79	0.03	0.08619
12.8	14.45	0.03	0.0861
12.81	14.78	0.031	0.08601
12.82	15.72	0.035	0.08573
12.83	15.96	0.038	0.08564
12.84	16.5	0.045	0.08538
12.85	16.72	0.052	0.08544
12.86	16.73	0.056	0.08559
12.87	16.68	0.062	0.08565
12.88	16.57	0.066	0.08571
12.89	16.48	0.072	0.0858
12.9	16.37	0.075	0.08588
12.91	16.2	0.078	0.08591
12.92	15.95	0.082	0.08594
12.93	15.66	0.086	0.08596
12.94	15.24	0.09	0.08593
12.95	14.41	0.097	0.08581
12.96	13.72	0.101	0.08574
12.97	12.99	0.103	0.08559
12.98	12.23	0.104	0.08543
12.99	11.47	0.105	0.08523
13	10.74	0.106	0.08506
13.01	10.03	0.106	0.08483
13.02	9.36	0.105	0.08459
13.03	8.6	0.105	0.08435
13.04	7.86	0.103	0.08402
13.05	6.66	0.1	0.08327
13.06	5.84	0.097	0.08256
13.07	5.04	0.094	0.08183
13.08	4.35	0.091	0.08107
13.09	3.65	0.088	0.08012
13.1	3.1	0.086	0.0792
13.11	2.64	0.085	0.07833
13.12	2.28	0.085	0.07755
13.13	2.02	0.086	0.07694
13.14	1.78	0.09	0.07645
13.15	1.59	0.093	0.07617
13.16	1.35	0.097	0.07593
13.17	1.15	0.094	0.07582
13.18	1.01	0.09	0.076
13.19	0.95	0.086	0.07658
13.2	0.89	0.075	0.07746
13.21	0.83	0.062	0.07885
13.22	0.86	0.052	0.12238
13.23	0.82	0.049	0.12292
13.24	0.77	0.046	0.1234
13.25	0.73	0.041	0.12398
13.26	0.71	0.037	0.12465
13.27	0.7	0.032	0.12542
13.28	0.7	0.029	0.12632
13.29	0.71	0.023	0.12746
13.3	0.72	0.02	0.12799
13.31	0.72	0.018	0.12844
13.32	0.71	0.017	0.12893
13.33	0.71	0.018	0.12945
13.34	0.7	0.017	0.12994
13.35	0.69	0.016	0.13043
13.36	0.7	0.016	0.13097
13.37	0.73	0.016	0.13193
13.38	0.75	0.016	0.13245
13.39	0.77	0.016	0.13291
13.4	0.78	0.016	0.13333
13.41	0.8	0.0167	0.1337
13.42	0.83	0.0173	0.13418
13.43	0.84	0.018	0.13481
13.44	0.84	0.018	0.13508
13.45	0.82	0.0183	0.13507
13.46	0.77	0.0187	0.13503
13.47	0.73	0.019	0.1352
13.48	0.71	0.019	0.13567
13.49	0.71	0.018	0.13617
13.5	0.7	0.016	0.13661
13.51	0.69	0.016	0.13705
13.52	0.69	0.015	0.1374
13.53	0.68	0.0153	0.13763
13.54	0.68	0.0157	0.13794
13.55	0.67	0.016	0.13828
13.56	0.67	0.016	0.13895
13.57	0.67	0.016	0.13939
13.58	0.67	0.016	0.13981
13.59	0.68	0.016	0.1402
13.6	0.68	0.016	0.14057
13.61	0.68	0.017	0.14091
13.62	0.67	0.017	0.14128
13.63	0.67	0.017	0.14167
13.64	0.68	0.016	0.14207
13.65	0.68	0.016	0.14244
13.66	0.69	0.016	0.14283
13.67	0.69	0.016	0.14318
13.68	0.69	0.016	0.14352
13.69	0.69	0.015	0.14391
13.7	0.69	0.015	0.14432
13.71	0.69	0.015	0.14472
13.72	0.69	0.015	0.14511
13.73	0.69	0.015	0.14552
13.74	0.69	0.015	0.14613
13.75	0.69	0.015	0.14653
13.76	0.7	0.015	0.14695
13.77	0.7	0.015	0.1475
13.78	0.71	0.015	0.14768
13.79	0.71	0.015	0.14805
13.8	0.72	0.015	0.14847
13.81	0.73	0.015	0.14918
13.82	0.73	0.015	0.14936
13.83	0.74	0.015	0.1497
13.84	0.75	0.015	0.15004
13.85	0.73	0.015	0.15012
13.86	0.71	0.015	0.15041
13.87	0.7	0.015	0.15077
13.88	0.7	0.015	0.15108
13.89	0.68	0.015	0.15135
13.9	0.67	0.015	0.15164
13.91	0.67	0.015	0.15201
13.92	0.68	0.014	0.15247
13.93	0.67	0.014	0.15271
13.94	0.66	0.014	0.15298
13.95	0.66	0.013	0.15328
13.96	0.66	0.013	0.1536
13.97	0.66	0.013	0.1539
13.98	0.65	0.013	0.15419
13.99	0.65	0.013	0.15456
14	0.65	0.013	0.1551
14.01	0.66	0.013	0.15545
14.02	0.66	0.013	0.15576
14.03	0.66	0.013	0.15604
14.04	0.66	0.013	0.15634
14.05	0.66	0.013	0.15673
14.06	0.69	0.012	0.15734
14.07	0.87	0.011	0.1592
14.08	1.01	0.011	0.16045
14.09	1.19	0.01	0.16153
14.1	1.37	0.01	0.16243
14.11	1.52	0.0117	0.16274
14.12	1.51	0.0133	0.16201
14.13	1.36	0.015	0.16086
14.14	1.16	0.018	0.15928
14.15	1.19	0.019	0.15891
14.16	1.22	0.019	0.16006
14.17	1.25	0.021	0.1624
14.18	2.07	0.022	0.16782
14.19	3.87	0.023	0.17898
14.2	6.42	0.026	0.19017
14.21	13.24	0.036	0.14717
14.22	16.05	0.04	0.13125
14.23	18.05	0.042	0.11911
14.24	19.52	0.044	0.11295
14.25	20.61	0.044	0.11104
14.26	21.4	0.043	0.11107
14.27	21.95	0.043	0.11144
14.28	22.24	0.043	0.11137
14.29	22.43	0.048	0.11131
14.3	22.54	0.055	0.1113
14.31	22.58	0.062	0.11126
14.32	22.54	0.069	0.1113
14.33	22.28	0.082	0.11171
14.34	22.03	0.09	0.11176
14.35	21.73	0.098	0.11192
14.36	21.36	0.106	0.11197
14.37	20.91	0.112	0.11204
14.38	20.34	0.119	0.11217
14.39	19.72	0.125	0.11223
14.4	19.05	0.13	0.11242
14.41	18.4	0.134	0.11255
14.42	17.84	0.137	0.11265
14.43	17.36	0.14	0.11283
14.44	17.02	0.14	0.11306
14.45	16.83	0.14	0.11344
14.46	16.83	0.141	0.11392
14.47	16.93	0.139	0.11436
14.48	17.06	0.138	0.1147
14.49	17.1	0.138	0.11452
14.5	16.93	0.136	0.11341
14.51	16.44	0.135	0.11072
14.52	15.69	0.136	0.10739
14.53	14.85	0.135	0.10383
14.54	13.15	0.126	0.09835
14.55	11.87	0.12	0.09597
14.56	10.71	0.113	0.09563
14.57	9.56	0.105	0.09588
14.58	8.48	0.096	0.09612
14.59	7.49	0.091	0.09623
14.6	6.54	0.088	0.09597
14.61	5.63	0.088	0.09551
14.62	4.95	0.089	0.09513
14.63	4.43	0.091	0.09472
14.64	4.3667	0.094	0.0947
14.65	4.3033	0.097	0.09524
14.66	4.24	0.103	0.09669
14.67	4.82	0.111	0.09849
14.68	5.88	0.121	0.10034
14.69	7.06	0.119	0.10245
14.7	7.79	0.111	0.10339
14.71	7.77	0.097	0.0989
14.72	7.44	0.094	0.09606
14.73	6.95	0.091	0.09268
14.74	6.43	0.085	0.08942
14.75	5.86	0.076	0.08633
14.76	5.33	0.07	0.08475
14.77	4.82	0.062	0.0846
14.78	4.34	0.055	0.08463
14.79	3.95	0.054	0.08498
14.8	3.66	0.055	0.08607
14.81	3.7867	0.057	0.08738
14.82	3.9133	0.059	0.08866
14.83	4.04	0.074	0.09183
14.84	4.57	0.077	0.09335
14.85	5.82	0.085	0.09609
14.86	6.67	0.086	0.0979
14.87	6.93	0.075	0.09773
14.88	6.93	0.064	0.09558
14.89	6.79	0.058	0.09333
14.9	6.12	0.048	0.09046
14.91	5.83	0.043	0.08976
14.92	5.16	0.036	0.08852
14.93	4.04	0.032	0.08751
14.94	3.1	0.029	0.08697
14.95	2.61	0.027	0.08669
14.96	2.2	0.026	0.0865
14.97	2.03	0.025	0.08649
14.98	1.67	0.03	0.08703
14.99	1.47	0.037	0.08746
15	1.27	0.042	0.088
15.01	1.1	0.045	0.0888
15.02	0.95	0.045	0.09001
15.03	0.86	0.044	0.0917
15.04	0.82	0.044	0.09373
15.05	0.81	0.042	0.09583
15.06	0.81	0.04	0.09781
15.07	0.83	0.037	0.09963
15.08	0.86	0.034	0.10154
15.09	0.87	0.031	0.10345
15.1	0.9	0.027	0.1054
15.11	0.93	0.022	0.10736
15.12	0.93	0.018	0.10902
15.13	0.94	0.016	0.11069
15.14	0.96	0.015	0.11239
15.15	0.96	0.014	0.11405
15.16	0.95	0.013	0.11583
15.17	0.99	0.013	0.11779
15.18	1.01	0.013	0.11937
15.19	1.05	0.013	0.12109
15.2	1.1867	0.013	0.12338
15.21	1.3233	0.016	0.19645
15.22	1.46	0.0167	0.19686
15.23	1.45	0.0173	0.19646
15.24	1.57	0.018	0.19717
15.25	1.77	0.021	0.19898
15.26	1.93	0.025	0.2008
15.27	2.12	0.026	0.20292
15.28	2.26	0.028	0.20451
15.29	2.29	0.03	0.20412
15.3	2.28	0.033	0.20344
15.31	2.29	0.032	0.20355
15.32	2.3	0.031	0.20364
15.33	2.24	0.026	0.20293
15.34	2.08	0.022	0.20107
15.35	1.93	0.0217	0.19907
15.36	1.77	0.0213	0.19724
15.37	1.42	0.021	0.19366
15.38	1.23	0.021	0.19186
15.39	1.02	0.021	0.19102
15.4	0.99	0.021	0.19153
15.41	0.98	0.02	0.19366
15.42	1.02	0.018	0.19631
15.43	1.09	0.017	0.19867
15.44	1.18	0.016	0.20048
15.45	1.28	0.016	0.20248
15.46	1.39	0.016	0.20424
15.47	1.49	0.016	0.20545
15.48	1.62	0.017	0.20649
15.49	1.86	0.019	0.20859
15.5	1.98	0.02	0.20969
15.51	2.01	0.022	0.20936
15.52	2	0.023	0.20897
15.53	1.99	0.023	0.20781
15.54	1.99	0.023	0.20732
15.55	1.99	0.022	0.20726
15.56	2.07	0.0217	0.20821
15.57	2.21	0.0213	0.20951
15.58	2.42	0.021	0.21052
15.59	2.58	0.023	0.2107
15.6	2.67	0.026	0.20747
15.61	2.65	0.027	0.20562
15.62	2.62	0.028	0.20469
15.63	2.59	0.028	0.20464
15.64	2.56	0.029	0.20457
15.65	2.51	0.03	0.20377
15.66	2.4	0.031	0.20297
15.67	2.21	0.028	0.20192
15.68	1.98	0.026	0.20075
15.69	1.9333	0.026	0.20061
15.7	1.8867	0.025	0.20212
15.71	1.84	0.027	0.20667
15.72	1.97	0.026	0.20931
15.73	2.01	0.0253	0.21051
15.74	1.95	0.0247	0.21027
15.75	1.9	0.024	0.21058
15.76	1.88	0.026	0.21158
15.77	1.95	0.027	0.2136
15.78	2.21	0.028	0.21741
15.79	2.86	0.032	0.22395
15.8	4.27	0.0313	0.23461
15.81	5.05	0.0307	0.23288
15.82	5.38	0.03	0.21441
15.83	5.2	0.032	0.18767
15.84	4.83	0.03	0.15861
15.85	4.43	0.03	0.14684
15.86	4.01	0.029	0.14244
15.87	3.57	0.031	0.14068
15.88	3.23	0.031	0.14011
15.89	3.1633	0.031	0.14047
15.9	3.0967	0.033	0.14165
15.91	3.03	0.039	0.14527
15.92	4.04	0.043	0.1507
15.93	5.82	0.045	0.15688
15.94	7.49	0.047	0.16009
15.95	8.67	0.049	0.15688
15.96	9.06	0.046	0.14746
15.97	8.86	0.045	0.14052
15.98	8.46	0.044	0.13447
15.99	8.02	0.046	0.12792
16	7.54	0.048	0.1224
16.01	6.97	0.048	0.12021
16.02	6.38	0.047	0.11956
16.03	5.92	0.047	0.11947
16.04	5.46	0.046	0.11985
16.05	5.22	0.044	0.12004
16.06	4.93	0.045	0.1201
16.07	4.64	0.049	0.12003
16.08	4.37	0.055	0.11999
16.09	4.13	0.058	0.1201
16.1	3.9	0.059	0.1204
16.11	3.69	0.06	0.12096
16.12	3.5	0.06	0.12158
16.13	3.3	0.059	0.12201
16.14	3.12	0.061	0.12206
16.15	2.93	0.063	0.1218
16.16	2.63	0.063	0.12178
16.17	2.44	0.061	0.122
16.18	2.23	0.059	0.1222
16.19	2.02	0.053	0.12263
16.2	1.9833	0.0477	0.18352
16.21	1.9467	0.0423	0.1831
16.22	1.91	0.037	0.18361
16.23	2.05	0.036	0.18709
16.24	2.09	0.034	0.18732
16.25	2.04	0.032	0.18555
16.26	1.9	0.029	0.18377
16.27	1.74	0.028	0.18222
16.28	1.57	0.027	0.18101
16.29	1.41	0.026	0.18075
16.3	1.3	0.026	0.18154
16.31	1.22	0.027	0.18261
16.32	1.15	0.026	0.18367
16.33	1.07	0.022	0.18426
16.34	1.01	0.02	0.18517
16.35	0.97	0.019	0.18808
16.36	0.96	0.018	0.19011
16.37	0.93	0.016	0.19179
16.38	0.92	0.015	0.19371
16.39	0.93	0.0153	0.19535
16.4	0.92	0.0157	0.19682
16.41	0.91	0.016	0.19871
16.42	0.91	0.015	0.20072
16.43	0.9	0.014	0.20257
16.44	0.89	0.012	0.20417
16.45	0.89	0.012	0.20547
16.46	0.87	0.011	0.2072
16.47	0.87	0.011	0.20885
16.48	0.86	0.011	0.2106
16.49	0.87	0.01	0.21204
16.5	0.88	0.011	0.21347
16.51	0.86	0.01	0.21513
16.52	0.88	0.01	0.21709
16.53	0.92	0.01	0.21941
16.54	0.94	0.01	0.22018
16.55	0.96	0.01	0.22195
16.56	1.03	0.01	0.22493
16.57	1.3	0.0103	0.22941
16.58	1.69	0.0107	0.23439
16.59	2.29	0.011	0.24104
16.6	3.11	0.0117	0.24717
16.61	4.05	0.0123	0.25222
16.62	4.95	0.013	0.25466
16.63	5.89	0.018	0.25478
16.64	6.98	0.023	0.25372
16.65	8.17	0.024	0.243
16.66	9.2	0.025	0.22119
16.67	9.87	0.027	0.19471
16.68	10.18	0.031	0.17362
16.69	10.26	0.035	0.15954
16.7	10.09	0.037	0.14627
16.71	9.78	0.035	0.13432
16.72	9.17	0.0343	0.12114
16.73	8.68	0.0337	0.11745
16.74	8.21	0.033	0.11749
16.75	7.7	0.033	0.11832
16.76	7.14	0.036	0.11909
16.77	6.55	0.039	0.11956
16.78	6.02	0.042	0.11983
16.79	5.57	0.044	0.12031
16.8	5.25	0.047	0.12127
16.81	5.06	0.049	0.12249
16.82	5	0.054	0.12387
16.83	5.07	0.061	0.12533
16.84	5.22	0.067	0.1266
16.85	5.42	0.07	0.12711
16.86	5.64	0.073	0.12592
16.87	5.79	0.076	0.12178
16.88	5.75	0.076	0.11604
16.89	5.45	0.072	0.11013
16.9	4.67	0.066	0.10395
16.91	4.11	0.058	0.10194
16.92	3.62	0.05	0.10162
16.93	3.29	0.045	0.10218
16.94	3.19	0.042	0.10377
16.95	3.21	0.041	0.10569
16.96	3.39	0.041	0.10799
16.97	3.67	0.046	0.11031
16.98	3.92	0.05	0.11217
16.99	4.1	0.048	0.11317
17	4.29	0.046	0.11366
17.01	4.4	0.045	0.11314
17.02	4.45	0.044	0.11404
17.03	4.64	0.037	0.1165
17.04	4.9	0.034	0.11844
17.05	5.18	0.0337	0.12015
17.06	5.51	0.0333	0.12184
17.07	5.87	0.033	0.12342
17.08	6.18	0.033	0.12465
17.09	6.65	0.037	0.12594
17.1	7.14	0.039	0.12579
17.11	7.54	0.042	0.12442
17.12	7.83	0.044	0.12206
17.13	7.97	0.043	0.12089
17.14	8	0.042	0.11819
17.15	7.89	0.043	0.11409
17.16	7.61	0.043	0.10991
17.17	7.19	0.042	0.10761
17.18	6.39	0.0437	0.107
17.19	5.88	0.0453	0.10699
17.2	4.97	0.047	0.13701
17.21	4.45	0.046	0.13592
17.22	3.91	0.048	0.1343
17.23	3.4	0.053	0.13266
17.24	3.08	0.059	0.13194
17.25	3.16	0.064	0.13262
17.26	3.24	0.071	0.13515
17.27	3.32	0.081	0.13903
17.28	4.29	0.097	0.14423
17.29	5.6	0.098	0.14821
17.3	6.71	0.092	0.15099
17.31	7.41	0.084	0.14682
17.32	7.58	0.077	0.13866
17.33	7.39	0.073	0.12706
17.34	7.14	0.067	0.12206
17.35	6.84	0.06	0.11786
17.36	6.42	0.052	0.11672
17.37	5.89	0.046	0.11665
17.38	5.29	0.044	0.11684
17.39	4.71	0.044	0.11647
17.4	4.21	0.047	0.11428
17.41	3.75	0.05	0.11119
17.42	3.33	0.05	0.10985
17.43	2.99	0.05	0.10959
17.44	2.72	0.053	0.11027
17.45	2.44	0.059	0.11165
17.46	2.5267	0.067	0.11424
17.47	2.6133	0.07	0.11792
17.48	2.7	0.072	0.1223
17.49	3.19	0.071	0.1255
17.5	3.66	0.074	0.12742
17.51	4.02	0.075	0.12857
17.52	4.26	0.072	0.12899
17.53	4.43	0.067	0.12863
17.54	4.59	0.064	0.12826
17.55	4.82	0.062	0.12815
17.56	5.17	0.058	0.1283
17.57	5.62	0.055	0.1292
17.58	6.27	0.056	0.13107
17.59	6.76	0.055	0.12983
17.6	7.22	0.054	0.12693
17.61	7.6	0.049	0.12194
17.62	7.88	0.047	0.1152
17.63	8.07	0.048	0.1095
17.64	8.09	0.05	0.10601
17.65	7.93	0.048	0.10216
17.66	7.73	0.048	0.09794
17.67	7.59	0.051	0.09386
17.68	7.47	0.053	0.09107
17.69	7.37	0.05	0.0897
17.7	7.06	0.043	0.0895
17.71	6.78	0.044	0.0901
17.72	6.57	0.045	0.09051
17.73	6.44	0.046	0.09038
17.74	6.41	0.051	0.08928
17.75	6.44	0.055	0.08855
17.76	6.52	0.058	0.08835
17.77	6.6	0.061	0.089
17.78	6.75	0.064	0.09036
17.79	7.09	0.067	0.09173
17.8	7.5	0.071	0.09238
17.81	7.84	0.075	0.0927
17.82	8.06	0.076	0.09275
17.83	8.23	0.074	0.09253
17.84	8.36	0.069	0.09259
17.85	8.58	0.063	0.09255
17.86	8.83	0.06	0.09218
17.87	8.95	0.058	0.09219
17.88	8.99	0.056	0.09213
17.89	8.84	0.057	0.09189
17.9	8.54	0.058	0.09156
17.91	8.11	0.058	0.09055
17.92	7.65	0.056	0.08907
17.93	7.21	0.056	0.0878
17.94	6.77	0.055	0.08697
17.95	6.25	0.055	0.08633
17.96	5.68	0.056	0.08569
17.97	5.14	0.057	0.08501
17.98	4.66	0.06	0.08439
17.99	4.24	0.066	0.08385
18	3.83	0.071	0.08362
18.01	3.46	0.073	0.08339
18.02	3.05	0.074	0.08337
18.03	2.69	0.074	0.08364
18.04	2.41	0.076	0.08439
18.05	2.18	0.078	0.08532
18.06	1.97	0.078	0.08665
18.07	1.9567	0.076	0.08841
18.08	1.9433	0.071	0.09065
18.09	1.93	0.066	0.0935
18.1	2.09	0.062	0.09674
18.11	2.24	0.06	0.10011
18.12	2.39	0.056	0.10281
18.13	2.42	0.051	0.10416
18.14	2.25	0.046	0.10488
18.15	2.07	0.045	0.10555
18.16	2.17	0.04	0.10709
18.17	2.27	0.039	0.11027
18.18	2.37	0.038	0.11641
18.19	5.32	0.061	0.18271
18.2	6.43	0.067	0.18427
18.21	6.29	0.064	0.17107
18.22	5.4	0.063	0.14653
18.23	4.45	0.062	0.12761
18.24	3.75	0.061	0.11243
18.25	3.28	0.06	0.10152
18.26	2.84	0.06	0.09697
18.27	2.42	0.062	0.09564
18.28	2	0.063	0.09553
18.29	1.64	0.07	0.09467
18.3	1.39	0.08	0.09387
18.31	1.24	0.08	0.0942
18.32	1.14	0.078	0.09588
18.33	1.1	0.077	0.09841
18.34	1.08	0.076	0.10125
18.35	1.07	0.073	0.10432
18.36	1.07	0.07	0.10719
18.37	1.06	0.067	0.1099
18.38	1.06	0.064	0.11264
18.39	1.05	0.061	0.11543
18.4	1.07	0.058	0.11837
18.41	1.09	0.053	0.12118
18.42	1.11	0.047	0.12391
18.43	1.13	0.035	0.12793
18.44	1.08	0.03	0.13016
18.45	1.04	0.024	0.13254
18.46	1.04	0.019	0.13528
18.47	1.04	0.015	0.13791
18.48	1.03	0.013	0.1406
18.49	1.05	0.0127	0.14338
18.5	1.06	0.0123	0.14603
18.51	1.05	0.012	0.14866
18.52	1.04	0.013	0.15119
18.53	1.04	0.013	0.15382
18.54	1.04	0.014	0.15647
18.55	1.05	0.016	0.15929
18.56	1.08	0.016	0.16229
18.57	1.11	0.016	0.16516
18.58	1.1	0.018	0.1679
18.59	1.11	0.02	0.17066
18.6	1.12	0.02	0.17335
18.61	1.13	0.02	0.17583
18.62	1.12	0.02	0.17929
18.63	1.11	0.02	0.18048
18.64	1.11	0.019	0.184
18.65	1.1	0.0193	0.18617
18.66	1.09	0.0197	0.18834
18.67	1.07	0.02	0.19162
18.68	1.07	0.02	0.19395
18.69	1.07	0.021	0.19608
18.7	1.08	0.022	0.19705
18.71	1.09	0.024	0.20016
18.72	1.11	0.025	0.20227
18.73	1.14	0.025	0.20427
18.74	1.21	0.026	0.20666
18.75	1.38	0.027	0.20998
18.76	1.69	0.029	0.21412
18.77	2.12	0.032	0.21896
18.78	2.62	0.032	0.22401
18.79	3.15	0.033	0.22736
18.8	3.71	0.042	0.22606
18.81	3.98	0.046	0.2224
18.82	4.33	0.049	0.21946
18.83	4.65	0.05	0.21742
18.84	4.89	0.053	0.2127
18.85	5.01	0.058	0.20591
18.86	5.07	0.063	0.19661
18.87	5.12	0.066	0.18686
18.88	5.19	0.064	0.17782
18.89	5.15	0.055	0.16872
18.9	4.81	0.051	0.16222
18.91	4.36	0.047	0.15882
18.92	3.92	0.037	0.1578
18.93	3.5	0.0347	0.15717
18.94	3.05	0.0341	0.15582
18.95	2.62	0.0336	0.15468
18.96	2.29	0.033	0.1546
18.97	1.95	0.037	0.15638
18.98	1.74	0.041	0.15835
18.99	1.57	0.044	0.16062
19	1.5	0.049	0.16359
19.01	1.52	0.048	0.16687
19.02	1.53	0.044	0.17007
19.03	1.54	0.041	0.17273
19.04	1.54	0.039	0.17449
19.05	1.53	0.037	0.17599
19.06	1.52	0.036	0.17761
19.07	1.55	0.036	0.17929
19.08	1.58	0.039	0.18099
19.09	1.62	0.04	0.1824
19.1	1.64	0.0407	0.18402
19.11	1.64	0.0413	0.18534
19.12	1.64	0.042	0.18716
19.13	1.67	0.045	0.18888
19.14	1.68	0.052	0.19042
19.15	1.73	0.057	0.19198
19.16	1.77	0.06	0.19331
19.17	1.79	0.063	0.19463
19.18	1.79	0.066	0.1963
19.19	1.83	0.07	0.22823
19.2	1.81	0.073	0.22926
19.21	1.79	0.075	0.23056
19.22	1.8	0.074	0.2315
19.23	1.83	0.073	0.2326
19.24	1.84	0.073	0.23359
19.25	1.87	0.073	0.2347
19.26	1.94	0.072	0.23584
19.27	2.03	0.071	0.23716
19.28	2.08	0.07	0.23872
19.29	2.12	0.069	0.24031
19.3	2.15	0.068	0.24061
19.31	2.16	0.066	0.23853
19.32	2.16	0.065	0.2364
19.33	2.15	0.065	0.23519
19.34	2.12	0.066	0.23514
19.35	2.18	0.068	0.23666
19.36	2.25	0.07	0.23917
19.37	2.3	0.07	0.24132
19.38	2.34	0.068	0.2434
19.39	2.39	0.064	0.24501
19.4	2.42	0.061	0.24635
19.41	2.44	0.057	0.24708
19.42	2.47	0.055	0.24781
19.43	2.46	0.054	0.2484
19.44	2.44	0.052	0.2489
19.45	2.44	0.051	0.25001
19.46	2.46	0.047	0.25122
19.47	2.5	0.043	0.25213
19.48	2.51	0.04	0.25256
19.49	2.53	0.036	0.25289
19.5	2.54	0.034	0.2538
19.51	2.59	0.034	0.2559
19.52	2.66	0.031	0.25973
19.53	2.69	0.029	0.26182
19.54	2.7	0.028	0.26364
19.55	2.73	0.028	0.26451
19.56	2.77	0.028	0.2642
19.57	2.84	0.025	0.26238
19.58	2.87	0.025	0.26049
19.59	2.89	0.025	0.25907
19.6	2.93	0.027	0.25839
19.61	2.99	0.029	0.25711
19.62	3	0.035	0.25518
19.63	3.05	0.042	0.25487
19.64	3.07	0.048	0.2535
19.65	3.1	0.053	0.25049
19.66	3.1	0.06	0.24687
19.67	3.05	0.069	0.24428
19.68	2.99	0.077	0.24302
19.69	2.95	0.084	0.24302
19.7	2.94	0.091	0.24292
19.71	2.91	0.097	0.24331
19.72	2.89	0.097	0.2429
19.73	2.88	0.096	0.24264
19.74	2.78	0.094	0.24251
19.75	2.66	0.092	0.24172
19.76	2.45	0.086	0.23714
19.77	2.34	0.08	0.23054
19.78	2.29	0.079	0.22776
19.79	2.17	0.077	0.22299
19.8	2.07	0.075	0.22116
19.81	2.01	0.076	0.22073
19.82	1.84	0.076	0.22066
19.83	1.74	0.077	0.2212
19.84	1.66	0.079	0.22212
19.85	1.6	0.08	0.22277
19.86	1.56	0.079	0.22266
19.87	1.52	0.079	0.2221
19.88	1.48	0.08	0.22162
19.89	1.43	0.081	0.2215
19.9	1.38	0.083	0.22197
19.91	1.34	0.081	0.22285
19.92	1.33	0.079	0.22416
19.93	1.35	0.074	0.22634
19.94	1.38	0.07	0.22811
19.95	1.43	0.067	0.23018
19.96	1.51	0.064	0.23221
19.97	1.59	0.06	0.2343
19.98	1.66	0.058	0.23658
19.99	1.75	0.054	0.23855
20	1.84	0.05	0.23974
20.01	1.9	0.049	0.24081
20.02	1.95	0.048	0.24178
20.03	1.95	0.046	0.24258
20.04	1.92	0.045	0.24328
20.05	1.95	0.044	0.24452
20.06	1.99	0.044	0.2456
20.07	2.06	0.045	0.24647
20.08	2.14	0.046	0.24846
20.09	2.22	0.047	0.25011
20.1	2.29	0.049	0.25103
20.11	2.26	0.049	0.25058
20.12	2.15	0.05	0.24664
20.13	2.04	0.052	0.24485
20.14	1.91	0.053	0.24417
20.15	1.84	0.053	0.24478
20.16	1.83	0.052	0.24594
20.17	1.84	0.051	0.24744
20.18	1.92	0.047	0.33159
20.19	1.85	0.046	0.33013
20.2	1.78	0.045	0.32881
20.21	1.69	0.044	0.32718
20.22	1.61	0.044	0.32559
20.23	1.55	0.043	0.32404
20.24	1.5	0.044	0.32288
20.25	1.46	0.045	0.32281
20.26	1.44	0.045	0.32352
20.27	1.4	0.046	0.32495
20.28	1.35	0.047	0.32719
20.29	1.32	0.048	0.32997
20.3	1.32	0.047	0.33293
20.31	1.37	0.047	0.33616
20.32	1.45	0.048	0.33998
20.33	1.54	0.048	0.34445
20.34	1.67	0.046	0.34935
20.35	1.97	0.044	0.35654
20.36	2.73	0.041	0.37009
20.37	4.16	0.039	0.38996
20.38	6.17	0.038	0.40943
20.39	9.32	0.042	0.38179
20.4	11.1	0.045	0.30027
20.41	12.56	0.046	0.24278
20.42	13.69	0.047	0.2142
20.43	14.55	0.048	0.20149
20.44	15.17	0.048	0.19968
20.45	15.63	0.045	0.20008
20.46	15.87	0.043	0.2016
20.47	15.94	0.043	0.20352
20.48	15.92	0.044	0.20563
20.49	15.77	0.046	0.20801
20.5	15.49	0.048	0.21029
20.51	15.14	0.052	0.21236
20.52	14.74	0.054	0.21413
20.53	14.01	0.058	0.21688
20.54	13.52	0.059	0.21864
20.55	13.28	0.061	0.2194
20.56	12.76	0.063	0.22056
20.57	12.17	0.065	0.22172
20.58	11.28	0.065	0.2229
20.59	10.63	0.065	0.22341
20.6	9.9	0.065	0.22399
20.61	9.09	0.064	0.22469
20.62	8.3	0.063	0.22553
20.63	7.57	0.064	0.2264
20.64	6.88	0.065	0.22697
20.65	6.28	0.069	0.22754
20.66	5.9	0.074	0.22878
20.67	5.73	0.08	0.23067
20.68	5.87	0.088	0.23412
20.69	6.41	0.098	0.23974
20.7	7.32	0.109	0.2467
20.71	8.44	0.118	0.25266
20.72	9.61	0.126	0.2499
20.73	10.72	0.131	0.21489
20.74	11.6	0.128	0.17576
20.75	12.45	0.125	0.1524
20.76	13.56	0.122	0.13982
20.77	14.12	0.109	0.14167
20.78	14.71	0.094	0.14517
20.79	15.28	0.087	0.14831
20.8	15.67	0.085	0.15127
20.81	15.94	0.085	0.15415
20.82	16.12	0.086	0.15685
20.83	16.23	0.088	0.15902
20.84	16.31	0.091	0.16138
20.85	16.42	0.095	0.16379
20.86	16.55	0.096	0.16608
20.87	16.76	0.1	0.16844
20.88	17.01	0.104	0.17092
20.89	17.44	0.109	0.17349
20.9	17.99	0.114	0.17587
20.91	18.69	0.118	0.17813
20.92	19.42	0.122	0.17971
20.93	20.08	0.124	0.18091
20.94	20.63	0.126	0.18018
20.95	21.06	0.128	0.17812
20.96	21.42	0.128	0.17246
20.97	21.64	0.128	0.16508
20.98	21.96	0.128	0.16107
20.99	22.24	0.126	0.15413
21	22.4	0.127	0.14885
21.01	22.58	0.128	0.14732
21.02	22.85	0.13	0.14532
21.03	23.23	0.13	0.14392
21.04	23.76	0.132	0.14299
21.05	24.36	0.134	0.14329
21.06	25.04	0.136	0.14446
21.07	25.71	0.138	0.14501
21.08	26.23	0.138	0.14373
21.09	26.62	0.14	0.14266
21.1	26.9	0.142	0.13968
21.11	27.13	0.145	0.13587
21.12	27.31	0.147	0.13369
21.13	27.47	0.149	0.13234
21.14	27.58	0.151	0.1296
21.15	27.72	0.155	0.1275
21.16	27.98	0.157	0.12741
21.17	28.0533	0.1523	0.20646
21.18	28.1267	0.1477	0.20124
21.19	28.2	0.143	0.19456
21.2	28.78	0.142	0.18784
21.21	29.26	0.143	0.18063
21.22	29.7	0.147	0.17415
21.23	30.15	0.152	0.16391
21.24	30.21	0.152	0.16034
21.25	30.08	0.155	0.15138
21.26	29.74	0.157	0.14629
21.27	29.18	0.159	0.1409
21.28	28.52	0.16	0.13545
21.29	27.76	0.161	0.13182
21.3	27.02	0.157	0.12979
21.31	26.66	0.153	0.12879
21.32	25.96	0.153	0.12716
21.33	25.17	0.154	0.12598
21.34	24.25	0.153	0.12537
21.35	23.33	0.15	0.12564
21.36	22.36	0.147	0.12604
21.37	21.4	0.147	0.12684
21.38	20.51	0.145	0.12823
21.39	19.66	0.14	0.12959
21.4	18.61	0.138	0.13087
21.41	17.52	0.138	0.13244
21.42	16.37	0.137	0.13454
21.43	15.42	0.134	0.13718
21.44	14.45	0.13	0.13901
21.45	13.46	0.128	0.14069
21.46	12.5	0.125	0.14215
21.47	11.72	0.126	0.14359
21.48	11.17	0.128	0.14484
21.49	11.05	0.133	0.14621
21.5	11.4	0.139	0.14794
21.51	12.4	0.148	0.15022
21.52	14.01	0.159	0.15341
21.53	16.16	0.172	0.15724
21.54	18.56	0.19	0.16079
21.55	21.33	0.211	0.16172
21.56	24.87	0.221	0.16074
21.57	26.8433	0.212	0.20147
21.58	28.8167	0.203	0.20948
21.59	30.79	0.194	0.19013
21.6	37.02	0.206	0.1722

