0	0.78	0	0.001
0.01	1.07	0	0.001
0.02	1.22	0	0.003
0.03	1.41	0	0.001
0.04	1.58	0	0.003
0.05	1.78	0	0.003
0.06	2.19	0.017	0.003
0.07	2.41	0.034	0.003
0.08	2.71	0.035	0.003
0.09	2.88	0.035	0.002
0.1	3.03	0.035	0.002
0.11	3.16	0.035	0.001
0.12	3.28	0.034	0.001
0.13	3.3	0.033	0.001
0.14	3.32	0.033	0
0.15	3.3	0.033	0
0.16	3.3	0.032	0
0.17	3.24	0.032	0
0.18	3.18	0.032	0
0.19	3.12	0.032	0
0.2	3.11	0.032	0
0.21	3.11	0.032	0
0.22	3.05	0.033	0
0.23	3.01	0.033	0
0.24	2.9	0.033	0
0.25	2.86	0.033	-0.001
0.26	2.74	0.034	0
0.27	2.7	0.034	0
0.28	2.75	0.034	0.002
0.29	2.81	0.034	0.002
0.3	2.81	0.034	0.001
0.31	2.88	0.033	0.001
0.32	3.03	0.033	0.001
0.33	3.06	0.033	0.001
0.34	3.14	0.034	0.001
0.35	3.14	0.034	0.001
0.36	3.07	0.035	0.001
0.37	3	0.036	0
0.38	2.94	0.037	0
0.39	2.79	0.039	0
0.4	2.74	0.041	0
0.41	2.69	0.046	0
0.42	2.68	0.049	0
0.43	2.68	0.053	0
0.44	2.68	0.058	0
0.45	2.71	0.063	0
0.46	2.75	0.074	0
0.47	2.82	0.078	0
0.48	2.83	0.085	0
0.49	2.83	0.092	-0.001
0.5	2.9	0.098	-0.001
0.51	3	0.11	-0.001
0.52	3.03	0.114	-0.001
0.53	2.95	0.118	-0.001
0.54	2.89	0.123	0
0.55	2.84	0.125	0
0.56	2.86	0.127	0.001
0.57	2.87	0.124	0.001
0.58	2.89	0.123	0.001
0.59	2.85	0.122	0.001
0.6	2.71	0.122	0.001
0.61	2.62	0.123	0
0.62	2.6	0.124	0
0.63	2.57	0.126	0.003
0.64	2.45	0.128	0.006
0.65	2.4	0.13	0.004
0.66	2.35	0.133	0.003
0.67	2.36	0.14	0.002
0.68	2.38	0.142	0.002
0.69	2.45	0.145	0.002
0.7	2.55	0.146	0.002
0.71	2.61	0.146	0.002
0.72	2.65	0.146	0.002
0.73	2.68	0.148	0.001
0.74	2.73	0.148	0.001
0.75	2.81	0.148	0.001
0.76	2.88	0.146	0.001
0.77	2.94	0.142	0.001
0.78	3.01	0.138	0.001
0.79	3	0.136	0.001
0.8	2.97	0.134	0.001
0.81	2.91	0.134	0
0.82	2.74	0.134	0
0.83	2.66	0.136	0
0.84	2.61	0.139	0
0.85	2.57	0.141	0
0.86	2.55	0.143	0
0.87	2.55	0.144	0
0.88	2.55	0.145	0
0.89	2.57	0.147	0
0.9	2.62	0.147	0
0.91	2.61	0.147	0
0.92	2.6	0.142	0
0.93	2.6	0.137	0
0.94	2.59	0.136	0
0.95	2.51	0.134	0
0.96	2.45	0.131	-0.001
0.97	2.4	0.13	-0.001
0.98	2.33	0.131	-0.002
0.99	2.3	0.129	-0.002
1	2.27	0.126	-0.002
1.01	2.28	0.125	-0.002
1.02	2.25	0.122	-0.002
1.03	2.2	0.119	0
1.04	2.17	0.115	0
1.05	2.18	0.114	0.001
1.06	2.18	0.114	0.002
1.07	2.25	0.112	0.003
1.08	2.36	0.112	0.003
1.09	2.46	0.113	0
1.1	2.54	0.113	-0.001
1.11	2.6	0.114	-0.005
1.12	2.76	0.115	-0.006
1.13	2.8	0.116	-0.026
1.14	2.8	0.119	-0.028
1.15	2.81	0.12	-0.031
1.16	2.86	0.12	-0.031
1.17	2.87	0.119	-0.031
1.18	2.88	0.117	-0.031
1.19	2.9	0.117	-0.031
1.2	2.95	0.117	-0.031
1.21	3.02	0.116	-0.024
1.22	3.02	0.115	-0.017
1.23	3.01	0.113	-0.011
1.24	2.95	0.111	-0.014
1.25	2.75	0.109	-0.013
1.26	2.58	0.105	-0.016
1.27	2.47	0.101	-0.017
1.28	2.39	0.095	-0.019
1.29	2.3	0.092	-0.021
1.3	2.09	0.09	-0.023
1.31	1.98	0.088	-0.028
1.32	1.87	0.087	-0.024
1.33	1.76	0.082	-0.019
1.34	1.63	0.08	-0.018
1.35	1.54	0.078	-0.014
1.36	1.48	0.076	-0.013
1.37	1.42	0.07	-0.011
1.38	1.41	0.068	-0.002
1.39	1.41	0.066	0.003
1.4	1.41	0.065	0.007
1.41	1.44	0.065	0.005
1.42	1.46	0.065	0.005
1.43	1.51	0.065	0.005
1.44	1.53	0.065	0.005
1.45	1.56	0.065	0.006
1.46	1.6	0.065	0.006
1.47	1.6	0.065	0.006
1.48	1.56	0.065	0.006
1.49	1.46	0.067	0.006
1.5	1.45	0.07	0.006
1.51	1.43	0.073	0.009
1.52	1.4	0.074	0.011
1.53	1.39	0.07	0.009
1.54	1.37	0.068	0.008
1.55	1.34	0.066	0.007
1.56	1.31	0.066	0.006
1.57	1.25	0.065	0.005
1.58	1.21	0.063	0.006
1.59	1.17	0.063	-0.011
1.6	1.12	0.062	-0.008
1.61	1.12	0.061	-0.006
1.62	1.13	0.06	-0.007
1.63	1.15	0.061	-0.016
1.64	1.13	0.061	-0.021
1.65	1.09	0.061	-0.03
1.66	1.05	0.06	-0.03
1.67	1.07	0.058	-0.029
1.68	1.08	0.057	-0.029
1.69	1.12	0.057	-0.028
1.7	1.18	0.057	-0.027
1.71	1.27	0.057	-0.026
1.72	1.48	0.057	-0.026
1.73	1.57	0.058	-0.025
1.74	1.64	0.059	-0.03
1.75	1.66	0.059	-0.035
1.76	1.66	0.059	-0.043
1.77	1.61	0.059	-0.043
1.78	1.44	0.06	-0.045
1.79	1.37	0.06	-0.051
1.8	1.3	0.06	-0.051
1.81	1.23	0.06	-0.051
1.82	1.19	0.061	-0.051
1.83	1.21	0.063	-0.052
1.84	1.19	0.062	-0.052
1.85	1.17	0.06	-0.052
1.86	1.11	0.058	-0.053
1.87	1.06	0.056	-0.055
1.88	1.02	0.054	-0.06
1.89	0.98	0.052	-0.062
1.9	0.95	0.048	-0.064
1.91	0.88	0.046	-0.064
1.92	0.85	0.045	-0.064
1.93	0.82	0.043	-0.064
1.94	0.8	0.039	-0.064
1.95	0.78	0.037	-0.064
1.96	0.75	0.036	-0.064
1.97	0.75	0.036	-0.064
1.98	0.76	0.037	-0.064
1.99	0.78	0.039	-0.063
2	0.82	0.039	-0.063
2.01	0.9	0.039	-0.063
2.02	1.11	0.041	-0.062
2.03	1.48	0.042	-0.061
2.04	3.08	0.045	-0.06
2.05	4.18	0.047	-0.059
2.06	5.23	0.049	-0.059
2.07	6.12	0.05	-0.058
2.08	6.83	0.052	-0.061
2.09	7.39	0.055	-0.068
2.1	7.81	0.056	-0.069
2.11	8.15	0.056	-0.07
2.12	8.44	0.056	-0.071
2.13	8.7	0.056	-0.072
2.14	8.96	0.056	-0.072
2.15	9.27	0.057	-0.073
2.16	9.58	0.057	-0.073
2.17	10.21	0.056	-0.073
2.18	10.41	0.055	-0.074
2.19	10.6	0.053	-0.074
2.2	10.75	0.052	-0.078
2.21	10.9	0.052	-0.079
2.22	11.01	0.052	-0.079
2.23	11.05	0.052	-0.079
2.24	11.02	0.053	-0.079
2.25	10.9	0.053	-0.079
2.26	10.72	0.054	-0.079
2.27	10.57	0.054	-0.079
2.28	10.38	0.054	-0.079
2.29	10.14	0.055	-0.079
2.3	9.9	0.055	-0.079
2.31	9.65	0.054	-0.079
2.32	9.15	0.054	-0.079
2.33	9.15	0.053	-0.08
2.34	8.91	0.053	-0.08
2.35	8.62	0.053	-0.08
2.36	8.53	0.054	-0.08
2.37	8.52	0.055	-0.08
2.38	8.53	0.056	-0.08
2.39	8.53	0.056	-0.08
2.4	8.53	0.056	-0.08
2.41	8.48	0.052	-0.08
2.42	8.4	0.045	-0.08
2.43	8.31	0.042	-0.08
2.44	8.24	0.041	-0.08
2.45	8.17	0.039	-0.08
2.46	8.13	0.039	-0.08
2.47	8.08	0.037	-0.08
2.48	8.05	0.037	-0.08
2.49	7.93	0.036	-0.08
2.5	7.79	0.036	-0.08
2.51	7.73	0.036	-0.08
2.52	7.7	0.036	-0.08
2.53	7.68	0.035	-0.08
2.54	7.7	0.035	-0.08
2.55	7.71	0.033	-0.08
2.56	7.76	0.032	-0.08
2.57	7.83	0.032	-0.08
2.58	7.87	0.032	-0.08
2.59	7.88	0.032	-0.08
2.6	7.81	0.033	-0.08
2.61	7.68	0.034	-0.077
2.62	6.92	0.034	-0.075
2.63	6.79	0.035	-0.075
2.64	6.63	0.036	-0.075
2.65	6.43	0.036	-0.075
2.66	5.92	0.036	-0.075
2.67	5.65	0.036	-0.075
2.68	5.4	0.036	-0.075
2.69	5.19	0.036	-0.075
2.7	4.97	0.035	-0.075
2.71	4.81	0.035	-0.075
2.72	4.64	0.035	-0.075
2.73	4.5	0.035	-0.075
2.74	4.4	0.035	-0.075
2.75	4.3	0.034	-0.075
2.76	4.24	0.034	-0.074
2.77	4.18	0.032	-0.074
2.78	4.14	0.031	-0.074
2.79	4.13	0.03	-0.074
2.8	4.05	0.028	-0.074
2.81	4.04	0.027	-0.074
2.82	3.99	0.027	-0.074
2.83	3.94	0.027	-0.074
2.84	3.9	0.026	-0.074
2.85	3.85	0.026	-0.074
2.86	3.82	0.025	-0.074
2.87	3.77	0.025	-0.074
2.88	3.74	0.025	-0.074
2.89	3.71	0.026	-0.074
2.9	3.66	0.027	-0.073
2.91	3.65	0.029	-0.073
2.92	3.69	0.029	-0.073
2.93	3.72	0.028	-0.073
2.94	3.89	0.027	-0.073
2.95	4.17	0.026	-0.073
2.96	4.54	0.024	-0.073
2.97	4.93	0.021	-0.073
2.98	5.28	0.019	-0.073
2.99	5.5	0.019	-0.072
3	5.36	0.019	-0.073
3.01	5.19	0.02	-0.074
3.02	5.07	0.021	-0.074
3.03	4.94	0.021	-0.074
3.04	4.73	0.02	-0.074
3.05	4.67	0.019	-0.074
3.06	4.61	0.018	-0.074
3.07	4.54	0.016	-0.074
3.08	4.4	0.016	-0.074
3.09	3.96	0.016	-0.074
3.1	3.67	0.016	-0.075
3.11	3.37	0.018	-0.075
3.12	3.08	0.02	-0.075
3.13	2.77	0.022	-0.075
3.14	2.5	0.022	-0.075
3.15	2.05	0.022	-0.075
3.16	1.87	0.023	-0.075
3.17	1.7	0.023	-0.075
3.18	1.58	0.024	-0.075
3.19	1.47	0.024	-0.075
3.2	1.29	0.024	-0.075
3.21	1.2	0.024	-0.075
3.22	1.12	0.024	-0.075
3.23	1.05	0.024	-0.075
3.24	1	0.024	-0.075
3.25	1	0.024	-0.075
3.26	1.01	0.024	-0.075
3.27	1	0.023	-0.075
3.28	0.99	0.023	-0.075
3.29	0.98	0.023	-0.075
3.3	0.96	0.022	-0.074
3.31	0.93	0.019	-0.074
3.32	0.86	0.019	-0.075
3.33	0.82	0.018	-0.075
3.34	0.76	0.017	-0.075
3.35	0.71	0.016	-0.075
3.36	0.68	0.015	-0.075
3.37	0.62	0.014	-0.074
3.38	0.59	0.014	-0.074
3.39	0.57	0.014	-0.074
3.4	0.55	0.015	-0.074
3.41	0.54	0.016	-0.074
3.42	0.54	0.016	-0.074
3.43	0.54	0.017	-0.074
3.44	0.54	0.017	-0.074
3.45	0.54	0.018	-0.074
3.46	0.54	0.018	-0.074
3.47	0.56	0.018	-0.074
3.48	0.58	0.019	-0.073
3.49	0.59	0.02	-0.073
3.5	0.6	0.021	-0.073
3.51	0.6	0.021	-0.073
3.52	0.6	0.02	-0.073
3.53	0.59	0.02	-0.073
3.54	0.58	0.019	-0.073
3.55	0.58	0.019	-0.073
3.56	0.56	0.018	-0.073
3.57	0.55	0.018	-0.072
3.58	0.54	0.018	-0.072
3.59	0.54	0.018	-0.072
3.6	0.54	0.018	-0.07
3.61	0.54	0.018	-0.068
3.62	0.55	0.018	-0.068
3.63	0.57	0.018	-0.067
3.64	0.58	0.018	-0.067
3.65	0.6	0.019	-0.067
3.66	0.62	0.019	-0.067
3.67	0.62	0.019	-0.067
3.68	0.62	0.019	-0.066
3.69	0.59	0.018	-0.066
3.7	0.58	0.017	-0.066
3.71	0.57	0.017	-0.066
3.72	0.56	0.016	-0.066
3.73	0.53	0.016	-0.066
3.74	0.52	0.017	-0.066
3.75	0.52	0.017	-0.065
3.76	0.53	0.018	-0.065
3.77	0.54	0.018	-0.065
3.78	0.57	0.018	-0.065
3.79	0.6	0.019	-0.064
3.8	0.62	0.02	-0.064
3.81	0.64	0.02	-0.064
3.82	0.68	0.021	-0.064
3.83	0.7	0.022	-0.063
3.84	0.72	0.023	-0.063
3.85	0.73	0.023	-0.063
3.86	0.74	0.023	-0.063
3.87	0.72	0.023	-0.063
3.88	0.71	0.024	-0.063
3.89	0.7	0.024	-0.063
3.9	0.7	0.024	-0.063
3.91	0.69	0.024	-0.062
3.92	0.69	0.024	-0.062
3.93	0.7	0.024	-0.062
3.94	0.7	0.024	-0.062
3.95	0.71	0.024	-0.062
3.96	0.72	0.024	-0.062
3.97	0.72	0.025	-0.062
3.98	0.75	0.025	-0.061
3.99	0.79	0.025	-0.061
4	0.85	0.027	-0.06
4.01	0.89	0.026	-0.06
4.02	0.91	0.026	-0.06
4.03	0.91	0.026	-0.06
4.04	0.89	0.025	-0.06
4.05	0.87	0.025	-0.06
4.06	0.84	0.025	-0.06
4.07	0.84	0.025	-0.06
4.08	0.78	0.026	-0.06
4.09	0.76	0.026	-0.06
4.1	0.76	0.026	-0.06
4.11	0.78	0.026	-0.06
4.12	0.8	0.025	-0.06
4.13	0.84	0.024	-0.06
4.14	0.84	0.024	-0.06
4.15	0.86	0.024	-0.059
4.16	0.85	0.024	-0.059
4.17	0.85	0.024	-0.059
4.18	0.84	0.023	-0.059
4.19	0.82	0.021	-0.059
4.2	0.82	0.021	-0.059
4.21	0.82	0.021	-0.059
4.22	0.77	0.021	-0.059
4.23	0.73	0.021	-0.059
4.24	0.73	0.02	-0.059
4.25	0.7	0.02	-0.059
4.26	0.7	0.02	-0.059
4.27	0.71	0.02	-0.059
4.28	0.72	0.02	-0.059
4.29	0.77	0.02	-0.059
4.3	0.77	0.02	-0.058
4.31	0.8	0.02	-0.058
4.32	0.84	0.019	-0.058
4.33	0.84	0.019	-0.058
4.34	0.84	0.019	-0.058
4.35	0.8	0.019	-0.058
4.36	0.8	0.019	-0.058
4.37	0.82	0.021	-0.058
4.38	0.83	0.022	-0.057
4.39	0.83	0.022	-0.057
4.4	0.9	0.023	-0.057
4.41	0.9	0.024	-0.057
4.42	0.96	0.024	-0.056
4.43	1.01	0.025	-0.056
4.44	1.01	0.026	-0.056
4.45	1.04	0.027	-0.056
4.46	1.05	0.027	-0.056
4.47	1.05	0.027	-0.056
4.48	1.06	0.028	-0.056
4.49	1.07	0.029	-0.056
4.5	1.11	0.031	-0.056
4.51	1.11	0.033	-0.055
4.52	1.14	0.034	-0.055
4.53	1.14	0.03	-0.055
4.54	1.17	0.028	-0.055
4.55	1.25	0.027	-0.055
4.56	1.33	0.026	-0.055
4.57	1.43	0.027	-0.054
4.58	1.52	0.028	-0.054
4.59	1.6	0.029	-0.054
4.6	1.64	0.03	-0.049
4.61	1.68	0.031	-0.044
4.62	1.72	0.031	-0.044
4.63	1.76	0.034	-0.046
4.64	1.8	0.035	-0.049
4.65	1.92	0.036	-0.052
4.66	2	0.036	-0.055
4.67	2.08	0.037	-0.056
4.68	2.15	0.036	-0.057
4.69	2.34	0.035	-0.058
4.7	2.47	0.032	-0.062
4.71	2.61	0.031	-0.063
4.72	2.76	0.027	-0.065
4.73	3	0.025	-0.067
4.74	3.08	0.024	-0.068
4.75	3.12	0.024	-0.069
4.76	3.11	0.022	-0.069
4.77	3.08	0.022	-0.069
4.78	3.03	0.022	-0.069
4.79	3.01	0.023	-0.069
4.8	2.97	0.025	-0.069
4.81	2.93	0.028	-0.069
4.82	3.01	0.03	-0.069
4.83	3.08	0.032	-0.069
4.84	3.46	0.031	-0.069
4.85	4	0.03	-0.068
4.86	4.64	0.03	-0.068
4.87	5.35	0.027	-0.068
4.88	6.61	0.026	-0.068
4.89	7.12	0.026	-0.068
4.9	7.58	0.027	-0.068
4.91	7.96	0.028	-0.068
4.92	8.23	0.03	-0.068
4.93	8.42	0.031	-0.068
4.94	8.48	0.035	-0.068
4.95	8.39	0.037	-0.068
4.96	8.24	0.04	-0.068
4.97	8.06	0.042	-0.068
4.98	7.85	0.044	-0.068
4.99	7.43	0.046	-0.068
5	7.24	0.049	-0.068
5.01	7.1	0.05	-0.068
5.02	7.06	0.049	-0.067
5.03	7.09	0.049	-0.067
5.04	7.11	0.048	-0.067
5.05	7.26	0.047	-0.067
5.06	7.63	0.046	-0.067
5.07	7.9	0.044	-0.066
5.08	8.18	0.043	-0.066
5.09	8.51	0.043	-0.066
5.1	8.74	0.044	-0.066
5.11	8.95	0.044	-0.066
5.12	9.15	0.044	-0.066
5.13	9.27	0.045	-0.066
5.14	9.47	0.045	-0.066
5.15	9.48	0.047	-0.066
5.16	9.49	0.047	-0.066
5.17	9.49	0.047	-0.066
5.18	9.55	0.047	-0.066
5.19	9.64	0.047	-0.066
5.2	9.71	0.047	-0.065
5.21	9.74	0.046	-0.065
5.22	9.72	0.046	-0.065
5.23	9.63	0.046	-0.065
5.24	9.52	0.046	-0.065
5.25	9.36	0.047	-0.065
5.26	9.17	0.049	-0.065
5.27	8.95	0.05	-0.065
5.28	8.72	0.051	-0.065
5.29	8.46	0.054	-0.065
5.3	8.18	0.055	-0.065
5.31	7.78	0.058	-0.065
5.32	7.16	0.059	-0.065
5.33	5.84	0.06	-0.065
5.34	5.26	0.061	-0.065
5.35	4.69	0.061	-0.065
5.36	4.21	0.061	-0.065
5.37	3.95	0.06	-0.065
5.38	3.9	0.054	-0.065
5.39	3.93	0.05	-0.065
5.4	3.96	0.047	-0.064
5.41	4.09	0.044	-0.064
5.42	4.14	0.043	-0.064
5.43	4.11	0.042	-0.064
5.44	4.03	0.042	-0.064
5.45	3.81	0.042	-0.064
5.46	3.79	0.042	-0.063
5.47	3.78	0.042	-0.063
5.48	3.74	0.045	-0.063
5.49	3.69	0.047	-0.063
5.5	3.65	0.048	-0.064
5.51	3.57	0.047	-0.064
5.52	3.49	0.046	-0.064
5.53	3.44	0.04	-0.065
5.54	3.49	0.033	-0.065
5.55	3.55	0.029	-0.066
5.56	4.03	0.025	-0.067
5.57	4.08	0.025	-0.068
5.58	3.99	0.025	-0.069
5.59	3.83	0.024	-0.071
5.6	3.75	0.024	-0.07
5.61	3.28	0.024	-0.069
5.62	3.25	0.024	-0.069
5.63	3.11	0.027	-0.069
5.64	2.92	0.03	-0.069
5.65	2.69	0.032	-0.069
5.66	2.3	0.032	-0.069
5.67	2.06	0.032	-0.069
5.68	1.85	0.028	-0.069
5.69	1.7	0.027	-0.069
5.7	1.54	0.027	-0.07
5.71	1.46	0.026	-0.07
5.72	1.31	0.025	-0.07
5.73	1.27	0.025	-0.07
5.74	1.22	0.025	-0.07
5.75	1.2	0.025	-0.07
5.76	1.21	0.025	-0.069
5.77	1.22	0.025	-0.069
5.78	1.29	0.027	-0.069
5.79	1.49	0.029	-0.069
5.8	1.61	0.029	-0.069
5.81	1.72	0.03	-0.069
5.82	2.08	0.031	-0.068
5.83	2.58	0.03	-0.068
5.84	3.2	0.028	-0.068
5.85	3.81	0.029	-0.068
5.86	4.62	0.029	-0.069
5.87	4.81	0.03	-0.07
5.88	5.04	0.032	-0.071
5.89	5.22	0.032	-0.071
5.9	5.52	0.032	-0.071
5.91	5.67	0.032	-0.071
5.92	5.84	0.034	-0.071
5.93	6.04	0.035	-0.071
5.94	6.24	0.036	-0.071
5.95	6.61	0.037	-0.071
5.96	6.76	0.039	-0.071
5.97	6.91	0.039	-0.071
5.98	7.04	0.04	-0.071
5.99	7.33	0.041	-0.071
6	7.44	0.041	-0.071
6.01	7.58	0.042	-0.071
6.02	7.72	0.043	-0.071
6.03	7.89	0.044	-0.071
6.04	8.08	0.045	-0.071
6.05	8.3	0.047	-0.071
6.06	8.59	0.048	-0.071
6.07	9.23	0.049	-0.071
6.08	9.45	0.051	-0.071
6.09	9.54	0.053	-0.071
6.1	9.54	0.054	-0.071
6.11	9.56	0.056	-0.071
6.12	9.6	0.058	-0.07
6.13	9.66	0.059	-0.07
6.14	9.61	0.06	-0.07
6.15	9.63	0.061	-0.07
6.16	9.66	0.062	-0.07
6.17	9.7	0.063	-0.07
6.18	9.85	0.066	-0.07
6.19	9.95	0.067	-0.07
6.2	10.09	0.068	-0.07
6.21	10.27	0.068	-0.07
6.22	10.46	0.068	-0.07
6.23	10.76	0.068	-0.069
6.24	11.12	0.068	-0.069
6.25	11.75	0.068	-0.069
6.26	11.98	0.068	-0.069
6.27	12.18	0.068	-0.069
6.28	12.34	0.069	-0.069
6.29	12.48	0.07	-0.069
6.3	12.71	0.07	-0.069
6.31	12.81	0.072	-0.069
6.32	12.9	0.072	-0.069
6.33	12.96	0.072	-0.068
6.34	13.02	0.072	-0.068
6.35	13.07	0.071	-0.068
6.36	13.15	0.071	-0.068
6.37	13.17	0.072	-0.068
6.38	13.16	0.072	-0.068
6.39	13.16	0.072	-0.068
6.4	13.13	0.072	-0.067
6.41	13.12	0.072	-0.067
6.42	13.04	0.071	-0.067
6.43	12.96	0.071	-0.067
6.44	12.87	0.071	-0.067
6.45	12.77	0.071	-0.067
6.46	12.67	0.072	-0.067
6.47	12.52	0.072	-0.067
6.48	12.28	0.071	-0.067
6.49	12.13	0.071	-0.067
6.5	12	0.07	-0.067
6.51	11.89	0.07	-0.067
6.52	11.76	0.07	-0.067
6.53	11.61	0.069	-0.066
6.54	11.52	0.069	-0.066
6.55	11.35	0.059	-0.066
6.56	11.33	0.059	-0.066
6.57	11.32	0.059	-0.066
6.58	11.32	0.058	-0.066
6.59	11.34	0.058	-0.066
6.6	11.39	0.058	-0.066
6.61	11.55	0.058	-0.066
6.62	11.46	0.059	-0.061
6.63	11.36	0.059	-0.061
6.64	11.39	0.06	-0.061
6.65	11.26	0.06	-0.061
6.66	11.12	0.059	-0.061
6.67	10.71	0.059	-0.061
6.68	10.49	0.059	-0.061
6.69	10.22	0.059	-0.061
6.7	9.97	0.059	-0.061
6.71	9.43	0.061	-0.06
6.72	9.14	0.062	-0.06
6.73	8.69	0.063	-0.061
6.74	8.17	0.064	-0.061
6.75	7.61	0.07	-0.061
6.76	6.9	0.074	-0.061
6.77	6.3	0.079	-0.061
6.78	5.68	0.082	-0.061
6.79	5.18	0.086	-0.061
6.8	4.67	0.088	-0.061
6.81	4.19	0.087	-0.061
6.82	3.42	0.086	-0.061
6.83	3.25	0.08	-0.061
6.84	3.3	0.076	-0.061
6.85	3.35	0.073	-0.061
6.86	3.59	0.069	-0.06
6.87	4.36	0.064	-0.055
6.88	5.07	0.058	-0.055
6.89	5.94	0.053	-0.055
6.9	6.63	0.053	-0.058
6.91	6.99	0.056	-0.061
6.92	7.08	0.06	-0.063
6.93	7.13	0.064	-0.065
6.94	7.24	0.063	-0.065
6.95	7.3	0.063	-0.065
6.96	7.5	0.063	-0.065
6.97	7.96	0.064	-0.065
6.98	8.65	0.064	-0.065
6.99	9.37	0.064	-0.064
7	10.04	0.064	-0.064
7.01	11.32	0.062	-0.066
7.02	12.2	0.059	-0.066
7.03	13.02	0.058	-0.066
7.04	13.73	0.058	-0.066
7.05	14.28	0.058	-0.067
7.06	14.75	0.059	-0.068
7.07	15.06	0.061	-0.068
7.08	15.29	0.063	-0.068
7.09	15.47	0.065	-0.068
7.1	15.59	0.067	-0.067
7.11	15.84	0.069	-0.067
7.12	15.96	0.071	-0.067
7.13	16.05	0.075	-0.067
7.14	16.13	0.076	-0.067
7.15	16.18	0.077	-0.067
7.16	16.23	0.078	-0.067
7.17	16.28	0.079	-0.067
7.18	16.28	0.081	-0.066
7.19	16.24	0.082	-0.066
7.2	16.2	0.083	-0.066
7.21	16.19	0.084	-0.066
7.22	16.14	0.085	-0.066
7.23	16.1	0.085	-0.066
7.24	16.09	0.085	-0.066
7.25	16.1	0.086	-0.066
7.26	16.12	0.087	-0.065
7.27	16.11	0.088	-0.065
7.28	16.13	0.089	-0.065
7.29	16.12	0.09	-0.065
7.3	16.12	0.091	-0.065
7.31	16.14	0.093	-0.065
7.32	16.16	0.094	-0.065
7.33	16.22	0.094	-0.064
7.34	16.31	0.094	-0.064
7.35	16.41	0.096	-0.064
7.36	16.56	0.096	-0.064
7.37	16.72	0.097	-0.064
7.38	17.09	0.097	-0.064
7.39	17.36	0.097	-0.064
7.4	17.6	0.097	-0.063
7.41	17.88	0.098	-0.063
7.42	18.09	0.099	-0.063
7.43	18.31	0.098	-0.063
7.44	18.49	0.099	-0.063
7.45	18.59	0.1	-0.063
7.46	18.7	0.101	-0.062
7.47	18.77	0.101	-0.062
7.48	18.85	0.101	-0.062
7.49	18.91	0.102	-0.062
7.5	18.93	0.102	-0.062
7.51	19	0.102	-0.062
7.52	19.07	0.102	-0.061
7.53	19.13	0.1	-0.061
7.54	19.25	0.081	-0.061
7.55	19.27	0.081	-0.061
7.56	19.26	0.081	-0.061
7.57	19.24	0.083	-0.061
7.58	19.22	0.085	-0.06
7.59	19.08	0.086	-0.06
7.6	18.97	0.088	-0.06
7.61	18.45	0.089	-0.057
7.62	17.94	0.091	-0.057
7.63	18.03	0.092	-0.057
7.64	17.91	0.092	-0.057
7.65	17.67	0.092	-0.057
7.66	17.59	0.091	-0.056
7.67	17.5	0.091	-0.056
7.68	17.46	0.091	-0.056
7.69	17.48	0.091	-0.056
7.7	17.5	0.091	-0.056
7.71	17.61	0.091	-0.056
7.72	17.74	0.091	-0.056
7.73	17.78	0.091	-0.056
7.74	17.76	0.09	-0.055
7.75	17.65	0.09	-0.055
7.76	17.59	0.09	-0.055
7.77	17.35	0.09	-0.055
7.78	17.24	0.09	-0.055
7.79	17.12	0.09	-0.055
7.8	17.04	0.09	-0.055
7.81	16.91	0.09	-0.055
7.82	16.8	0.09	-0.055
7.83	16.71	0.089	-0.055
7.84	16.6	0.088	-0.054
7.85	16.51	0.088	-0.054
7.86	16.48	0.088	-0.054
7.87	16.46	0.088	-0.054
7.88	16.46	0.088	-0.054
7.89	16.44	0.087	-0.054
7.9	16.37	0.087	-0.054
7.91	16.28	0.087	-0.054
7.92	16.23	0.086	-0.053
7.93	16.16	0.086	-0.054
7.94	16.06	0.086	-0.054
7.95	15.91	0.086	-0.053
7.96	15.59	0.086	-0.053
7.97	15.39	0.084	-0.053
7.98	15.19	0.083	-0.053
7.99	15.02	0.08	-0.053
8	14.71	0.079	-0.053
8.01	14.55	0.079	-0.053
8.02	14.43	0.078	-0.053
8.03	14.29	0.074	-0.053
8.04	14.18	0.073	-0.053
8.05	13.98	0.071	-0.053
8.06	13.9	0.07	-0.053
8.07	13.83	0.072	-0.053
8.08	13.77	0.074	-0.053
8.09	13.64	0.074	-0.053
8.1	13.52	0.074	-0.053
8.11	13.33	0.073	-0.053
8.12	13.06	0.07	-0.053
8.13	12.7	0.07	-0.053
8.14	12.26	0.071	-0.053
8.15	11.35	0.071	-0.053
8.16	10.92	0.071	-0.053
8.17	10.52	0.071	-0.053
8.18	10.14	0.071	-0.053
8.19	9.67	0.07	-0.053
8.2	9.54	0.068	-0.053
8.21	9.46	0.066	-0.053
8.22	9.4	0.063	-0.053
8.23	9.36	0.062	-0.053
8.24	9.35	0.06	-0.053
8.25	9.34	0.059	-0.053
8.26	9.33	0.059	-0.053
8.27	9.26	0.059	-0.053
8.28	9.15	0.06	-0.053
8.29	9.04	0.06	-0.053
8.3	8.89	0.06	-0.053
8.31	8.75	0.06	-0.053
8.32	8.6	0.061	-0.053
8.33	8.21	0.062	-0.053
8.34	7.97	0.062	-0.053
8.35	7.71	0.063	-0.053
8.36	7.44	0.064	-0.053
8.37	7.16	0.064	-0.053
8.38	6.66	0.064	-0.053
8.39	6.45	0.065	-0.053
8.4	6.26	0.064	-0.053
8.41	6.1	0.063	-0.053
8.42	6	0.06	-0.053
8.43	6.02	0.057	-0.053
8.44	6.04	0.054	-0.053
8.45	6.11	0.052	-0.053
8.46	6.26	0.051	-0.053
8.47	6.41	0.05	-0.053
8.48	6.73	0.049	-0.054
8.49	6.98	0.048	-0.056
8.5	7.28	0.048	-0.056
8.51	7.59	0.048	-0.057
8.52	7.87	0.048	-0.057
8.53	8.15	0.048	-0.057
8.54	8.71	0.044	-0.057
8.55	8.94	0.043	-0.057
8.56	9.15	0.043	-0.057
8.57	9.32	0.043	-0.056
8.58	9.43	0.043	-0.056
8.59	9.52	0.043	-0.056
8.6	9.58	0.045	-0.056
8.61	9.48	0.046	-0.051
8.62	9.47	0.046	-0.051
8.63	9.49	0.046	-0.05
8.64	9.5	0.047	-0.05
8.65	9.62	0.047	-0.05
8.66	9.7	0.047	-0.049
8.67	9.81	0.047	-0.049
8.68	9.91	0.047	-0.049
8.69	10.02	0.047	-0.049
8.7	10.1	0.048	-0.049
8.71	10.18	0.048	-0.048
8.72	10.27	0.048	-0.048
8.73	10.3	0.049	-0.048
8.74	10.32	0.049	-0.048
8.75	10.34	0.05	-0.048
8.76	10.39	0.05	-0.048
8.77	10.4	0.05	-0.048
8.78	10.45	0.051	-0.047
8.79	10.5	0.051	-0.047
8.8	10.57	0.051	-0.047
8.81	10.66	0.052	-0.047
8.82	10.76	0.053	-0.046
8.83	11	0.054	-0.046
8.84	11.1	0.055	-0.046
8.85	11.16	0.055	-0.046
8.86	11.16	0.056	-0.046
8.87	11.14	0.059	-0.045
8.88	11.05	0.059	-0.045
8.89	10.91	0.06	-0.045
8.9	10.79	0.06	-0.045
8.91	10.66	0.06	-0.045
8.92	10.44	0.06	-0.045
8.93	10.37	0.06	-0.045
8.94	10.36	0.059	-0.045
8.95	10.39	0.059	-0.044
8.96	10.43	0.058	-0.044
8.97	10.49	0.059	-0.044
8.98	10.55	0.059	-0.044
8.99	10.61	0.06	-0.044
9	10.63	0.06	-0.043
9.01	10.62	0.059	-0.043
9.02	10.55	0.059	-0.043
9.03	10.24	0.059	-0.043
9.04	10.11	0.059	-0.043
9.05	10.03	0.059	-0.043
9.06	10.02	0.058	-0.043
9.07	10.05	0.058	-0.043
9.08	10.08	0.056	-0.042
9.09	10.11	0.051	-0.042
9.1	10.11	0.049	-0.042
9.11	10.07	0.047	-0.042
9.12	9.98	0.046	-0.042
9.13	9.91	0.046	-0.042
9.14	9.88	0.046	-0.042
9.15	9.85	0.046	-0.042
9.16	9.85	0.044	-0.041
9.17	9.86	0.043	-0.041
9.18	9.84	0.042	-0.041
9.19	9.8	0.042	-0.041
9.2	9.72	0.043	-0.041
9.21	9.6	0.043	-0.041
9.22	9.4	0.044	-0.041
9.23	9.13	0.046	-0.041
9.24	8.28	0.047	-0.041
9.25	7.62	0.05	-0.041
9.26	6.92	0.051	-0.041
9.27	6.27	0.052	-0.041
9.28	5.62	0.054	-0.041
9.29	5.08	0.055	-0.042
9.3	4.51	0.056	-0.042
9.31	4.05	0.058	-0.042
9.32	3.67	0.059	-0.042
9.33	3.32	0.058	-0.042
9.34	2.99	0.058	-0.042
9.35	2.71	0.056	-0.043
9.36	2.42	0.054	-0.042
9.37	2.18	0.05	-0.042
9.38	1.89	0.048	-0.042
9.39	1.65	0.046	-0.041
9.4	1.29	0.043	-0.04
9.41	1.12	0.04	-0.039
9.42	0.95	0.037	-0.038
9.43	0.85	0.033	-0.032
9.44	0.88	0.03	-0.031
9.45	0.9	0.026	-0.029
9.46	0.93	0.023	-0.028
9.47	0.95	0.02	-0.028
9.48	0.99	0.013	-0.026
9.49	1.02	0.013	-0.025
9.5	1.05	0.012	-0.024
9.51	1.08	0.012	-0.022
9.52	1.46	0.012	-0.018
9.53	1.86	0.013	-0.016
9.54	2.33	0.013	-0.013
9.55	2.77	0.014	-0.011
9.56	3.07	0.014	-0.02
9.57	3.21	0.015	-0.032
9.58	3.22	0.016	-0.034
9.59	3.21	0.02	-0.035
9.6	3.17	0.023	-0.033
9.61	3.03	0.027	-0.031
9.62	3.04	0.03	-0.032
9.63	2.97	0.03	-0.032
9.64	2.88	0.031	-0.033
9.65	2.86	0.032	-0.035
9.66	2.87	0.033	-0.038
9.67	2.88	0.034	-0.049
9.68	3	0.034	-0.059
9.69	3.13	0.034	-0.062
9.7	3.48	0.034	-0.063
9.71	3.65	0.033	-0.066
9.72	3.93	0.032	-0.072
9.73	4.16	0.031	-0.075
9.74	4.36	0.033	-0.075
9.75	4.5	0.033	-0.076
9.76	4.45	0.033	-0.076
9.77	4.39	0.031	-0.076
9.78	4.28	0.031	-0.075
9.79	4.06	0.031	-0.075
9.8	3.93	0.032	-0.075
9.81	4.13	0.034	-0.075
9.82	4.33	0.038	-0.074
9.83	4.88	0.038	-0.073
9.84	5.58	0.038	-0.073
9.85	6.44	0.036	-0.073
9.86	7.34	0.035	-0.072
9.87	8.09	0.035	-0.072
9.88	8.63	0.035	-0.072
9.89	9.2	0.037	-0.071
9.9	9.35	0.038	-0.071
9.91	9.48	0.038	-0.071
9.92	9.59	0.039	-0.071
9.93	9.72	0.041	-0.071
9.94	10.08	0.045	-0.071
9.95	10.29	0.047	-0.071
9.96	10.51	0.05	-0.071
9.97	10.72	0.052	-0.07
9.98	10.93	0.054	-0.07
9.99	11.14	0.056	-0.069
10	11.53	0.06	-0.069
10.01	11.7	0.062	-0.068
10.02	11.87	0.064	-0.067
10.03	12.01	0.067	-0.067
10.04	12.11	0.07	-0.067
10.05	12.17	0.072	-0.067
10.06	12.13	0.072	-0.067
10.07	12.1	0.073	-0.066
10.08	12.01	0.075	-0.066
10.09	11.9	0.076	-0.066
10.1	11.77	0.077	-0.066
10.11	11.51	0.078	-0.065
10.12	11.37	0.078	-0.065
10.13	11.19	0.078	-0.065
10.14	10.96	0.077	-0.065
10.15	10.71	0.075	-0.065
10.16	10.51	0.074	-0.064
10.17	10.48	0.073	-0.064
10.18	10.64	0.073	-0.064
10.19	10.8	0.073	-0.064
10.2	11.1	0.073	-0.063
10.21	11.45	0.072	-0.063
10.22	11.83	0.071	-0.063
10.23	12.26	0.071	-0.063
10.24	13.38	0.071	-0.062
10.25	14.01	0.071	-0.062
10.26	14.67	0.072	-0.061
10.27	15.29	0.073	-0.06
10.28	15.83	0.075	-0.06
10.29	16.31	0.076	-0.059
10.3	17.08	0.077	-0.059
10.31	17.38	0.081	-0.058
10.32	17.62	0.083	-0.058
10.33	17.77	0.084	-0.057
10.34	17.85	0.085	-0.057
10.35	17.86	0.085	-0.057
10.36	17.71	0.086	-0.056
10.37	17.55	0.086	-0.056
10.38	17.33	0.086	-0.056
10.39	17.05	0.087	-0.056
10.4	16.75	0.087	-0.056
10.41	16.44	0.087	-0.056
10.42	16.08	0.087	-0.055
10.43	15.35	0.087	-0.055
10.44	15.07	0.086	-0.055
10.45	14.84	0.085	-0.055
10.46	14.6	0.083	-0.055
10.47	14.43	0.083	-0.054
10.48	14.3	0.082	-0.054
10.49	14.35	0.081	-0.054
10.5	14.4	0.079	-0.053
10.51	14.48	0.079	-0.053
10.52	14.49	0.079	-0.053
10.53	14.49	0.079	-0.052
10.54	14.5	0.073	-0.052
10.55	14.51	0.072	-0.052
10.56	14.51	0.073	-0.052
10.57	14.51	0.073	-0.051
10.58	14.51	0.074	-0.051
10.59	14.53	0.075	-0.05
10.6	14.5	0.076	-0.05
10.61	14.14	0.077	-0.046
10.62	14.01	0.077	-0.046
10.63	13.88	0.078	-0.045
10.64	13.9	0.078	-0.045
10.65	13.85	0.078	-0.045
10.66	13.86	0.078	-0.044
10.67	13.82	0.078	-0.044
10.68	13.78	0.078	-0.044
10.69	13.72	0.077	-0.043
10.7	13.62	0.077	-0.043
10.71	13.53	0.076	-0.043
10.72	13.4	0.076	-0.043
10.73	13.34	0.076	-0.043
10.74	13.26	0.075	-0.042
10.75	13.17	0.074	-0.042
10.76	13.01	0.073	-0.042
10.77	12.92	0.072	-0.042
10.78	12.86	0.071	-0.041
10.79	12.82	0.07	-0.041
10.8	12.81	0.07	-0.041
10.81	12.82	0.07	-0.041
10.82	12.83	0.069	-0.04
10.83	12.9	0.069	-0.04
10.84	12.9	0.07	-0.039
10.85	12.94	0.07	-0.039
10.86	12.97	0.07	-0.039
10.87	12.97	0.071	-0.039
10.88	12.96	0.071	-0.038
10.89	12.89	0.073	-0.038
10.9	12.79	0.075	-0.038
10.91	12.71	0.076	-0.037
10.92	12.65	0.078	-0.037
10.93	12.56	0.08	-0.036
10.94	12.46	0.081	-0.036
10.95	12.36	0.082	-0.036
10.96	12.1	0.083	-0.036
10.97	11.98	0.083	-0.035
10.98	11.81	0.085	-0.035
10.99	11.71	0.085	-0.035
11	11.73	0.085	-0.034
11.01	11.74	0.085	-0.034
11.02	11.93	0.085	-0.033
11.03	12.22	0.085	-0.032
11.04	12.59	0.085	-0.032
11.05	13.53	0.085	-0.031
11.06	14.01	0.086	-0.03
11.07	14.45	0.087	-0.03
11.08	14.9	0.09	-0.03
11.09	15.6	0.092	-0.03
11.1	15.94	0.093	-0.029
11.11	16.23	0.094	-0.029
11.12	16.44	0.095	-0.029
11.13	16.65	0.097	-0.028
11.14	16.89	0.1	-0.028
11.15	16.95	0.104	-0.027
11.16	16.94	0.107	-0.027
11.17	16.84	0.11	-0.026
11.18	16.76	0.117	-0.026
11.19	16.4	0.119	-0.026
11.2	16.26	0.119	-0.026
11.21	16.07	0.118	-0.026
11.22	15.89	0.118	-0.026
11.23	15.69	0.116	-0.026
11.24	15.56	0.115	-0.025
11.25	15.45	0.112	-0.025
11.26	15.38	0.111	-0.025
11.27	15.43	0.11	-0.024
11.28	15.37	0.107	-0.024
11.29	15.29	0.105	-0.024
11.3	15.21	0.104	-0.024
11.31	15.13	0.104	-0.024
11.32	15.04	0.103	-0.024
11.33	14.98	0.103	-0.023
11.34	14.88	0.103	-0.023
11.35	14.82	0.102	-0.023
11.36	14.77	0.1	-0.023
11.37	14.68	0.098	-0.022
11.38	14.62	0.098	-0.022
11.39	14.48	0.098	-0.022
11.4	14.39	0.099	-0.022
11.41	14.36	0.1	-0.022
11.42	14.35	0.101	-0.021
11.43	14.43	0.101	-0.021
11.44	14.51	0.101	-0.021
11.45	14.66	0.101	-0.02
11.46	14.9	0.101	-0.02
11.47	15.21	0.101	-0.019
11.48	15.5	0.102	-0.018
11.49	15.95	0.102	-0.018
11.5	16.06	0.104	-0.017
11.51	16.14	0.105	-0.016
11.52	16.15	0.105	-0.016
11.53	16.15	0.102	-0.016
11.54	16.2	0.1	-0.016
11.55	16.28	0.092	-0.015
11.56	16.36	0.092	-0.015
11.57	16.48	0.092	-0.015
11.58	16.71	0.092	-0.014
11.59	16.81	0.094	-0.014
11.6	16.88	0.095	-0.014
11.61	16.62	0.097	-0.014
11.62	16.59	0.099	-0.013
11.63	16.59	0.1	-0.013
11.64	16.59	0.1	-0.012
11.65	16.64	0.102	-0.011
11.66	16.71	0.103	-0.01
11.67	16.65	0.108	-0.01
11.68	16.58	0.112	-0.01
11.69	16.49	0.116	-0.009
11.7	16.42	0.119	-0.009
11.71	16.3	0.123	-0.008
11.72	16.17	0.125	-0.008
11.73	16.04	0.127	-0.008
11.74	15.83	0.127	-0.008
11.75	15.71	0.126	-0.008
11.76	15.69	0.126	-0.007
11.77	15.75	0.125	-0.007
11.78	15.82	0.124	-0.007
11.79	16.02	0.123	-0.006
11.8	16.33	0.123	-0.005
11.81	16.69	0.123	-0.005
11.82	17.45	0.124	-0.004
11.83	17.72	0.124	-0.002
11.84	17.96	0.125	-0.002
11.85	18.17	0.127	-0.001
11.86	18.22	0.128	-0.001
11.87	18.26	0.129	0
11.88	18.31	0.131	0
11.89	18.5	0.133	0
11.9	18.63	0.132	0.001
11.91	18.77	0.132	0.002
11.92	18.93	0.131	0.003
11.93	19.1	0.13	0.004
11.94	19.37	0.129	0.004
11.95	19.67	0.128	0.005
11.96	20.28	0.127	0.006
11.97	20.61	0.127	0.007
11.98	20.9	0.127	0.008
11.99	21.17	0.127	0.009
12	21.38	0.127	0.011
12.01	21.45	0.128	0.011
12.02	21.56	0.129	0.011
12.03	21.59	0.13	0.011
12.04	21.62	0.131	0.013
12.05	21.55	0.133	0.013
12.06	21.22	0.136	0.013
12.07	20.93	0.136	0.013
12.08	20.61	0.137	0.012
12.09	20.27	0.137	0.012
12.1	19.97	0.137	0.011
12.11	19.65	0.137	0.011
12.12	19.32	0.136	0.01
12.13	18.81	0.135	0.011
12.14	18.58	0.133	0.01
12.15	18.47	0.131	0.01
12.16	18.29	0.123	0.01
12.17	18.2	0.122	0.01
12.18	18.12	0.122	0.01
12.19	18.08	0.121	0.01
12.2	18.18	0.119	0.01
12.21	18.27	0.119	0.01
12.22	18.47	0.12	0.011
12.23	18.85	0.121	0.013
12.24	19.4	0.123	0.014
12.25	20.12	0.125	0.017
12.26	21.03	0.129	0.02
12.27	21.88	0.132	0.022
12.28	23.27	0.136	0.025
12.29	23.27	0.143	0.028
12.3	24.39	0.149	0.031
12.31	24.86	0.153	0.033
12.32	25.15	0.161	0.022
12.33	25.47	0.165	0.01
12.34	25.7	0.173	0.001
12.35	25.85	0.18	-0.002
12.36	26.16	0.19	-0.004
12.37	26.2	0.19	-0.003
12.38	26.4	0.2	-0.003
12.39	26.45	0.204	-0.001
12.4	26.56	0.209	-0.001
12.41	26.59	0.213	0
12.42	26.73	0.218	0.001
12.43	26.87	0.22	0.001
12.44	26.89	0.224	0.001
12.45	26.9	0.225	0.002
12.46	26.94	0.225	0.002
12.47	26.94	0.225	0.002
12.48	26.95	0.226	0.003
12.49	26.97	0.226	0.005
12.5	27.07	0.226	0.005
12.51	27.07	0.225	0.006
12.52	27.07	0.225	0.008
12.53	27.04	0.217	0.007
12.54	26.88	0.209	0.006
12.55	26.84	0.209	0.006
12.56	26.6	0.21	0.006
12.57	26.44	0.209	0.006
12.58	26.28	0.209	0.006
12.59	26.18	0.209	0.005
12.6	25.99	0.209	0.014
12.61	25.47	0.208	0.022
12.62	24.94	0.207	0.023
12.63	24.9	0.205	0.023
12.64	24.96	0.205	0.024
12.65	24.89	0.206	0.023
12.66	24.76	0.206	0.021
12.67	24.4	0.208	0.02
12.68	24.16	0.208	0.02
12.69	23.9	0.208	0.02
12.7	23.27	0.207	0.019
12.71	22.97	0.207	0.018
12.72	22.54	0.207	0.017
12.73	21.66	0.206	0.017
12.74	21.16	0.206	0.016
12.75	20.84	0.204	0.015
12.76	20.42	0.198	0.014
12.77	19.86	0.194	0.014
12.78	19.67	0.191	0.014
12.79	19.49	0.188	0.014
12.8	19.41	0.184	0.014
12.81	19.45	0.181	0.014
12.82	19.49	0.179	0.015
12.83	20.15	0.176	0.015
12.84	20.48	0.171	0.017
12.85	20.78	0.169	0.018
12.86	20.97	0.167	0.019
12.87	21.14	0.165	0.02
12.88	21.16	0.164	0.021
12.89	21.26	0.163	0.021
12.9	21.34	0.163	0.021
12.91	21.37	0.163	0.021
12.92	21.38	0.162	0.021
12.93	21.33	0.161	0.021
12.94	21.3	0.159	0.022
12.95	21.22	0.159	0.022
12.96	21.22	0.159	0.022
12.97	21.22	0.159	0.022
12.98	21.21	0.159	0.022
12.99	21.19	0.159	0.023
13	21.09	0.158	0.023
13.01	21.07	0.157	0.023
13.02	21.03	0.156	0.023
13.03	21.03	0.155	0.024
13.04	21.04	0.155	0.024
13.05	21.02	0.153	0.025
13.06	21.02	0.153	0.025
13.07	21.03	0.153	0.026
13.08	21.07	0.153	0.027
13.09	21.09	0.152	0.027
13.1	21.11	0.152	0.027
13.11	21.28	0.152	0.027
13.12	21.4	0.152	0.027
13.13	21.61	0.152	0.027
13.14	21.89	0.154	0.028
13.15	22.06	0.153	0.03
13.16	22.21	0.153	0.032
13.17	22.39	0.154	0.033
13.18	22.68	0.155	0.034
13.19	22.74	0.157	0.037
13.2	22.82	0.16	0.039
13.21	23.06	0.162	0.039
13.22	23.12	0.168	0.039
13.23	23.17	0.172	0.039
13.24	23.23	0.174	0.04
13.25	23.36	0.179	0.039
13.26	23.34	0.18	0.039
13.27	23.39	0.18	0.039
13.28	23.41	0.181	0.04
13.29	23.52	0.186	0.04
13.3	23.69	0.186	0.041
13.31	23.72	0.188	0.04
13.32	23.74	0.189	0.041
13.33	23.68	0.19	0.042
13.34	23.52	0.19	0.042
13.35	23.35	0.192	0.041
13.36	23.06	0.193	0.041
13.37	23.05	0.193	0.041
13.38	23.19	0.193	0.041
13.39	23.33	0.193	0.041
13.4	23.49	0.191	0.043
13.41	23.65	0.19	0.044
13.42	23.76	0.189	0.045
13.43	23.81	0.189	0.047
13.44	23.83	0.189	0.047
13.45	23.86	0.189	0.047
13.46	23.85	0.194	0.048
13.47	23.78	0.197	0.048
13.48	23.73	0.198	0.047
13.49	23.68	0.197	0.047
13.5	23.63	0.197	0.047
13.51	23.63	0.197	0.047
13.52	23.52	0.197	0.047
13.53	23.45	0.195	0.048
13.54	23.33	0.193	0.048
13.55	23.25	0.186	0.049
13.56	23.05	0.182	0.049
13.57	22.52	0.179	0.048
13.58	22.15	0.179	0.045
13.59	21.7	0.179	0.043
13.6	20.74	0.176	0.043
13.61	18.44	0.175	0.037
13.62	18.57	0.174	0.036
13.63	18.15	0.174	0.035
13.64	17.82	0.17	0.033
13.65	17.42	0.166	0.033
13.66	16.56	0.161	0.032
13.67	16.2	0.157	0.03
13.68	15.81	0.153	0.029
13.69	15.57	0.146	0.029
13.7	15.22	0.143	0.029
13.71	15.14	0.139	0.028
13.72	15.16	0.135	0.028
13.73	15.17	0.132	0.029
13.74	15.23	0.128	0.029
13.75	15.22	0.127	0.029
13.76	15.1	0.125	0.029
13.77	14.91	0.123	0.03
13.78	14.7	0.121	0.029
13.79	14.48	0.121	0.029
13.8	14.24	0.121	0.029
13.81	13.85	0.12	0.029
13.82	13.7	0.12	0.028
13.83	13.56	0.119	0.028
13.84	13.42	0.117	0.028
13.85	13.18	0.115	0.028
13.86	13.05	0.114	0.028
13.87	12.96	0.113	0.028
13.88	12.88	0.112	0.028
13.89	12.78	0.109	0.028
13.9	12.72	0.108	0.028
13.91	12.71	0.106	0.028
13.92	12.71	0.104	0.028
13.93	12.72	0.101	0.028
13.94	12.74	0.1	0.029
13.95	12.81	0.099	0.029
13.96	12.84	0.097	0.03
13.97	12.87	0.096	0.03
13.98	12.89	0.096	0.03
13.99	13.1	0.096	0.031
14	13.28	0.096	0.031
14.01	13.47	0.097	0.031
14.02	13.7	0.098	0.033
14.03	13.96	0.099	0.034
14.04	14.13	0.101	0.035
14.05	14.43	0.103	0.036
14.06	14.52	0.107	0.037
14.07	14.57	0.109	0.038
14.08	14.69	0.11	0.039
14.09	14.87	0.11	0.04
14.1	15.55	0.111	0.04
14.11	16.14	0.112	0.045
14.12	16.89	0.114	0.048
14.13	17.85	0.122	0.052
14.14	19.81	0.127	0.057
14.15	20.56	0.132	0.066
14.16	21.14	0.139	0.067
14.17	21.54	0.145	0.069
14.18	21.79	0.16	0.072
14.19	21.98	0.169	0.073
14.2	21.86	0.178	0.073
14.21	21.79	0.185	0.073
14.22	21.55	0.191	0.073
14.23	21.4	0.198	0.071
14.24	20.97	0.2	0.07
14.25	20.69	0.201	0.069
14.26	20.4	0.201	0.069
14.27	20	0.2	0.067
14.28	19.52	0.198	0.066
14.29	19.52	0.197	0.064
14.3	19.18	0.197	0.064
14.31	19.15	0.196	0.062
14.32	19.17	0.189	0.062
14.33	19.18	0.188	0.062
14.34	19.61	0.189	0.063
14.35	20.06	0.189	0.063
14.36	20.65	0.19	0.069
14.37	21.44	0.191	0.073
14.38	22.34	0.195	0.077
14.39	23.96	0.198	0.082
14.4	24.58	0.202	0.087
14.41	25.02	0.205	0.088
14.42	25.5	0.213	0.086
14.43	25.88	0.217	0.086
14.44	26.72	0.222	0.087
14.45	26.98	0.225	0.088
14.46	27.27	0.235	0.087
14.47	27.52	0.237	0.085
14.48	28.02	0.238	0.08
14.49	28.24	0.239	0.078
14.5	28.38	0.241	0.075
14.51	28.62	0.247	0.075
14.52	28.94	0.248	0.074
14.53	29.02	0.249	0.074
14.54	29.16	0.239	0.072
14.55	29.27	0.229	0.071
14.56	29.36	0.224	0.072
14.57	29.49	0.224	0.071
14.58	29.47	0.224	0.07
14.59	29.5	0.224	0.069
14.6	29.38	0.224	0.068
14.61	29.32	0.224	0.069
14.62	28.57	0.224	0.07
14.63	27.82	0.224	0.071
14.64	27.92	0.222	0.072
14.65	27.77	0.22	0.069
14.66	27.49	0.216	0.068
14.67	27.22	0.215	0.068
14.68	26.96	0.212	0.067
14.69	26.82	0.211	0.066
14.7	26.62	0.21	0.065
14.71	26.29	0.207	0.064
14.72	26.04	0.205	0.063
14.73	25.85	0.203	0.062
14.74	25.71	0.2	0.061
14.75	25.52	0.198	0.061
14.76	25.32	0.195	0.061
14.77	25.1	0.193	0.062
14.78	24.89	0.19	0.06
14.79	24.62	0.187	0.06
14.8	24.1	0.185	0.06
14.81	23.9	0.184	0.061
14.82	23.63	0.181	0.06
14.83	23.32	0.178	0.06
14.84	22.97	0.178	0.061
14.85	22.58	0.179	0.06
14.86	22.2	0.183	0.06
14.87	21.28	0.183	0.06
14.88	20.81	0.183	0.06
14.89	20.31	0.177	0.059
14.9	19.65	0.171	0.058
14.91	18.73	0.165	0.058
14.92	16.78	0.162	0.065
14.93	14.51	0.161	0.072
14.94	12.59	0.162	0.068
14.95	11.08	0.163	0.06
14.96	10.07	0.168	0.052
14.97	9.07	0.167	0.048
14.98	8.08	0.165	0.042
14.99	7.09	0.156	0.041
15	6.18	0.145	0.038
15.01	5.33	0.137	0.035
15.02	3.91	0.127	0.031
15.03	3.41	0.117	0.031
15.04	2.96	0.109	0.03
15.05	2.55	0.092	0.031
15.06	2.13	0.083	0.031
15.07	1.55	0.076	0.035
15.08	1.39	0.07	0.051
15.09	1.29	0.057	0.053
15.1	1.24	0.052	0.093
15.11	1.19	0.047	0.291
15.12	1.2	0.042	0.305
15.13	1.21	0.036	0.43
15.14	1.23	0.025	0.421
15.15	1.24	0.02	0.452
15.16	1.01	0.016	0.455
15.17	0.97	0.012	0.484
15.18	0.9	0.012	0.468
15.19	0.86	0.011	0.457
15.2	0.78	0.012	0.456
15.21	0.77	0.012	0.458
15.22	0.76	0.012	0.46
15.23	0.76	0.011	0.462
15.24	0.76	0.011	0.465
15.25	0.76	0.012	0.465
15.26	0.76	0.012	0.472
15.27	0.76	0.012	0.471
15.28	0.81	0.013	0.476
15.29	0.87	0.015	0.487
15.3	0.94	0.016	0.502
15.31	1.06	0.018	0.499
15.32	1.38	0.017	0.507
15.33	2.11	0.019	0.511
15.34	4.93	0.02	0.456
15.35	6.55	0.023	0.254
15.36	7.93	0.034	0.202
15.37	9.07	0.041	0.125
15.38	10.54	0.049	0.076
15.39	11.06	0.055	0.071
15.4	11.53	0.06	0.072
15.41	12.01	0.067	0.073
15.42	12.44	0.073	0.077
15.43	13.18	0.078	0.083
15.44	13.51	0.085	0.098
15.45	13.83	0.091	0.097
15.46	14.11	0.101	0.096
15.47	14.92	0.105	0.09
15.48	15.43	0.109	0.087
15.49	16	0.111	0.089
15.5	16.6	0.12	0.091
15.51	17.21	0.12	0.097
15.52	18.34	0.126	0.096
15.53	18.77	0.129	0.065
15.54	19.09	0.133	0.047
15.55	19.31	0.138	0.042
15.56	19.53	0.15	0.044
15.57	19.68	0.155	0.046
15.58	19.63	0.159	0.095
15.59	19.74	0.162	0.092
15.6	19.84	0.165	0.092
15.61	19.88	0.169	0.092
15.62	19.85	0.171	0.093
15.63	19.84	0.175	0.093
15.64	19.85	0.177	0.094
15.65	19.85	0.178	0.092
15.66	19.89	0.178	0.091
15.67	19.87	0.18	0.089
15.68	19.81	0.181	0.087
15.69	19.77	0.183	0.087
15.7	19.65	0.184	0.085
15.71	19.54	0.184	0.086
15.72	19.47	0.184	0.086
15.73	19.37	0.183	0.085
15.74	19.29	0.182	0.085
15.75	19.18	0.178	0.084
15.76	19.03	0.176	0.083
15.77	18.91	0.174	0.082
15.78	18.74	0.173	0.082
15.79	18.53	0.172	0.08
15.8	18.27	0.169	0.079
15.81	18.01	0.167	0.074
15.82	17.22	0.164	0.071
15.83	16.83	0.161	0.07
15.84	16.45	0.16	0.069
15.85	16.12	0.157	0.07
15.86	15.81	0.155	0.07
15.87	15.68	0.15	0.071
15.88	15.68	0.139	0.074
15.89	15.73	0.135	0.08
15.9	15.77	0.131	0.08
15.91	15.85	0.129	0.077
15.92	15.84	0.129	0.066
15.93	15.85	0.129	0.046
15.94	15.63	0.129	0.033
15.95	15.43	0.128	0.028
15.96	15.16	0.128	0.027
15.97	14.96	0.127	0.027
15.98	14.77	0.124	0.028
15.99	14.56	0.122	0.03
16	14.33	0.12	0.032
16.01	13.82	0.121	0.033
16.02	13.45	0.12	0.035
16.03	12.94	0.119	0.038
16.04	12.3	0.118	0.039
16.05	11.54	0.118	0.039
16.06	10.85	0.117	0.039
16.07	10.12	0.115	0.039
16.08	8.59	0.115	0.04
16.09	7.87	0.111	0.043
16.1	7.13	0.108	0.046
16.11	6.41	0.103	0.048
16.12	5.78	0.099	0.052
16.13	5.23	0.096	0.057
16.14	4.46	0.09	0.066
16.15	4.16	0.074	0.076
16.16	3.88	0.066	0.099
16.17	3.64	0.058	0.119
16.18	3.42	0.049	0.13
16.19	3.2	0.042	0.15
16.2	2.98	0.036	0.154
16.21	2.55	0.031	0.16
16.22	2.33	0.022	0.162
16.23	2.17	0.017	0.183
16.24	2.03	0.013	0.206
16.25	1.88	0.011	0.228
16.26	1.74	0.008	0.24
16.27	1.47	0.008	0.267
16.28	1.34	0.007	0.306
16.29	1.22	0.007	0.327
16.3	1.13	0.007	0.326
16.31	1.04	0.007	0.337
16.32	0.98	0.007	0.36
16.33	1.01	0.008	0.367
16.34	1.04	0.008	0.382
16.35	1.49	0.011	0.4
16.36	1.76	0.012	0.42
16.37	1.95	0.013	0.409
16.38	2.02	0.012	0.346
16.39	2.04	0.01	0.307
16.4	2	0.009	0.278
16.41	1.94	0.009	0.286
16.42	1.69	0.009	0.294
16.43	1.57	0.009	0.32
16.44	1.46	0.009	0.319
16.45	1.37	0.009	0.329
16.46	1.33	0.01	0.338
16.47	1.33	0.009	0.338
16.48	1.31	0.008	0.347
16.49	1.22	0.008	0.348
16.5	1.12	0.008	0.356
16.51	1.03	0.008	0.366
16.52	0.87	0.008	0.464
16.53	0.81	0.008	0.492
16.54	0.8	0.008	0.555
16.55	0.8	0.009	0.556
16.56	0.8	0.009	0.559
16.57	0.83	0.011	0.584
16.58	0.93	0.012	0.608
16.59	1.19	0.012	0.661
16.6	1.85	0.013	0.621
16.61	2.87	0.016	0.52
16.62	4.18	0.018	0.442
16.63	5.6	0.021	0.333
16.64	6.93	0.028	0.233
16.65	8.53	0.037	0.147
16.66	9.05	0.042	0.122
16.67	9.48	0.048	0.083
16.68	9.95	0.053	0.07
16.69	10.62	0.066	0.063
16.7	11.37	0.076	0.06
16.71	12.13	0.085	0.065
16.72	13.08	0.091	0.06
16.73	14.08	0.095	0.032
16.74	15.93	0.1	0
16.75	16.99	0.102	-0.029
16.76	18	0.104	-0.039
16.77	18.88	0.107	-0.041
16.78	19.59	0.111	-0.042
16.79	20.03	0.116	-0.042
16.8	20.24	0.126	-0.043
16.81	20.19	0.131	-0.042
16.82	19.96	0.136	-0.042
16.83	19.45	0.14	-0.041
16.84	18.9	0.144	-0.04
16.85	18.3	0.147	-0.039
16.86	17.65	0.15	-0.039
16.87	16.19	0.151	-0.039
16.88	15.41	0.152	-0.038
16.89	14.64	0.153	-0.035
16.9	13.92	0.152	-0.028
16.91	13.25	0.154	-0.024
16.92	12.64	0.155	-0.019
16.93	12.14	0.154	-0.015
16.94	11.81	0.153	-0.013
16.95	11.59	0.148	-0.009
16.96	11.59	0.138	-0.003
16.97	11.9	0.131	0.004
16.98	12.21	0.12	0.011
16.99	12.68	0.11	0.017
17	12.62	0.099	-0.001
17.01	12.21	0.09	-0.02
17.02	11.59	0.084	-0.033
17.03	11	0.085	-0.036
17.04	10.42	0.085	-0.042
17.05	9.88	0.09	-0.045
17.06	9.4	0.09	-0.047
17.07	9.04	0.088	-0.046
17.08	9.02	0.086	-0.045
17.09	9.41	0.082	-0.042
17.1	9.79	0.083	-0.041
17.11	10.49	0.082	-0.034
17.12	10.59	0.081	-0.031
17.13	9.9	0.082	-0.033
17.14	9.17	0.084	-0.042
17.15	8.54	0.09	-0.049
17.16	7.95	0.096	-0.053
17.17	7.37	0.105	-0.054
17.18	6.86	0.109	-0.054
17.19	6.41	0.107	-0.053
17.2	5.54	0.104	-0.053
17.21	5.25	0.102	-0.053
17.22	5.34	0.101	-0.052
17.23	5.43	0.103	-0.03
17.24	6.01	0.106	0.001
17.25	6.98	0.11	0.025
17.26	8.12	0.111	0.012
17.27	9.21	0.113	0.002
17.28	10.22	0.11	-0.004
17.29	12.41	0.108	-0.008
17.3	13.53	0.105	-0.013
17.31	14.47	0.105	-0.017
17.32	15.2	0.105	-0.032
17.33	15.69	0.111	-0.034
17.34	16.16	0.117	-0.035
17.35	16.62	0.133	-0.036
17.36	17.13	0.136	-0.036
17.37	17.68	0.137	-0.035
17.38	18.25	0.138	-0.034
17.39	19.37	0.139	-0.031
17.4	19.78	0.139	-0.028
17.41	19.95	0.145	-0.027
17.42	20.03	0.152	-0.025
17.43	20.02	0.156	-0.026
17.44	19.95	0.151	-0.025
17.45	19.75	0.147	-0.025
17.46	19.57	0.148	-0.023
17.47	19.55	0.149	-0.022
17.48	19.6	0.153	-0.02
17.49	19.65	0.154	-0.018
17.5	19.7	0.158	-0.017
17.51	19.75	0.161	-0.015
17.52	19.44	0.163	0.026
17.53	19.43	0.166	0.033
17.54	19.5	0.171	0.037
17.55	19.57	0.173	0.038
17.56	19.55	0.175	0.04
17.57	19.54	0.176	0.045
17.58	19.53	0.175	0.048
17.59	19.55	0.174	0.05
17.6	19.43	0.173	0.052
17.61	19.28	0.172	0.054
17.62	19.14	0.172	0.054
17.63	18.98	0.172	0.053
17.64	18.68	0.172	0.051
17.65	18.54	0.172	0.046
17.66	18.38	0.171	0.046
17.67	18.21	0.168	0.047
17.68	18.03	0.165	0.049
17.69	17.85	0.164	0.049
17.7	17.32	0.163	0.05
17.71	16.98	0.163	0.052
17.72	16.66	0.163	0.054
17.73	16.3	0.162	0.056
17.74	15.96	0.16	0.057
17.75	15.21	0.158	0.059
17.76	14.81	0.155	0.06
17.77	14.39	0.153	0.061
17.78	13.92	0.147	0.062
17.79	13.07	0.143	0.063
17.8	12.64	0.142	0.067
17.81	12.23	0.14	0.071
17.82	11.84	0.128	0.072
17.83	11.4	0.122	0.074
17.84	10.48	0.117	0.075
17.85	10.02	0.112	0.079
17.86	9.57	0.112	0.077
17.87	9.05	0.112	0.073
17.88	7.87	0.112	0.064
17.89	7.27	0.113	0.061
17.9	6.61	0.108	0.062
17.91	6.05	0.102	0.062
17.92	5.69	0.094	0.063
17.93	5.63	0.091	0.065
17.94	5.94	0.086	0.075
17.95	6.25	0.083	0.082
17.96	7	0.076	0.086
17.97	7.82	0.072	0.073
17.98	9.05	0.069	0.073
17.99	8.95	0.068	0.045
18	8.63	0.072	0.029
18.01	8.2	0.076	0.018
18.02	7.68	0.085	0.013
18.03	6.3	0.091	0.014
18.04	5.58	0.094	0.014
18.05	4.98	0.093	0.029
18.06	4.41	0.095	0.043
18.07	3.91	0.095	0.062
18.08	3.09	0.092	0.097
18.09	2.75	0.088	0.15
18.1	2.55	0.084	0.147
18.11	2.41	0.082	0.164
18.12	2.29	0.081	0.203
18.13	2.25	0.077	0.374
18.14	2.4	0.066	0.463
18.15	2.55	0.06	0.516
18.16	3.18	0.052	0.5
18.17	5.21	0.051	0.444
18.18	6.38	0.051	0.326
18.19	7.77	0.049	0.276
18.2	9.26	0.047	0.212
18.21	10.54	0.041	0.122
18.22	11.43	0.041	0.067
18.23	11.53	0.043	0.046
18.24	10.79	0.044	0.039
18.25	10.11	0.052	0.006
18.26	9.31	0.068	-0.018
18.27	8.53	0.072	-0.026
18.28	7.32	0.074	-0.024
18.29	6.99	0.076	-0.022
18.3	6.84	0.077	-0.018
18.31	6.74	0.078	-0.014
18.32	6.68	0.084	-0.01
18.33	5.8	0.088	-0.005
18.34	5.22	0.094	0.157
18.35	4.8	0.096	0.2
18.36	4.46	0.093	0.228
18.37	4.34	0.091	0.251
18.38	4.52	0.085	0.269
18.39	4.7	0.075	0.334
18.4	5.66	0.071	0.359
18.41	6.91	0.068	0.293
18.42	7.87	0.05	0.21
18.43	8.59	0.052	0.111
18.44	8.34	0.054	0.03
18.45	7.77	0.054	0.02
18.46	7.12	0.063	0.019
18.47	6.43	0.064	0.018
18.48	5.15	0.059	0.025
18.49	4.65	0.054	0.032
18.5	4.32	0.051	0.065
18.51	4.41	0.051	0.233
18.52	4.5	0.051	0.25
18.53	4.8	0.052	0.204
18.54	4.89	0.053	0.092
18.55	5.07	0.055	0.088
18.56	5.37	0.059	0.087
18.57	5.56	0.063	0.09
18.58	5.73	0.064	0.092
18.59	5.97	0.063	0.115
18.6	6.04	0.063	0.101
18.61	6.13	0.062	0.089
18.62	6.74	0.06	0.097
18.63	7.29	0.054	0.054
18.64	7.89	0.051	0.024
18.65	8.68	0.05	0.003
18.66	8.69	0.049	-0.018
18.67	8.58	0.049	-0.027
18.68	8.49	0.049	-0.029
18.69	8.24	0.055	-0.029
18.7	8.02	0.058	-0.028
18.71	7.77	0.061	-0.028
18.72	7.62	0.066	-0.028
18.73	7.56	0.067	-0.031
18.74	7.55	0.069	-0.035
18.75	7.77	0.07	-0.037
18.76	7.99	0.077	-0.038
18.77	8.55	0.08	-0.04
18.78	9.13	0.079	-0.042
18.79	10.25	0.078	-0.047
18.8	10.82	0.08	-0.053
18.81	11.39	0.081	-0.054
18.82	11.98	0.084	-0.058
18.83	13.15	0.086	-0.061
18.84	13.7	0.095	-0.061
18.85	14.19	0.099	-0.06
18.86	15.26	0.104	-0.059
18.87	15.73	0.111	-0.053
18.88	16.15	0.116	-0.049
18.89	16.52	0.12	-0.044
18.9	17.13	0.128	-0.04
18.91	17.36	0.131	-0.032
18.92	17.6	0.133	-0.028
18.93	17.99	0.136	-0.021
18.94	18.09	0.146	-0.008
18.95	18.14	0.148	-0.004
18.96	18.06	0.15	-0.001
18.97	17.76	0.153	0.003
18.98	17.59	0.158	0.01
18.99	17.48	0.16	0.015
19	17.36	0.16	0.019
19.01	17.09	0.16	0.022
19.02	16.98	0.159	0.029
19.03	16.89	0.158	0.032
19.04	16.85	0.158	0.036
19.05	16.83	0.158	0.043
19.06	16.82	0.159	0.048
19.07	16.87	0.158	0.053
19.08	16.91	0.158	0.056
19.09	16.97	0.158	0.06
19.1	16.97	0.158	0.062
19.11	16.9	0.158	0.066
19.12	16.87	0.159	0.077
19.13	16.9	0.159	0.082
19.14	16.92	0.159	0.085
19.15	16.98	0.159	0.089
19.16	17.01	0.16	0.101
19.17	17.01	0.16	0.105
19.18	16.91	0.16	0.109
19.19	16.83	0.161	0.115
19.2	16.77	0.161	0.117
19.21	16.73	0.161	0.118
19.22	16.68	0.161	0.119
19.23	16.69	0.161	0.122
19.24	16.65	0.16	0.124
19.25	16.61	0.159	0.125
19.26	16.58	0.158	0.126
19.27	16.56	0.158	0.13
19.28	16.58	0.157	0.134
19.29	16.61	0.156	0.135
19.3	16.63	0.155	0.139
19.31	16.65	0.155	0.14
19.32	16.67	0.155	0.142
19.33	16.67	0.155	0.143
19.34	16.65	0.155	0.145
19.35	16.65	0.154	0.144
19.36	16.58	0.154	0.146
19.37	16.49	0.154	0.148
19.38	16.4	0.154	0.148
19.39	16.14	0.154	0.149
19.4	16.04	0.154	0.148
19.41	15.96	0.154	0.148
19.42	15.81	0.154	0.148
19.43	15.73	0.154	0.148
19.44	15.68	0.137	0.148
19.45	15.53	0.135	0.149
19.46	15.45	0.134	0.15
19.47	15.35	0.134	0.151
19.48	15.23	0.134	0.152
19.49	15.13	0.133	0.152
19.5	14.86	0.133	0.153
19.51	14.62	0.133	0.158
19.52	14.57	0.133	0.162
19.53	14.59	0.133	0.16
19.54	14.61	0.133	0.159
19.55	14.7	0.133	0.159
19.56	14.69	0.132	0.158
19.57	14.59	0.131	0.158
19.58	14.42	0.131	0.158
19.59	14.18	0.131	0.158
19.6	13.89	0.13	0.157
19.61	13.59	0.13	0.156
19.62	12.94	0.129	0.154
19.63	12.59	0.126	0.151
19.64	12.22	0.123	0.149
19.65	11.89	0.12	0.149
19.66	11.56	0.118	0.148
19.67	11.23	0.117	0.148
19.68	10.86	0.115	0.147
19.69	10.2	0.113	0.145
19.7	9.86	0.11	0.139
19.71	9.42	0.108	0.14
19.72	8.89	0.108	0.136
19.73	8.23	0.113	0.134
19.74	7.51	0.117	0.132
19.75	5.78	0.116	0.127
19.76	4.89	0.117	0.13
19.77	4.09	0.121	0.132
19.78	3.42	0.117	0.134
19.79	2.91	0.113	0.137
19.8	2.57	0.104	0.143
19.81	2.18	0.095	0.148
19.82	1.78	0.086	0.172
19.83	1.51	0.079	0.188
19.84	1.29	0.067	0.231
19.85	1.15	0.061	0.247
19.86	1.02	0.055	0.373
19.87	0.93	0.05	0.617
19.88	0.89	0.044	0.675
19.89	0.85	0.037	0.689
19.9	0.85	0.031	0.688
19.91	0.85	0.015	0.686
19.92	0.85	0.011	0.681
19.93	0.84	0.009	0.663
19.94	0.82	0.009	0.658
19.95	0.82	0.008	0.653
19.96	0.82	0.008	0.654
19.97	0.81	0.008	0.652
19.98	0.79	0.008	0.656
19.99	0.79	0.008	0.659
20	0.8	0.008	0.68
20.01	0.8	0.008	0.679
20.02	0.8	0.008	0.68
20.03	0.82	0.008	0.68
20.04	0.83	0.008	0.673
20.05	0.84	0.008	0.669
20.06	0.85	0.008	0.667
20.07	0.85	0.008	0.651
20.08	0.84	0.008	0.641
20.09	0.82	0.008	0.641
20.1	0.81	0.008	0.647
20.11	0.8	0.008	0.652
20.12	0.79	0.008	0.647
20.13	0.79	0.008	0.648
20.14	0.79	0.008	0.649
20.15	0.79	0.008	0.648
20.16	0.8	0.008	0.638
20.17	0.8	0.008	0.635
20.18	0.8	0.008	0.631
20.19	0.79	0.008	0.623
20.2	0.78	0.008	0.613
20.21	0.79	0.008	0.614
20.22	0.79	0.008	0.615
20.23	0.8	0.008	0.631
20.24	0.8	0.008	0.639
20.25	0.8	0.008	0.643
20.26	0.8	0.008	0.636
20.27	0.8	0.008	0.641
20.28	0.81	0.008	0.635
20.29	0.82	0.008	0.642
20.3	0.83	0.008	0.649
20.31	0.85	0.008	0.64
20.32	0.86	0.008	0.636
20.33	0.87	0.008	0.634
20.34	0.88	0.008	0.624
20.35	0.87	0.008	0.62
20.36	0.86	0.008	0.618
20.37	0.86	0.008	0.62
20.38	0.85	0.008	0.622
20.39	0.85	0.008	0.622
20.4	0.85	0.008	0.612
20.41	0.85	0.008	0.615
20.42	0.84	0.008	0.619
20.43	0.85	0.008	0.624
20.44	0.86	0.008	0.627
20.45	0.87	0.008	0.615
20.46	0.86	0.008	0.604
20.47	0.86	0.009	0.604
20.48	0.86	0.01	0.612
20.49	0.87	0.009	0.62
20.5	0.89	0.009	0.622
20.51	0.93	0.009	0.618
20.52	0.95	0.009	0.591
20.53	0.97	0.009	0.564
20.54	0.99	0.009	0.551
20.55	0.95	0.009	0.551
20.56	0.92	0.009	0.56
20.57	0.89	0.009	0.57
20.58	0.88	0.009	0.585
20.59	0.87	0.009	0.597
20.6	0.87	0.009	0.61
20.61	0.87	0.009	0.616
20.62	0.87	0.008	0.627
20.63	0.88	0.008	0.634
20.64	0.87	0.008	0.648
20.65	0.87	0.008	0.655
20.66	0.87	0.008	0.659
20.67	0.87	0.008	0.648
20.68	0.89	0.008	0.646
20.69	0.89	0.008	0.653
20.7	0.89	0.008	0.649
20.71	0.88	0.008	0.648
20.72	0.88	0.008	0.646
20.73	0.88	0.008	0.646
20.74	0.88	0.008	0.651
20.75	0.88	0.008	0.645
20.76	0.88	0.008	0.637
20.77	0.88	0.008	0.632
20.78	0.87	0.008	0.626
20.79	0.87	0.008	0.623
20.8	0.85	0.008	0.622
20.81	0.84	0.008	0.622
20.82	0.82	0.008	0.621
20.83	0.78	0.008	0.624
20.84	0.78	0.008	0.627
20.85	0.78	0.008	0.64
20.86	0.78	0.008	0.644
20.87	0.78	0.008	0.648
20.88	0.79	0.008	0.656
20.89	0.78	0.008	0.669
20.9	0.79	0.008	0.671
20.91	0.8	0.008	0.666
20.92	0.8	0.008	0.651
20.93	0.79	0.008	0.653
20.94	0.79	0.008	0.656
20.95	0.8	0.008	0.661
20.96	0.81	0.008	0.655
20.97	0.82	0.008	0.655
20.98	0.82	0.008	0.654
20.99	0.83	0.008	0.657
21	0.84	0.008	0.66
21.01	0.85	0.008	0.654
21.02	0.85	0.008	0.643
21.03	0.84	0.008	0.642
21.04	0.82	0.008	0.646
21.05	0.82	0.008	0.649
21.06	0.82	0.008	0.651
21.07	0.81	0.008	0.65
21.08	0.81	0.008	0.652
21.09	0.8	0.008	0.655
21.1	0.8	0.008	0.656
21.11	0.8	0.008	0.656
21.12	0.8	0.008	0.661
21.13	0.8	0.008	0.661
21.14	0.79	0.008	0.645
21.15	0.78	0.008	0.643
21.16	0.78	0.008	0.644
21.17	0.78	0.008	0.645
21.18	0.77	0.008	0.645
21.19	0.77	0.008	0.647
21.2	0.76	0.008	0.648
21.21	0.76	0.008	0.648
21.22	0.75	0.008	0.651
21.23	0.75	0.007	0.653
21.24	0.75	0.007	0.665
21.25	0.77	0.007	0.662
21.26	0.78	0.007	0.661
21.27	0.79	0.007	0.66
21.28	0.82	0.007	0.657
21.29	0.81	0.007	0.64
21.3	0.8	0.007	0.625
21.31	0.78	0.007	0.622
21.32	0.79	0.007	0.62
21.33	0.76	0.008	0.62
21.34	0.7	0.008	0.567
21.35	0.7	0.008	0.58
21.36	0.7	0.008	0.593
21.37	0.73	0.008	0.618
21.38	0.76	0.008	0.643
21.39	0.77	0.008	0.662
21.4	0.76	0.008	0.658
21.41	0.76	0.008	0.653
21.42	0.76	0.008	0.656
21.43	0.77	0.008	0.659
21.44	0.78	0.008	0.666
21.45	0.8	0.008	0.669
21.46	0.83	0.008	0.665
21.47	0.84	0.008	0.656
21.48	0.83	0.008	0.645
21.49	0.83	0.008	0.642
21.5	0.84	0.008	0.648
21.51	0.83	0.009	0.654
21.52	0.83	0.009	0.642
21.53	0.84	0.009	0.643
21.54	0.84	0.009	0.629
21.55	0.85	0.009	0.629
21.56	0.86	0.009	0.628
21.57	0.86	0.008	0.626
21.58	0.86	0.008	0.62
21.59	0.86	0.008	0.623
21.6	0.86	0.008	0.619
21.61	0.85	0.008	0.625
21.62	0.85	0.008	0.631
21.63	0.84	0.008	0.625
21.64	0.84	0.008	0.632
21.65	0.84	0.008	0.644
21.66	0.84	0.008	0.643
21.67	0.84	0.008	0.642
21.68	0.84	0.008	0.632
21.69	0.83	0.008	0.636
21.7	0.83	0.008	0.636
21.71	0.82	0.008	0.638
21.72	0.81	0.008	0.64
21.73	0.81	0.009	0.648
21.74	0.8	0.009	0.651
21.75	0.8	0.009	0.658
21.76	0.8	0.009	0.66
21.77	0.81	0.01	0.651
21.78	0.83	0.011	0.652
21.79	0.85	0.011	0.647
21.8	0.86	0.011	0.643
21.81	0.88	0.011	0.657
21.82	0.91	0.012	0.638
21.83	0.93	0.012	0.623
21.84	0.96	0.012	0.619
21.85	0.98	0.013	0.62
21.86	0.99	0.014	0.622
21.87	1	0.014	0.627
21.88	1.03	0.015	0.646
21.89	1.05	0.016	0.639
21.9	1.07	0.017	0.623
21.91	1.09	0.017	0.613
21.92	1.09	0.018	0.602
21.93	1.11	0.018	0.582
21.94	1.12	0.018	0.566
21.95	1.15	0.018	0.569
21.96	1.19	0.021	0.571
21.97	1.25	0.022	0.579
21.98	1.43	0.023	0.574
21.99	1.54	0.024	0.584
22	1.66	0.027	0.578
22.01	1.81	0.028	0.549
22.02	2.06	0.029	0.505
22.03	2.15	0.032	0.471
22.04	2.21	0.033	0.451
22.05	2.26	0.033	0.445
22.06	2.3	0.033	0.426
22.07	2.32	0.033	0.361
22.08	2.32	0.032	0.326
22.09	2.3	0.032	0.305
22.1	2.15	0.031	0.276
22.11	2.03	0.029	0.274
22.12	1.87	0.029	0.284
22.13	1.73	0.029	0.293
22.14	1.53	0.029	0.297
22.15	1.47	0.029	0.326
22.16	1.42	0.026	0.352
22.17	1.37	0.025	0.371
22.18	1.26	0.024	0.39
22.19	1.23	0.023	0.429
22.2	1.21	0.023	0.437
22.21	1.17	0.022	0.444
22.22	1.09	0.021	0.447
22.23	1.05	0.02	0.45
22.24	1.01	0.02	0.45
22.25	0.99	0.019	0.451
22.26	0.96	0.019	0.455
22.27	0.96	0.019	0.468
22.28	0.96	0.02	0.477
22.29	0.96	0.02	0.488
22.3	0.96	0.02	0.493
22.31	0.95	0.021	0.496
22.32	0.95	0.021	0.491
22.33	0.95	0.021	0.484
22.34	0.94	0.021	0.48
22.35	0.93	0.02	0.475
22.36	0.92	0.02	0.471
22.37	0.91	0.021	0.47
22.38	0.88	0.021	0.469
22.39	0.87	0.021	0.469
22.4	0.85	0.021	0.469
22.41	0.84	0.021	0.47
22.42	0.84	0.021	0.484
22.43	0.84	0.022	0.493
22.44	0.84	0.024	0.503
22.45	0.84	0.025	0.505
22.46	0.84	0.025	0.487
22.47	0.85	0.026	0.489
22.48	0.87	0.027	0.491
22.49	0.89	0.028	0.515
22.5	0.91	0.029	0.553
22.51	0.95	0.03	0.591
22.52	1.04	0.033	0.522
22.53	1.08	0.035	0.514
22.54	1.1	0.036	0.505
22.55	1.15	0.038	0.498
22.56	1.19	0.039	0.468
22.57	1.21	0.04	0.456
22.58	1.22	0.043	0.458
22.59	1.27	0.044	0.461
22.6	1.33	0.046	0.483
22.61	1.39	0.048	0.48
22.62	1.45	0.05	0.461
22.63	1.5	0.055	0.449
22.64	1.6	0.056	0.452
22.65	1.64	0.057	0.398
22.66	1.7	0.058	0.379
22.67	1.72	0.058	0.365
22.68	1.72	0.059	0.349
22.69	1.72	0.058	0.326
22.7	1.62	0.057	0.291
22.71	1.54	0.055	0.289
22.72	1.49	0.054	0.28
22.73	1.4	0.05	0.279
22.74	1.35	0.047	0.281
22.75	1.29	0.045	0.283
22.76	1.24	0.043	0.306
22.77	1.21	0.037	0.325
22.78	1.19	0.035	0.342
22.79	1.17	0.033	0.364
22.8	1.13	0.032	0.385
22.81	1.11	0.031	0.416
22.82	1.09	0.029	0.427
22.83	1.06	0.029	0.442
22.84	1.04	0.029	0.461
22.85	1.03	0.029	0.48
22.86	1.03	0.029	0.515
22.87	1.03	0.029	0.53
22.88	1.04	0.029	0.549
22.89	1.06	0.03	0.574
22.9	1.07	0.03	0.59
22.91	1.08	0.03	0.613
22.92	1.09	0.03	0.622
22.93	1.09	0.03	0.632
22.94	1.07	0.03	0.636
22.95	1.05	0.029	0.635
22.96	1.03	0.029	0.645
22.97	1.01	0.029	0.653
22.98	1.01	0.028	0.655
22.99	1.02	0.029	0.661
23	1.03	0.029	0.692
23.01	1.07	0.029	0.711
23.02	1.12	0.029	0.729
23.03	1.16	0.028	0.744
23.04	1.23	0.029	0.743
23.05	1.25	0.028	0.736
23.06	1.28	0.028	0.706
23.07	1.28	0.027	0.704
23.08	1.31	0.027	0.717
23.09	1.37	0.027	0.702
23.1	1.46	0.027	0.699
23.11	1.45	0.028	0.7
23.12	1.43	0.028	0.673
23.13	1.37	0.027	0.673
23.14	1.3	0.027	0.672
23.15	1.29	0.026	0.675
23.16	1.28	0.025	0.642
23.17	1.27	0.025	0.604
23.18	1.27	0.025	0.608
23.19	1.23	0.025	0.613
23.2	1.23	0.025	0.619
23.21	1.23	0.025	0.631
23.22	1.23	0.025	0.61
23.23	1.23	0.025	0.599
23.24	1.24	0.025	0.6
23.25	1.26	0.025	0.6
23.26	1.29	0.026	0.596
23.27	1.32	0.027	0.576
23.28	1.35	0.029	0.542
23.29	1.37	0.03	0.503
23.3	1.39	0.03	0.473
23.31	1.39	0.03	0.449
23.32	1.4	0.031	0.432
23.33	1.4	0.032	0.424
23.34	1.4	0.033	0.414
23.35	1.39	0.034	0.403
23.36	1.38	0.034	0.404
23.37	1.38	0.034	0.398
23.38	1.38	0.034	0.403
23.39	1.39	0.034	0.395
23.4	1.41	0.034	0.394
23.41	1.45	0.033	0.399
23.42	1.47	0.033	0.403
23.43	1.48	0.034	0.399
23.44	1.5	0.033	0.397
23.45	1.53	0.032	0.39
23.46	1.56	0.029	0.393
23.47	1.61	0.027	0.395
23.48	1.67	0.024	0.4
23.49	1.72	0.024	0.397
23.5	1.88	0.023	0.4
23.51	1.99	0.024	0.406
23.52	2.47	0.025	0.39
23.53	2.55	0.025	0.356
23.54	2.5	0.026	0.356
23.55	2.46	0.026	0.357
23.56	2.41	0.026	0.368
23.57	2.42	0.025	0.389
23.58	2.41	0.026	0.388
23.59	2.41	0.026	0.393
23.6	2.42	0.026	0.397
23.61	2.43	0.026	0.4
23.62	2.45	0.026	0.386
23.63	2.41	0.027	0.385
23.64	2.31	0.028	0.389
23.65	2.23	0.03	0.394
23.66	2.19	0.033	0.406
23.67	2.16	0.034	0.419
23.68	2.14	0.033	0.447
23.69	2.14	0.033	0.459
23.7	2.15	0.034	0.474
23.71	2.17	0.035	0.479
23.72	2.15	0.035	0.473
23.73	2.16	0.034	0.472
23.74	2.19	0.033	0.448
23.75	2.19	0.033	0.417
23.76	2.16	0.033	0.428
23.77	2.13	0.034	0.439
23.78	2.17	0.034	0.42
23.79	2.12	0.034	0.382
23.8	1.91	0.034	0.401
23.81	1.84	0.033	0.42
23.82	1.82	0.033	0.444
23.83	1.85	0.034	0.462
23.84	1.88	0.034	0.47
23.85	1.94	0.035	0.46
23.86	1.94	0.035	0.481
23.87	1.94	0.035	0.503
23.88	1.95	0.039	0.517
23.89	1.97	0.04	0.509
23.9	1.92	0.041	0.465
23.91	1.92	0.043	0.412
23.92	1.93	0.044	0.417
23.93	1.94	0.044	0.422
23.94	1.97	0.043	0.439
23.95	2.08	0.043	0.45
23.96	2.14	0.043	0.433
23.97	2.18	0.044	0.411
23.98	2.21	0.046	0.382
23.99	2.2	0.045	0.369
24	2.17	0.045	0.381
24.01	2.16	0.042	0.393
24.02	2.17	0.039	0.418
24.03	2.18	0.038	0.443
24.04	2.35	0.035	0.46
24.05	2.45	0.032	0.42
24.06	2.5	0.033	0.352
24.07	2.47	0.034	0.324
24.08	2.38	0.035	0.297
24.09	2.09	0.037	0.316
24.1	2	0.039	0.335
24.11	1.93	0.041	0.364
24.12	1.86	0.046	0.389
24.13	1.88	0.048	0.421
24.14	1.89	0.05	0.436
24.15	1.93	0.05	0.444
24.16	1.97	0.051	0.458
24.17	2.01	0.051	0.463
24.18	2.04	0.051	0.461
24.19	2.05	0.051	0.45
24.2	2.04	0.05	0.429
24.21	2.01	0.05	0.424
24.22	1.97	0.049	0.418
24.23	1.94	0.049	0.416
24.24	1.9	0.049	0.424
24.25	1.87	0.048	0.431
24.26	1.83	0.047	0.429
24.27	1.78	0.046	0.439
24.28	1.75	0.045	0.446
24.29	1.7	0.044	0.444
24.3	1.67	0.043	0.437
24.31	1.62	0.043	0.441
24.32	1.6	0.044	0.446
24.33	1.58	0.044	0.466
24.34	1.58	0.045	0.488
24.35	1.59	0.047	0.54
24.36	1.59	0.048	0.564
24.37	1.6	0.049	0.581
24.38	1.57	0.05	0.595
24.39	1.56	0.05	0.622
24.4	1.56	0.051	0.622
24.41	1.58	0.052	0.642
24.42	1.59	0.055	0.661
24.43	1.63	0.058	0.681
24.44	1.62	0.06	0.692
24.45	1.58	0.063	0.728
24.46	1.54	0.063	0.737
24.47	1.52	0.064	0.733
24.48	1.55	0.063	0.676
24.49	1.57	0.063	0.667
24.5	1.58	0.063	0.676
24.51	1.56	0.062	0.685
24.52	1.53	0.061	0.836
24.53	1.49	0.059	0.806
24.54	1.5	0.057	0.789
24.55	1.49	0.055	0.778
24.56	1.49	0.053	0.768
24.57	1.49	0.051	0.77
24.58	1.49	0.049	0.748
24.59	1.49	0.049	0.736
24.6	1.5	0.049	0.734
24.61	1.5	0.047	0.733
24.62	1.5	0.046	0.737
24.63	1.51	0.044	0.741
24.64	1.54	0.044	0.757
24.65	1.58	0.044	0.769
24.66	1.59	0.045	0.787
24.67	1.58	0.045	0.798
24.68	1.57	0.046	0.807
24.69	1.59	0.047	0.787
24.7	1.6	0.047	0.739
24.71	1.66	0.046	0.702
24.72	1.68	0.046	0.696
24.73	1.69	0.046	0.695
24.74	1.7	0.046	0.693
24.75	1.73	0.048	0.691
24.76	1.7	0.051	0.699
24.77	1.65	0.051	0.707
24.78	1.62	0.05	0.728
24.79	1.59	0.05	0.727
24.8	1.58	0.049	0.705
24.81	1.57	0.049	0.666
24.82	1.54	0.048	0.606
24.83	1.52	0.046	0.609
24.84	1.52	0.043	0.612
24.85	1.52	0.041	0.625
24.86	1.52	0.042	0.637
24.87	1.55	0.041	0.648
24.88	1.58	0.041	0.656
24.89	1.65	0.042	0.66
24.9	1.66	0.043	0.654
24.91	1.66	0.046	0.65
24.92	1.74	0.049	0.642
24.93	2.03	0.063	0.612
24.94	1.94	0.081	0.613
24.95	2.06	0.099	0.614
24.96	3.43	0.099	0.644
24.97	4.64	0.12	0.63
24.98	9.57	0.141	0.325
24.99	11.86	0.145	0.02
25	13.58	0.152	0.02
25.01	13.38	0.179	-0.053
25.02	15.23	0.242	-0.058
25.03	17.79	0.277	-0.063
25.04	20.4	0.327	-0.058
25.05	24.13	0	-0.054
25.06	26	0	0.009
25.07	26.57	0	-0.014
25.08	26.93	0	-0.019
25.09	30.12	0	-0.024
25.1	33.22	0	-0.017
25.11	36.19	0	-0.05

