0	0.027	0	-0.0001
0.01	0.027	0	-0.0001
0.02	0.029	-0.0001	-0.0001
0.03	0.0309	-0.0002	-0.0001
0.04	0.0309	-0.0003	-0.0001
0.05	0.0309	-0.0006	-0.0001
0.06	0.0309	-0.0013	-0.0001
0.07	0.0309	-0.0018	-0.0001
0.08	0.0309	-0.0023	-0.0001
0.09	0.0309	-0.0024	-0.0001
0.1	0.0309	-0.0024	-0.0001
0.11	0.0309	-0.0024	-0.0001
0.12	0.0309	-0.0024	-0.0001
0.13	0.0309	-0.0024	-0.0001
0.14	0.0309	-0.0024	-0.0001
0.15	0.0309	-0.0024	-0.0001
0.16	0.0309	-0.0024	-0.0001
0.17	0.0309	-0.0024	-0.0001
0.18	0.0309	-0.0024	-0.0001
0.19	0.0309	-0.0024	-0.0001
0.2	0.0306	-0.0024	-0.0001
0.21	0.0306	-0.0023	-0.0001
0.22	0.0307	-0.0023	-0.0001
0.23	0.0309	-0.0023	-0.0001
0.24	0.0309	-0.0023	-0.0001
0.25	0.0309	-0.002	-0.0001
0.26	0.0309	-0.0018	-0.0001
0.27	0.0309	-0.0012	-0.0001
0.28	0.0309	-0.0023	-0.0001
0.29	0.0309	-0.0034	-0.0001
0.3	0.0307	-0.0069	-0.0001
0.31	0.0306	-0.0164	-0.0001
0.32	0.0308	-0.0171	-0.0001
0.33	0.0309	-0.0173	-0.0001
0.34	0.0309	-0.0043	-0.0001
0.35	0.0348	0.0086	0
0.36	0.0426	0.0266	0.0001
0.37	1.6733	0.0337	0.001
0.38	1.6733	0.0342	0.0036
0.39	4.0356	0.0341	0.0035
0.4	6.9117	0.034	0.0037
0.41	18.852	0.0349	0.0038
0.42	20.366	0.0357	0.0035
0.43	20.8895	0.0378	0.0032
0.44	21.413	0.0358	0.0031
0.45	21.2085	0.038	0.0028
0.46	21.2792	0.0402	0.0028
0.47	21.35	0.0466	0.0028
0.48	22.724	0.0769	0.0028
0.49	24.098	0.0606	0.0028
0.5	23.1505	0.1081	0.0028
0.51	23.1687	0.1138	0.0028
0.52	23.1869	0.1145	0.0027
0.53	23.697	0.1147	0.0027
0.54	24.553	0.1077	0.0028
0.55	25.409	0.1007	0.0028
0.56	31.737	0.0866	0.0025
0.57	36.139	0.0856	0.0011
0.58	36.77	0.0847	0.0001
0.59	39.07	0.0845	0.0001
0.6	39.455	0.0846	0.0012
0.61	37.151	0.0847	0.0017
0.62	33.473	0.0852	0.0011
0.63	22.856	0.0844	0.0014
0.64	20.724	0.0835	0.0016
0.65	17.447	0.0815	0.0015
0.66	15.6987	0.0815	0.0015
0.67	14.8744	0.0821	0.0016
0.68	14.05	0.0827	0.0017
0.69	14.357	0.0856	0.0018
0.7	13.944	0.0852	0.0018
0.71	12.6433	0.1076	0.0018
0.72	12.7317	0.1339	0.0019
0.73	12.82	0.1603	0.0021
0.74	13.0446	0.1608	0.0022
0.75	13.516	0.1608	0.0021
0.76	14.263	0.1608	0.0021
0.77	10.243	0.1592	0.0021
0.78	9.6476	0.1587	0.0021
0.79	8.554	0.1583	0.002
0.8	7.7095	0.1581	0.0018
0.81	7.3436	0.1579	0.0018
0.82	7.1646	0.1562	0.0016
0.83	6.9856	0.1499	0.0015
0.84	7.1101	0.1346	0.0015
0.85	6.8455	0.1224	0.0013
0.86	6.3357	0.1186	0.0013
0.87	4.4598	0.1194	0.0014
0.88	3.9422	0.1181	0.0013
0.89	2.8019	0.1167	0.0013
0.9	2.6034	0.1129	0.0012
0.91	2.4983	0.1066	0.0014
0.92	2.4244	0.0936	0.0016
0.93	2.3855	0.0806	0.0016
0.94	2.3466	0.081	0.0015
0.95	2.2026	0.0804	0.0019
0.96	2.0235	0.0799	0.002
0.97	1.973	0.0781	0.0023
0.98	1.9379	0.076	0.0023
0.99	1.8912	0.0643	0.0023
1	1.8367	0.064	0.0023
1.01	1.7356	0.0622	0.0023
1.02	1.6811	0.0633	0.0023
1.03	1.6266	0.062	0.0021
1.04	1.5526	0.0605	0.0021
1.05	1.4476	0.0595	0.002
1.06	1.3736	0.0557	0.002
1.07	1.3483	0.0534	0.002
1.08	1.3357	0.0503	0.0019
1.09	1.3294	0.047	0.0019
1.1	1.3291	0.041	0.0019
1.11	1.3299	0.0402	0.0019
1.12	1.3308	0.0374	0.0019
1.13	1.358	0.0348	0.002
1.14	1.3736	0.0323	0.002
1.15	1.4086	0.0307	0.002
1.16	1.4553	0.0305	0.002
1.17	1.5487	0.0306	0.002
1.18	1.5721	0.0307	0.002
1.19	1.5993	0.0309	0.002
1.2	1.6266	0.0314	0.0021
1.21	1.6538	0.0332	0.0021
1.22	1.6694	0.0392	0.0021
1.23	1.6772	0.0429	0.0022
1.24	1.7239	0.046	0.0021
1.25	1.755	0.0491	0.002
1.26	1.7978	0.0499	0.0021
1.27	1.8484	0.055	0.0021
1.28	1.9146	0.0608	0.002
1.29	2.043	0.0707	0.0021
1.3	2.0586	0.0725	0.0022
1.31	2.1714	0.0754	0.0017
1.32	2.2843	0.0785	-0.0001
1.33	2.3388	0.0814	-0.0004
1.34	2.3972	0.0849	-0.0005
1.35	2.4205	0.0909	-0.0007
1.36	2.4244	0.0911	-0.0013
1.37	2.4127	0.093	-0.0028
1.38	2.3582	0.0936	-0.003
1.39	2.3038	0.0947	-0.0039
1.4	2.2337	0.0969	-0.0053
1.41	2.0741	0.0979	-0.006
1.42	1.9846	0.098	-0.0062
1.43	1.9185	0.0968	-0.0067
1.44	1.8718	0.0956	-0.0072
1.45	1.829	0.0933	-0.0073
1.46	1.7745	0.0917	-0.0077
1.47	1.685	0.0901	-0.0077
1.48	1.6855	0.0882	-0.0076
1.49	1.686	0.0863	-0.0072
1.5	1.6892	0.0854	-0.0072
1.51	1.6966	0.083	-0.0076
1.52	1.755	0.0822	-0.0072
1.53	1.7861	0.0814	-0.0068
1.54	1.829	0.0812	-0.0068
1.55	1.8873	0.0813	-0.0068
1.56	1.9379	0.0814	-0.007
1.57	1.9885	0.0815	-0.0071
1.58	2.0547	0.0829	-0.0075
1.59	2.0702	0.0846	-0.0081
1.6	2.0897	0.0872	-0.0087
1.61	2.1169	0.0893	-0.0088
1.62	2.1442	0.0944	-0.0087
1.63	2.1948	0.0957	-0.0087
1.64	2.3076	0.0985	-0.0084
1.65	2.3972	0.0997	-0.0078
1.66	2.4867	0.1025	-0.0076
1.67	2.5373	0.1029	-0.0076
1.68	2.5762	0.1083	-0.0076
1.69	2.6034	0.1089	-0.0076
1.7	2.584	0.1093	-0.0077
1.71	2.5808	0.1092	-0.0079
1.72	2.5792	0.1092	-0.008
1.73	2.5796	0.109	-0.008
1.74	2.58	0.1078	-0.008
1.75	2.5956	0.1054	-0.0079
1.76	2.6268	0.1053	-0.0078
1.77	2.6034	0.1053	-0.0079
1.78	2.5489	0.1052	-0.0081
1.79	2.4478	0.1032	-0.0084
1.8	2.3855	0.1022	-0.0091
1.81	2.3771	0.1002	-0.0092
1.82	2.377	0.0992	-0.009
1.83	2.3774	0.0972	-0.0089
1.84	2.3777	0.0971	-0.0089
1.85	2.3933	0.0973	-0.0089
1.86	2.3972	0.0975	-0.0089
1.87	2.4011	0.0979	-0.0088
1.88	2.4127	0.1013	-0.0088
1.89	2.4127	0.1061	-0.0088
1.9	2.4205	0.1091	-0.0088
1.91	2.4711	0.1107	-0.0088
1.92	2.5334	0.1123	-0.0092
1.93	2.6073	0.1141	-0.0092
1.94	2.6618	0.1166	-0.0095
1.95	2.6852	0.1207	-0.0095
1.96	2.6618	0.1254	-0.0095
1.97	2.654	0.126	-0.0096
1.98	2.6151	0.1262	-0.0104
1.99	2.5762	0.1264	-0.0106
2	2.5684	0.1264	-0.0108
2.01	2.545	0.1264	-0.0107
2.02	2.5022	0.1263	-0.0105
2.03	2.5003	0.126	-0.0102
2.04	2.4998	0.1246	-0.0102
2.05	2.4996	0.1244	-0.0102
2.06	2.5002	0.1244	-0.0102
2.07	2.5008	0.1245	-0.0102
2.08	2.5022	0.1245	-0.0102
2.09	2.5061	0.1255	-0.0102
2.1	2.51	0.1287	-0.0103
2.11	2.5139	0.1307	-0.0104
2.12	2.5061	0.1345	-0.0105
2.13	2.44	0.1357	-0.011
2.14	2.4166	0.1369	-0.0113
2.15	2.4049	0.1362	-0.0116
2.16	2.4011	0.1375	-0.0113
2.17	2.3972	0.1379	-0.0111
2.18	2.3933	0.1392	-0.0113
2.19	2.3505	0.1419	-0.0115
2.2	2.3271	0.1429	-0.0111
2.21	2.2999	0.1428	-0.0115
2.22	2.296	0.1428	-0.0115
2.23	2.2921	0.1422	-0.0118
2.24	2.2921	0.141	-0.0121
2.25	2.2882	0.1376	-0.012
2.26	2.2843	0.1347	-0.0117
2.27	2.2843	0.1339	-0.0116
2.28	2.2726	0.1307	-0.0115
2.29	2.2668	0.1305	-0.0115
2.3	2.2609	0.1304	-0.0114
2.31	2.2648	0.1304	-0.0115
2.32	2.2415	0.1182	-0.0117
2.33	2.2104	0.1174	-0.0121
2.34	2.1793	0.1177	-0.0122
2.35	2.1779	0.1179	-0.0121
2.36	2.1776	0.1213	-0.0121
2.37	2.1779	0.1214	-0.0121
2.38	2.1783	0.122	-0.0119
2.39	2.1792	0.1238	-0.012
2.4	2.1909	0.125	-0.0117
2.41	2.2454	0.1255	-0.0115
2.42	2.2999	0.1257	-0.0123
2.43	2.3115	0.1259	-0.0125
2.44	2.2765	0.1259	-0.0126
2.45	2.2493	0.127	-0.0123
2.46	2.2104	0.1281	-0.0124
2.47	2.1481	0.1282	-0.0124
2.48	2.0819	0.1279	-0.0124
2.49	1.973	0.1275	-0.0122
2.5	1.9263	0.1266	-0.0123
2.51	1.899	0.1249	-0.0123
2.52	1.8834	0.1226	-0.0124
2.53	1.8562	0.1199	-0.0122
2.54	1.856	0.1164	-0.0121
2.55	1.856	0.1152	-0.0121
2.56	1.8561	0.1148	-0.0121
2.57	1.8572	0.1115	-0.0121
2.58	1.864	0.108	-0.0121
2.59	1.8718	0.1015	-0.0121
2.6	1.8834	0.0989	-0.0121
2.61	1.8873	0.096	-0.0121
2.62	1.884	0.0935	-0.0121
2.63	1.8834	0.0907	-0.0121
2.64	1.8834	0.0832	-0.0121
2.65	1.9379	0.0819	-0.0121
2.66	1.9924	0.082	-0.0121
2.67	2.0352	0.0821	-0.0121
2.68	2.0741	0.0825	-0.012
2.69	2.0975	0.0846	-0.012
2.7	2.1364	0.0859	-0.012
2.71	2.2337	0.0859	-0.012
2.72	2.331	0.0859	-0.012
2.73	2.4633	0.0859	-0.0121
2.74	2.6618	0.0823	-0.0121
2.75	2.9264	0.0756	-0.0121
2.76	3.3001	0.0689	-0.012
2.77	4.4053	0.0648	-0.0119
2.78	5.0669	0.0635	-0.0121
2.79	5.7013	0.0612	-0.0126
2.8	6.324	0.0602	-0.0137
2.81	6.8572	0.0583	-0.0158
2.82	7.8379	0.0575	-0.0177
2.83	8.2349	0.0567	-0.0188
2.84	8.589	0.0565	-0.02
2.85	8.9237	0.0563	-0.0198
2.86	9.2623	0.0553	-0.0189
2.87	9.597	0.0543	-0.0175
2.88	10.22	0.0542	-0.0151
2.89	10.527	0.0543	-0.012
2.9	10.819	0.0543	-0.0117
2.91	11.13	0.0544	-0.0117
2.92	11.422	0.0554	-0.0121
2.93	12.045	0.0579	-0.0127
2.94	12.376	0.0588	-0.0133
2.95	12.66	0.0622	-0.0142
2.96	12.956	0.0627	-0.0145
2.97	13.189	0.0645	-0.0149
2.98	13.403	0.0664	-0.0154
2.99	13.73	0.0653	-0.0159
3	13.87	0.0677	-0.0173
3.01	13.971	0.0667	-0.0178
3.02	14.006	0.0688	-0.0181
3.03	14.006	0.0698	-0.0183
3.04	13.905	0.0709	-0.018
3.05	13.847	0.0707	-0.014
3.06	13.796	0.0715	-0.0136
3.07	13.734	0.0722	-0.0134
3.08	13.668	0.0722	-0.013
3.09	13.5	0.0727	-0.0126
3.1	13.364	0.0728	-0.0124
3.11	13.197	0.0728	-0.0123
3.12	13.002	0.0727	-0.0125
3.13	12.765	0.0726	-0.0126
3.14	12.508	0.0713	-0.0127
3.15	12.267	0.0721	-0.013
3.16	11.761	0.0705	-0.0133
3.17	11.516	0.0713	-0.0138
3.18	11.309	0.0704	-0.0138
3.19	11.107	0.0694	-0.0138
3.2	10.874	0.0673	-0.0139
3.21	10.41	0.0663	-0.0133
3.22	10.142	0.0654	-0.0105
3.23	9.8772	0.0655	-0.0084
3.24	9.5931	0.0648	-0.0085
3.25	9.3596	0.064	-0.0088
3.26	9.1066	0.0605	-0.0091
3.27	8.6824	0.0558	-0.0091
3.28	8.4606	0.0546	-0.008
3.29	8.2388	0.0542	-0.0069
3.3	7.9975	0.0539	-0.0056
3.31	7.7601	0.0538	-0.0045
3.32	7.223	0.0537	-0.0041
3.33	6.9545	0.0536	-0.0039
3.34	6.7248	0.0535	-0.0039
3.35	6.5069	0.0536	-0.0037
3.36	6.3357	0.0536	-0.0035
3.37	6.1683	0.0535	-0.0031
3.38	5.9037	0.0535	-0.0029
3.39	5.7636	0.0534	-0.0029
3.4	5.6274	0.053	-0.0039
3.41	5.4717	0.05	-0.0053
3.42	5.281	0.0465	-0.0069
3.43	5.1136	0.0422	-0.0079
3.44	4.8218	0.0408	-0.0086
3.45	4.7875	0.0351	-0.0089
3.46	4.775	0.0349	-0.0088
3.47	4.7799	0.0349	-0.0087
3.48	4.7848	0.0354	-0.0086
3.49	4.8295	0.0359	-0.0085
3.5	5.0747	0.0377	-0.0085
3.51	5.2148	0.038	-0.0084
3.52	5.46	0.0402	-0.0096
3.53	5.7052	0.0412	-0.0096
3.54	5.8959	0.0413	-0.0123
3.55	6.1022	0.0417	-0.0138
3.56	6.3123	0.0419	-0.015
3.57	6.5497	0.042	-0.016
3.58	6.7754	0.0419	-0.0171
3.59	7.188	0.0419	-0.0179
3.6	7.3436	0.0417	-0.0191
3.61	7.4721	0.0406	-0.0195
3.62	7.5382	0.0394	-0.0197
3.63	7.5733	0.0389	-0.0199
3.64	7.5421	0.0389	-0.0202
3.65	7.5149	0.0389	-0.0205
3.66	7.4643	0.0395	-0.021
3.67	7.4254	0.0401	-0.0211
3.68	7.332	0.0444	-0.0212
3.69	7.2814	0.0486	-0.0212
3.7	7.114	0.0518	-0.0213
3.71	7.1108	0.0551	-0.0214
3.72	7.1119	0.0586	-0.0215
3.73	7.1129	0.0629	-0.0215
3.74	7.1257	0.0705	-0.0216
3.75	7.4293	0.0716	-0.0219
3.76	7.655	0.0722	-0.0238
3.77	7.8963	0.0726	-0.025
3.78	8.1064	0.0721	-0.0261
3.79	8.2816	0.0716	-0.0274
3.8	8.3905	0.0706	-0.0282
3.81	8.3477	0.0667	-0.0303
3.82	8.2349	0.063	-0.0316
3.83	8.1064	0.0584	-0.033
3.84	7.9586	0.0566	-0.0342
3.85	7.7834	0.0528	-0.0348
3.86	7.5616	0.0517	-0.0351
3.87	7.1179	0.0516	-0.0352
3.88	6.865	0.0516	-0.0352
3.89	6.6198	0.0517	-0.0352
3.9	6.4174	0.0518	-0.0352
3.91	6.2617	0.0519	-0.0351
3.92	6.0555	0.0554	-0.0351
3.93	6.0507	0.0561	-0.0351
3.94	6.0516	0.0564	-0.035
3.95	6.0526	0.0566	-0.035
3.96	6.073	0.0566	-0.035
3.97	6.1138	0.0561	-0.035
3.98	6.1294	0.0556	-0.035
3.99	6.1177	0.0519	-0.0353
4	6.1099	0.0489	-0.0356
4.01	6.1099	0.0473	-0.0361
4.02	6.1099	0.0426	-0.0365
4.03	6.1099	0.0413	-0.0369
4.04	6.1099	0.0395	-0.0373
4.05	6.1138	0.0389	-0.0374
4.06	6.1138	0.0383	-0.0375
4.07	6.1138	0.0382	-0.0376
4.08	6.1139	0.0381	-0.0376
4.09	6.114	0.038	-0.0376
4.1	6.1159	0.038	-0.0377
4.11	6.1216	0.0382	-0.0376
4.12	6.1683	0.0385	-0.0376
4.13	6.1917	0.0389	-0.0376
4.14	6.2345	0.0397	-0.0376
4.15	6.3006	0.0411	-0.0376
4.16	6.3006	0.0416	-0.0376
4.17	6.3162	0.0427	-0.0375
4.18	6.3045	0.0431	-0.0376
4.19	6.3064	0.0435	-0.0375
4.2	6.3084	0.0436	-0.0375
4.21	6.3123	0.0437	-0.0375
4.22	6.3396	0.0437	-0.0375
4.23	6.4018	0.0438	-0.0375
4.24	6.4524	0.0446	-0.0375
4.25	6.6003	0.0463	-0.0375
4.26	6.6665	0.0465	-0.0375
4.27	6.7248	0.0473	-0.0375
4.28	6.8027	0.0493	-0.0375
4.29	6.8805	0.0506	-0.0375
4.3	7.0362	0.0511	-0.0375
4.31	7.0829	0.0511	-0.0375
4.32	7.1218	0.0511	-0.0376
4.33	7.1374	0.051	-0.0377
4.34	7.1374	0.049	-0.0379
4.35	7.1101	0.046	-0.0381
4.36	7.0128	0.0448	-0.0385
4.37	6.9428	0.0446	-0.0393
4.38	6.865	0.0445	-0.0394
4.39	6.7949	0.0444	-0.0395
4.4	6.7248	0.0444	-0.0395
4.41	6.6665	0.0444	-0.0396
4.42	6.5964	0.0443	-0.0396
4.43	6.5962	0.0441	-0.0396
4.44	6.5963	0.0433	-0.0395
4.45	6.5964	0.043	-0.0395
4.46	6.6003	0.0429	-0.0395
4.47	6.6392	0.0429	-0.0396
4.48	6.7093	0.0432	-0.0395
4.49	6.7521	0.0434	-0.0396
4.5	6.8105	0.0439	-0.0396
4.51	6.8961	0.0441	-0.0397
4.52	6.9739	0.0443	-0.0398
4.53	7.0595	0.0445	-0.0398
4.54	7.0868	0.0447	-0.04
4.55	7.0479	0.0466	-0.0401
4.56	7.009	0.0488	-0.0401
4.57	6.9311	0.0495	-0.0401
4.58	6.5692	0.0496	-0.0401
4.59	6.2929	0.0497	-0.0401
4.6	5.9621	0.0498	-0.0401
4.61	5.6429	0.0498	-0.0401
4.62	5.3355	0.0513	-0.0402
4.63	4.8295	0.0559	-0.0401
4.64	4.7147	0.0574	-0.0402
4.65	4.5999	0.0657	-0.0402
4.66	4.4637	0.0723	-0.0402
4.67	4.3041	0.0788	-0.0402
4.68	4.164	0.0857	-0.0402
4.69	4.1421	0.0869	-0.0402
4.7	4.1312	0.0881	-0.0402
4.71	4.1262	0.089	-0.0402
4.72	4.1451	0.0895	-0.0402
4.73	4.164	0.0895	-0.0402
4.74	4.2068	0.0888	-0.0402
4.75	4.3119	0.088	-0.0402
4.76	4.6544	0.0863	-0.0404
4.77	4.74	0.0857	-0.041
4.78	4.8295	0.085	-0.0446
4.79	4.8996	0.0842	-0.0454
4.8	4.9813	0.0831	-0.045
4.81	5.0436	0.0787	-0.0448
4.82	5.1798	0.0737	-0.0448
4.83	5.2187	0.0675	-0.0447
4.84	5.2537	0.0624	-0.0442
4.85	5.316	0.0621	-0.0439
4.86	5.4211	0.0618	-0.0436
4.87	5.5301	0.0616	-0.0436
4.88	5.8453	0.0615	-0.0436
4.89	6.1177	0.0615	-0.0436
4.9	6.2617	0.0624	-0.0435
4.91	6.4719	0.0632	-0.0435
4.92	6.5264	0.0639	-0.0435
4.93	6.4485	0.0643	-0.0435
4.94	6.1022	0.0643	-0.0435
4.95	6.0165	0.0643	-0.0435
4.96	5.9698	0.0643	-0.0435
4.97	5.9115	0.0643	-0.0435
4.98	5.8375	0.0642	-0.0435
4.99	5.6741	0.062	-0.0435
5	5.5807	0.0619	-0.0435
5.01	5.5223	0.0616	-0.0435
5.02	5.4367	0.0603	-0.0435
5.03	5.3744	0.0567	-0.0435
5.04	5.1681	0.0529	-0.0435
5.05	5.0086	0.0523	-0.0434
5.06	4.9152	0.0522	-0.0434
5.07	4.8101	0.0522	-0.0434
5.08	4.7322	0.0521	-0.0434
5.09	4.7322	0.0521	-0.0434
5.1	4.7322	0.0518	-0.0434
5.11	4.7322	0.0516	-0.0434
5.12	4.7556	0.0511	-0.0434
5.13	4.7751	0.0499	-0.0433
5.14	4.7867	0.049	-0.0433
5.15	4.8023	0.0485	-0.0432
5.16	4.8334	0.0484	-0.0432
5.17	4.8101	0.0486	-0.0432
5.18	4.8023	0.0488	-0.0431
5.19	4.7751	0.0491	-0.0431
5.2	4.7556	0.0493	-0.0431
5.21	4.6622	0.0495	-0.043
5.22	4.5844	0.0495	-0.0429
5.23	4.5221	0.0496	-0.0429
5.24	4.4131	0.0497	-0.0429
5.25	4.3236	0.0499	-0.0429
5.26	4.238	0.0503	-0.0429
5.27	4.0123	0.0512	-0.0429
5.28	3.9461	0.0511	-0.0429
5.29	3.9402	0.051	-0.0429
5.3	3.9344	0.0503	-0.0429
5.31	3.9578	0.0489	-0.0429
5.32	3.8799	0.046	-0.0429
5.33	3.7788	0.0457	-0.0429
5.34	3.7009	0.0456	-0.0429
5.35	3.6581	0.0455	-0.043
5.36	3.6114	0.0455	-0.043
5.37	3.4713	0.0454	-0.043
5.38	3.4129	0.0453	-0.043
5.39	3.3662	0.0438	-0.043
5.4	3.3117	0.0432	-0.043
5.41	3.23	0.0434	-0.043
5.42	3.1327	0.043	-0.043
5.43	3.0666	0.043	-0.043
5.44	2.9926	0.043	-0.043
5.45	2.977	0.043	-0.043
5.46	2.9576	0.043	-0.043
5.47	2.8875	0.0441	-0.0431
5.48	2.8253	0.046	-0.0431
5.49	2.7202	0.0462	-0.0431
5.5	2.6501	0.0463	-0.0431
5.51	2.6311	0.0466	-0.0431
5.52	2.6305	0.048	-0.0431
5.53	2.6306	0.0514	-0.0431
5.54	2.6307	0.0547	-0.0431
5.55	2.6458	0.0552	-0.0431
5.56	2.6608	0.0553	-0.0431
5.57	2.7046	0.0552	-0.0431
5.58	2.7708	0.0551	-0.0431
5.59	2.8136	0.0549	-0.0432
5.6	3.1638	0.0547	-0.0433
5.61	3.5141	0.0548	-0.0434
5.62	3.8566	0.0536	-0.0434
5.63	4.0745	0.0525	-0.0435
5.64	4.0706	0.0501	-0.0437
5.65	3.7282	0.0496	-0.0439
5.66	3.5219	0.0491	-0.0438
5.67	3.3584	0.0483	-0.0438
5.68	3.1638	0.0484	-0.0439
5.69	2.9673	0.048	-0.044
5.7	2.9566	0.0456	-0.044
5.71	2.9459	0.0433	-0.044
5.72	2.8058	0.0441	-0.044
5.73	2.6968	0.0411	-0.044
5.74	2.6268	0.0379	-0.044
5.75	2.5178	0.0358	-0.044
5.76	2.4011	0.033	-0.044
5.77	2.2609	0.0284	-0.044
5.78	2.1831	0.028	-0.044
5.79	2.1364	0.0258	-0.044
5.8	2.1442	0.0241	-0.044
5.81	2.0702	0.023	-0.044
5.82	2.0391	0.021	-0.044
5.83	2.0469	0.0205	-0.044
5.84	2.0313	0.0204	-0.044
5.85	1.9885	0.0204	-0.044
5.86	1.9846	0.0204	-0.044
5.87	1.9691	0.0209	-0.044
5.88	1.9457	0.0206	-0.044
5.89	1.941	0.0202	-0.044
5.9	1.9404	0.0194	-0.044
5.91	1.945	0.0178	-0.044
5.92	1.9496	0.0145	-0.044
5.93	2.043	0.0139	-0.044
5.94	2.3232	0.0138	-0.044
5.95	2.5217	0.014	-0.044
5.96	2.8214	0.0142	-0.044
5.97	3.265	0.0146	-0.044
5.98	3.9189	0.0163	-0.0439
5.99	6.1917	0.0164	-0.0439
6	7.2464	0.0165	-0.0441
6.01	8.052	0.0436	-0.0447
6.02	10.282	0.0534	-0.0448
6.03	11.306	0.0532	-0.0452
6.04	14.645	0.053	-0.0456
6.05	16.194	0.0525	-0.0456
6.06	16.851	0.0515	-0.0456
6.07	16.9405	0.0403	-0.0456
6.08	17.03	0.0355	-0.0456
6.09	17.462	0.0334	-0.0456
6.1	17.894	0.0333	-0.0454
6.11	19.07	0.0337	-0.0452
6.12	20.35	0.034	-0.0449
6.13	22.179	0.064	-0.0447
6.14	21.981	0.0658	-0.0447
6.15	24.106	0.0676	-0.0446
6.16	24.11	0.0692	-0.0444
6.17	24.265	0.0707	-0.0443
6.18	21.743	0.0697	-0.0443
6.19	19.922	0.0725	-0.0441
6.2	18.8547	0.0722	-0.0439
6.21	18.6139	0.0719	-0.0438
6.22	18.373	0.0715	-0.0437
6.23	18.7	0.0714	-0.0437
6.24	17.011	0.0716	-0.0435
6.25	13.364	0.0717	-0.0435
6.26	12.243	0.0817	-0.0434
6.27	12.465	0.0812	-0.0433
6.28	10.165	0.0807	-0.0431
6.29	9.8829	0.0787	-0.043
6.3	9.6009	0.0681	-0.0429
6.31	9.9628	0.0661	-0.0428
6.32	9.2195	0.0653	-0.0427
6.33	7.9858	0.0651	-0.0427
6.34	7.5266	0.0756	-0.0427
6.35	4.6933	0.0861	-0.0427
6.36	3.5803	0.085	-0.0422
6.37	4.0084	0.0872	-0.0421
6.38	3.5258	0.0893	-0.0422
6.39	3.3545	0.095	-0.042
6.4	3.0549	0.095	-0.0419
6.41	2.8253	0.095	-0.0418
6.42	2.1792	0.0949	-0.0417
6.43	2.1169	0.0931	-0.0417
6.44	1.7511	0.0858	-0.0417
6.45	1.3658	0.0821	-0.0414
6.46	1.2257	0.0606	-0.0414
6.47	1.1635	0.0601	-0.0414
6.48	1.0662	0.0596	-0.0414
6.49	0.965	0.0597	-0.0414
6.5	0.9338	0.0576	-0.0414
6.51	0.9183	0.0555	-0.0414
6.52	0.9124	0.0508	-0.0414
6.53	0.9095	0.0352	-0.0414
6.54	0.9178	0.0308	-0.0414
6.55	0.926	0.0245	-0.0414
6.56	0.9455	0.0204	-0.0414
6.57	0.9766	0.0192	-0.0415
6.58	1.0195	0.0193	-0.0415
6.59	1.0234	0.0184	-0.0414
6.6	0.9879	0.0183	-0.0415
6.61	0.9706	0.0183	-0.0415
6.62	0.965	0.0184	-0.0415
6.63	0.9786	0.0185	-0.0415
6.64	0.9922	0.0216	-0.0415
6.65	1.0584	0.0247	-0.0415
6.66	1.179	0.0259	-0.0415
6.67	1.2335	0.0269	-0.0415
6.68	1.2919	0.029	-0.0416
6.69	1.3425	0.0301	-0.0416
6.7	1.3814	0.0312	-0.0416
6.71	1.4437	0.0314	-0.0416
6.72	1.4514	0.0316	-0.0416
6.73	1.4592	0.0332	-0.0416
6.74	1.4709	0.0342	-0.0417
6.75	1.432	0.0344	-0.0417
6.76	1.4232	0.0347	-0.0418
6.77	1.4145	0.0349	-0.0418
6.78	1.432	0.0351	-0.0419
6.79	1.3931	0.0351	-0.0419
6.8	1.3425	0.0356	-0.0419
6.81	1.2841	0.036	-0.0419
6.82	1.2335	0.0364	-0.042
6.83	1.2102	0.0365	-0.0419
6.84	1.2125	0.0365	-0.042
6.85	1.2147	0.0365	-0.042
6.86	1.2194	0.0365	-0.042
6.87	1.2413	0.0364	-0.042
6.88	1.3152	0.0363	-0.042
6.89	1.3425	0.0362	-0.042
6.9	1.358	0.0361	-0.042
6.91	1.3697	0.0359	-0.0421
6.92	1.3775	0.0355	-0.0421
6.93	1.3697	0.0349	-0.0421
6.94	1.3464	0.0347	-0.0421
6.95	1.3036	0.0345	-0.0421
6.96	1.2608	0.0344	-0.0421
6.97	1.2296	0.0337	-0.0421
6.98	1.2024	0.0295	-0.0422
6.99	1.1751	0.0283	-0.0422
7	1.1206	0.0275	-0.0422
7.01	1.109	0.0267	-0.0422
7.02	1.0817	0.0266	-0.0422
7.03	1.0428	0.0259	-0.0423
7.04	1.0403	0.0251	-0.0422
7.05	1.0392	0.0247	-0.0422
7.06	1.039	0.0246	-0.0423
7.07	1.0526	0.0248	-0.0423
7.08	1.0662	0.0251	-0.0423
7.09	1.0856	0.0257	-0.0423
7.1	1.1362	0.0269	-0.0423
7.11	1.1712	0.0286	-0.0423
7.12	1.1985	0.0302	-0.0423
7.13	1.2296	0.0309	-0.0423
7.14	1.253	0.0319	-0.0423
7.15	1.2841	0.033	-0.0423
7.16	1.3619	0.0352	-0.0423
7.17	1.3814	0.0385	-0.0423
7.18	1.4086	0.0407	-0.0423
7.19	1.4281	0.0406	-0.0423
7.2	1.4437	0.0436	-0.0423
7.21	1.502	0.0445	-0.0423
7.22	1.5098	0.0467	-0.0423
7.23	1.5057	0.0486	-0.0423
7.24	1.5076	0.0495	-0.0423
7.25	1.5095	0.0507	-0.0423
7.26	1.5137	0.0521	-0.0423
7.27	1.5215	0.0536	-0.0423
7.28	1.5332	0.0537	-0.0423
7.29	1.541	0.0538	-0.0423
7.3	1.576	0.0538	-0.0423
7.31	1.611	0.0545	-0.0423
7.32	1.6305	0.0547	-0.0423
7.33	1.6889	0.0549	-0.0423
7.34	1.7161	0.0555	-0.0423
7.35	1.755	0.0561	-0.0423
7.36	1.8095	0.0601	-0.0423
7.37	1.8795	0.0642	-0.0423
7.38	2.1325	0.0672	-0.0423
7.39	2.3076	0.0703	-0.0423
7.4	2.5022	0.0714	-0.0423
7.41	2.7202	0.0744	-0.0423
7.42	2.9848	0.0773	-0.0423
7.43	3.5997	0.0803	-0.0423
7.44	3.8994	0.0837	-0.0423
7.45	4.1251	0.0869	-0.0423
7.46	4.3353	0.092	-0.0425
7.47	4.526	0.0943	-0.0427
7.48	4.7789	0.1027	-0.0428
7.49	4.9307	0.1075	-0.043
7.5	5.0241	0.1103	-0.043
7.51	5.0319	0.1142	-0.043
7.52	5.028	0.1165	-0.0431
7.53	4.9735	0.1199	-0.0431
7.54	4.9735	0.1193	-0.0431
7.55	4.9541	0.12	-0.0431
7.56	4.9502	0.1209	-0.0431
7.57	4.9035	0.122	-0.0431
7.58	4.8373	0.1226	-0.0431
7.59	4.8101	0.1226	-0.0431
7.6	4.7595	0.1226	-0.0431
7.61	4.7245	0.1226	-0.0431
7.62	4.6622	0.1226	-0.0431
7.63	4.6116	0.1222	-0.0431
7.64	4.5844	0.1191	-0.0431
7.65	4.4948	0.1119	-0.0431
7.66	4.4326	0.1072	-0.0431
7.67	4.3625	0.1026	-0.0431
7.68	4.2964	0.1015	-0.0431
7.69	4.203	0.1015	-0.0432
7.7	3.985	0.0908	-0.0431
7.71	3.8449	0.0802	-0.0432
7.72	3.6698	0.0799	-0.0431
7.73	3.4985	0.0799	-0.0431
7.74	3.3195	0.0811	-0.0431
7.75	3.3188	0.0823	-0.0431
7.76	3.3219	0.0843	-0.0432
7.77	3.325	0.0853	-0.043
7.78	3.3701	0.0857	-0.043
7.79	3.6386	0.086	-0.0431
7.8	3.5764	0.0855	-0.0434
7.81	3.5822	0.0851	-0.0436
7.82	3.588	0.0842	-0.0437
7.83	3.6036	0.0843	-0.0438
7.84	3.6348	0.0845	-0.0439
7.85	3.6153	0.0856	-0.0439
7.86	3.5608	0.0879	-0.0439
7.87	3.3429	0.0946	-0.0439
7.88	3.3313	0.0952	-0.0439
7.89	3.3379	0.0953	-0.0439
7.9	3.3446	0.0954	-0.0439
7.91	3.3584	0.0954	-0.0439
7.92	3.9889	0.0955	-0.0439
7.93	4.3586	0.0964	-0.0439
7.94	4.5805	0.0992	-0.0438
7.95	4.6855	0.102	-0.0438
7.96	4.6739	0.1059	-0.0441
7.97	4.5377	0.1073	-0.0446
7.98	4.5377	0.1088	-0.0449
7.99	4.4764	0.1089	-0.045
8	4.4772	0.1089	-0.0451
8.01	4.4781	0.1117	-0.0451
8.02	4.481	0.1124	-0.0451
8.03	4.4987	0.1124	-0.0451
8.04	4.6817	0.1124	-0.0454
8.05	4.6894	0.1123	-0.046
8.06	4.6544	0.1119	-0.0463
8.07	4.6505	0.1091	-0.0465
8.08	4.6194	0.102	-0.0467
8.09	4.5493	0.0949	-0.0469
8.1	4.4287	0.0899	-0.047
8.11	4.3041	0.0822	-0.0472
8.12	4.1913	0.077	-0.0472
8.13	4.0667	0.0714	-0.0473
8.14	3.95	0.071	-0.0474
8.15	3.6853	0.071	-0.0474
8.16	3.5569	0.0711	-0.0473
8.17	3.5068	0.0714	-0.0473
8.18	3.4958	0.0721	-0.0473
8.19	3.5247	0.0726	-0.0473
8.2	3.5537	0.0728	-0.0472
8.21	3.697	0.0728	-0.0472
8.22	4.1874	0.0723	-0.0472
8.23	4.705	0.0717	-0.0472
8.24	5.1876	0.0669	-0.0472
8.25	5.7402	0.0609	-0.0472
8.26	5.8725	0.058	-0.0472
8.27	5.9465	0.058	-0.0473
8.28	6.0126	0.0584	-0.0473
8.29	6.0516	0.0588	-0.0473
8.3	6.036	0.0685	-0.0472
8.31	5.9698	0.0689	-0.0472
8.32	5.9458	0.0729	-0.0472
8.33	5.9459	0.0775	-0.0472
8.34	5.9459	0.0824	-0.0472
8.35	5.9465	0.0861	-0.0472
8.36	5.9698	0.0878	-0.0472
8.37	5.966	0.0883	-0.0472
8.38	6.0068	0.0889	-0.0471
8.39	6.0477	0.0901	-0.0471
8.4	6.2423	0.0913	-0.0471
8.41	6.5653	0.091	-0.0471
8.42	7.581	0.0914	-0.0471
8.43	8.1609	0.0917	-0.047
8.44	8.6396	0.0922	-0.047
8.45	9.1105	0.0923	-0.047
8.46	9.488	0.0922	-0.047
8.47	9.7605	0.0922	-0.047
8.48	9.6787	0.0845	-0.047
8.49	9.5775	0.0794	-0.047
8.5	9.4802	0.0779	-0.047
8.51	9.3285	0.0777	-0.047
8.52	9.1611	0.0777	-0.0469
8.53	8.8264	0.0777	-0.0469
8.54	8.5968	0.0785	-0.0469
8.55	8.3828	0.0811	-0.0469
8.56	8.0987	0.0859	-0.0469
8.57	7.8535	0.1044	-0.0468
8.58	7.6239	0.1095	-0.0468
8.59	7.2658	0.1118	-0.0468
8.6	7.2237	0.1119	-0.0468
8.61	7.2175	0.112	-0.0468
8.62	7.4754	0.1118	-0.0468
8.63	7.7334	0.1117	-0.0467
8.64	8.2504	0.1105	-0.0467
8.65	9.1066	0.1111	-0.0467
8.66	10.142	0.1079	-0.0466
8.67	11.228	0.1052	-0.0467
8.68	12.018	0.0934	-0.0466
8.69	12.45	0.0876	-0.0467
8.7	12.454	0.0864	-0.0466
8.71	12.446	0.0861	-0.0467
8.72	12.333	0.0867	-0.0467
8.73	12.185	0.0874	-0.0467
8.74	11.92	0.088	-0.0467
8.75	11.325	0.0868	-0.0466
8.76	11.3086	0.0856	-0.0466
8.77	11.3434	0.0784	-0.0465
8.78	11.3781	0.0632	-0.0465
8.79	11.453	0.06	-0.0464
8.8	12.617	0.0608	-0.0464
8.81	13.267	0.0615	-0.0464
8.82	13.932	0.0721	-0.0464
8.83	14.516	0.0721	-0.0464
8.84	14.96	0.0721	-0.0464
8.85	15.388	0.0721	-0.0464
8.86	15.871	0.0718	-0.0465
8.87	15.7686	0.0718	-0.0471
8.88	15.9303	0.0718	-0.0471
8.89	16.092	0.0719	-0.047
8.9	16.505	0.0724	-0.0471
8.91	16.816	0.0748	-0.0472
8.92	17.042	0.0793	-0.0472
8.93	17.248	0.0806	-0.0472
8.94	17.217	0.0795	-0.0472
8.95	17.194	0.0847	-0.0472
8.96	17.163	0.0829	-0.0472
8.97	17.124	0.0862	-0.0472
8.98	17.05	0.0883	-0.0471
8.99	17.03	0.0905	-0.0471
9	16.999	0.0919	-0.047
9.01	16.956	0.0936	-0.047
9.02	16.871	0.0945	-0.0469
9.03	16.816	0.0948	-0.0469
9.04	16.719	0.0951	-0.0468
9.05	16.521	0.0963	-0.0468
9.06	16.357	0.0975	-0.0468
9.07	16.24	0.0962	-0.0467
9.08	16.081	0.0948	-0.0467
9.09	15.902	0.0944	-0.0467
9.1	15.47	0.0946	-0.0466
9.11	15.17	0.0944	-0.0465
9.12	14.972	0.0942	-0.0465
9.13	14.687	0.0937	-0.0465
9.14	14.446	0.0924	-0.0464
9.15	13.8	0.0899	-0.0464
9.16	13.419	0.0894	-0.0464
9.17	13.033	0.0891	-0.0463
9.18	12.574	0.0902	-0.0463
9.19	12.068	0.0912	-0.0463
9.2	11.516	0.0934	-0.0462
9.21	10.122	0.1003	-0.0462
9.22	9.3129	0.1037	-0.0461
9.23	8.4917	0.109	-0.0461
9.24	7.8107	0.1131	-0.0461
9.25	7.1529	0.1181	-0.0461
9.26	6.5069	0.1314	-0.0461
9.27	5.892	0.1395	-0.046
9.28	5.0163	0.14	-0.046
9.29	4.7322	0.1405	-0.046
9.3	4.526	0.1405	-0.0461
9.31	4.417	0.1406	-0.0461
9.32	4.3781	0.1407	-0.0461
9.33	4.3314	0.1408	-0.0461
9.34	4.3271	0.138	-0.0461
9.35	4.3298	0.1353	-0.0461
9.36	4.3326	0.1298	-0.0461
9.37	4.3528	0.1188	-0.0461
9.38	4.4404	0.1047	-0.0461
9.39	4.884	0.0968	-0.0461
9.4	5.8414	0.0953	-0.0461
9.41	7.1452	0.0898	-0.0461
9.42	8.7525	0.0843	-0.0461
9.43	12.103	0.0808	-0.0461
9.44	13.454	0.0773	-0.0462
9.45	14.575	0.0773	-0.0463
9.46	15.442	0.0773	-0.0463
9.47	16.194	0.0774	-0.0463
9.48	17.416	0.078	-0.0463
9.49	17.922	0.0795	-0.0464
9.5	18.389	0.081	-0.0463
9.51	18.817	0.0798	-0.0463
9.52	19.206	0.0822	-0.0463
9.53	19.638	0.0811	-0.0462
9.54	20.101	0.0824	-0.0462
9.55	20.981	0.0837	-0.0462
9.56	21.405	0.084	-0.0461
9.57	21.852	0.0844	-0.0461
9.58	22.304	0.0856	-0.0461
9.59	22.755	0.0872	-0.046
9.6	23.576	0.0874	-0.046
9.61	23.86	0.0876	-0.046
9.62	24.168	0.088	-0.046
9.63	24.452	0.0884	-0.0459
9.64	24.798	0.0893	-0.0459
9.65	25.429	0.0935	-0.0458
9.66	25.686	0.0909	-0.0458
9.67	25.915	0.0943	-0.0457
9.68	26.036	0.0963	-0.0456
9.69	26.238	0.0973	-0.0456
9.7	26.417	0.1008	-0.0456
9.71	26.386	0.1034	-0.0455
9.72	26.4035	0.1061	-0.0455
9.73	26.421	0.1057	-0.0454
9.74	26.419	0.1063	-0.0454
9.75	26.422	0.1068	-0.0453
9.76	26.425	0.1072	-0.0452
9.77	26.491	0.1076	-0.0452
9.78	26.402	0.1074	-0.0452
9.79	26.39	0.1072	-0.0451
9.8	26.3894	0.1067	-0.045
9.81	26.3937	0.1056	-0.045
9.82	26.398	0.105	-0.0449
9.83	26.3896	0.1038	-0.0448
9.84	26.3877	0.1033	-0.0447
9.85	26.3868	0.1033	-0.0447
9.86	26.4019	0.1032	-0.0447
9.87	26.417	0.0809	-0.0446
9.88	26.558	0.0586	-0.0445
9.89	26.589	0.0558	-0.0445
9.9	26.624	0.0578	-0.0444
9.91	26.783	0.0597	-0.0443
9.92	26.966	0.0664	-0.0443
9.93	27.102	0.0777	-0.0443
9.94	27.184	0.0891	-0.0443
9.95	27.285	0.0888	-0.0443
9.96	27.281	0.0925	-0.0443
9.97	26.8504	0.0913	-0.044
9.98	26.8317	0.093	-0.0441
9.99	26.8739	0.0932	-0.0441
10	26.916	0.0934	-0.0441
10.01	27.161	0.0941	-0.0442
10.02	27.242	0.0974	-0.0442
10.03	27.098	0.097	-0.0443
10.04	26.834	0.0987	-0.0443
10.05	26.713	0.1003	-0.0443
10.06	26.674	0.101	-0.0443
10.07	26.406	0.1006	-0.0443
10.08	26.25	0.103	-0.0442
10.09	25.838	0.1034	-0.0443
10.1	25.53	0.1035	-0.0442
10.11	25.207	0.1036	-0.0442
10.12	24.958	0.1022	-0.0441
10.13	24.588	0.1008	-0.0441
10.14	24.324	0.0979	-0.0441
10.15	23.685	0.0979	-0.044
10.16	23.421	0.0968	-0.044
10.17	23.187	0.0939	-0.0439
10.18	23.07	0.0953	-0.0439
10.19	22.853	0.0913	-0.0439
10.2	22.343	0.0905	-0.0439
10.21	22.156	0.0869	-0.0438
10.22	21.977	0.0874	-0.0438
10.23	21.864	0.086	-0.0438
10.24	21.689	0.0863	-0.0437
10.25	21.541	0.0836	-0.0437
10.26	21.389	0.0832	-0.0437
10.27	20.856	0.0828	-0.0436
10.28	20.677	0.0826	-0.0435
10.29	20.354	0.0823	-0.0435
10.3	20.082	0.0824	-0.0435
10.31	19.825	0.0809	-0.0435
10.32	19.33	0.0793	-0.0435
10.33	19.004	0.0793	-0.0435
10.34	18.657	0.079	-0.0434
10.35	18.338	0.079	-0.0434
10.36	18.003	0.0792	-0.0434
10.37	17.634	0.0793	-0.0433
10.38	16.995	0.0809	-0.0433
10.39	16.622	0.0826	-0.0433
10.4	16.244	0.0827	-0.0433
10.41	15.867	0.0819	-0.0433
10.42	15.474	0.0811	-0.0432
10.43	14.715	0.0733	-0.0432
10.44	14.302	0.0731	-0.0432
10.45	13.878	0.073	-0.0432
10.46	13.411	0.073	-0.0432
10.47	12.956	0.0729	-0.0432
10.48	11.979	0.0729	-0.0432
10.49	11.457	0.0729	-0.0432
10.5	10.975	0.0729	-0.0432
10.51	10.496	0.073	-0.0432
10.52	10.064	0.073	-0.0433
10.53	9.6632	0.0732	-0.0432
10.54	9.2973	0.0735	-0.0433
10.55	8.5812	0.0735	-0.0433
10.56	8.2543	0.0736	-0.0433
10.57	7.9702	0.0737	-0.0434
10.58	7.69	0.0741	-0.0434
10.59	7.4137	0.0741	-0.0434
10.6	7.1646	0.0741	-0.0435
10.61	6.5497	0.0741	-0.0435
10.62	6.2812	0.074	-0.0435
10.63	6.0165	0.0737	-0.0436
10.64	5.7986	0.0732	-0.0436
10.65	5.5378	0.073	-0.0437
10.66	4.9969	0.073	-0.0438
10.67	4.7556	0.073	-0.0439
10.68	4.5727	0.0731	-0.0439
10.69	4.4559	0.0746	-0.0439
10.7	4.3859	0.0753	-0.044
10.71	4.2341	0.0756	-0.044
10.72	4.1368	0.075	-0.0441
10.73	4.1167	0.0743	-0.0443
10.74	4.1193	0.0729	-0.0443
10.75	4.1218	0.0685	-0.0443
10.76	4.1329	0.0608	-0.0444
10.77	4.7322	0.0569	-0.0445
10.78	5.1526	0.0531	-0.0446
10.79	5.7947	0.0531	-0.0447
10.8	6.5264	0.0529	-0.0448
10.81	7.3942	0.0528	-0.045
10.82	8.1804	0.0506	-0.0451
10.83	9.9239	0.044	-0.0452
10.84	10.986	0.0428	-0.0453
10.85	12.138	0.038	-0.0454
10.86	13.427	0.038	-0.0455
10.87	14.723	0.0379	-0.0456
10.88	16.956	0.0368	-0.0456
10.89	17.984	0.0363	-0.0457
10.9	18.941	0.0399	-0.0458
10.91	19.727	0.0434	-0.0458
10.92	20.864	0.0506	-0.0458
10.93	21.311	0.0549	-0.0459
10.94	21.774	0.0571	-0.0459
10.95	22.09	0.0663	-0.0458
10.96	22.378	0.0613	-0.0459
10.97	22.868	0.0694	-0.0459
10.98	23.032	0.0774	-0.0458
10.99	23.121	0.0769	-0.0458
11	23.16	0.0838	-0.0458
11.01	23.249	0.0861	-0.0457
11.02	23.242	0.0862	-0.0457
11.03	23.421	0.0864	-0.0457
11.04	23.428	0.0865	-0.0457
11.05	23.545	0.0866	-0.0456
11.06	23.724	0.087	-0.0456
11.07	23.5709	0.0911	-0.0465
11.08	23.5929	0.0935	-0.0465
11.09	23.615	0.0958	-0.0466
11.1	24.409	0.0953	-0.0466
11.11	24.409	0.0972	-0.0466
11.12	24.4325	0.0998	-0.0466
11.13	24.456	0.0996	-0.0466
11.14	24.503	0.1006	-0.0466
11.15	24.709	0.1016	-0.0466
11.16	24.756	0.1028	-0.0466
11.17	24.822	0.1057	-0.0466
11.18	24.697	0.1101	-0.0466
11.19	24.51	0.1113	-0.0466
11.2	24.129	0.1147	-0.0466
11.21	23.876	0.1155	-0.0465
11.22	23.658	0.1158	-0.0464
11.23	23.277	0.1159	-0.0464
11.24	23.059	0.1159	-0.0464
11.25	22.751	0.1159	-0.0464
11.26	22.6891	0.1159	-0.0464
11.27	22.6703	0.1153	-0.0464
11.28	22.6884	0.1105	-0.0463
11.29	22.7066	0.1089	-0.0463
11.3	22.817	0.0998	-0.0462
11.31	23.191	0.0988	-0.0462
11.32	24.238	0.0943	-0.0462
11.33	24.837	0.0913	-0.0461
11.34	25.417	0.0899	-0.0461
11.35	25.927	0.09	-0.0461
11.36	26.293	0.0901	-0.046
11.37	27.149	0.0903	-0.046
11.38	27.53	0.0919	-0.0459
11.39	27.799	0.0942	-0.046
11.4	28.064	0.0949	-0.0459
11.41	28.188	0.0955	-0.0458
11.42	28.18	0.0992	-0.0458
11.43	28.1995	0.1001	-0.0457
11.44	28.219	0.1011	-0.0457
11.45	28.25	0.1021	-0.0456
11.46	28.301	0.1038	-0.0456
11.47	28.418	0.1055	-0.0456
11.48	28.449	0.1059	-0.0456
11.49	28.55	0.1124	-0.0455
11.5	28.554	0.1136	-0.0454
11.51	28.64	0.1141	-0.0453
11.52	28.725	0.1146	-0.0453
11.53	28.756	0.1148	-0.0452
11.54	28.826	0.1148	-0.0452
11.55	28.846	0.1148	-0.0452
11.56	28.834	0.1147	-0.0451
11.57	28.838	0.1142	-0.0451
11.58	28.842	0.1136	-0.0451
11.59	28.838	0.113	-0.045
11.6	28.877	0.113	-0.0449
11.61	28.768	0.1129	-0.0449
11.62	28.71	0.1125	-0.0449
11.63	28.632	0.1125	-0.0448
11.64	28.542	0.1125	-0.0448
11.65	28.535	0.1126	-0.0447
11.66	28.5115	0.1127	-0.0447
11.67	28.488	0.1127	-0.0447
11.68	28.492	0.1127	-0.0446
11.69	28.32	0.1127	-0.0446
11.7	28.328	0.1128	-0.0446
11.71	28.239	0.1128	-0.0445
11.72	28.134	0.1129	-0.0444
11.73	28.064	0.1132	-0.0443
11.74	27.962	0.1132	-0.0443
11.75	27.78	0.1131	-0.0443
11.76	27.698	0.1129	-0.0443
11.77	27.449	0.1131	-0.0442
11.78	27.336	0.1086	-0.0442
11.79	27.153	0.1086	-0.0442
11.8	26.857	0.1072	-0.0441
11.81	26.359	0.107	-0.0441
11.82	26.09	0.107	-0.044
11.83	25.853	0.107	-0.0439
11.84	25.643	0.107	-0.0439
11.85	25.316	0.1072	-0.0439
11.86	24.771	0.1074	-0.0439
11.87	24.592	0.109	-0.0438
11.88	24.211	0.1106	-0.0437
11.89	23.818	0.1143	-0.0436
11.9	23.549	0.1155	-0.0436
11.91	23.179	0.1156	-0.0435
11.92	22.471	0.1157	-0.0435
11.93	22.183	0.1157	-0.0435
11.94	21.895	0.1154	-0.0434
11.95	21.576	0.1152	-0.0434
11.96	21.28	0.1147	-0.0433
11.97	20.766	0.1115	-0.0433
11.98	20.634	0.1102	-0.0432
11.99	20.385	0.1096	-0.0432
12	20.272	0.1075	-0.0431
12.01	20.148	0.1095	-0.0431
12.02	19.938	0.1025	-0.0431
12.03	19.572	0.0998	-0.0431
12.04	19.42	0.101	-0.043
12.05	19.198	0.0994	-0.043
12.06	18.918	0.0978	-0.043
12.07	18.645	0.0957	-0.043
12.08	18.303	0.0956	-0.0429
12.09	17.684	0.0938	-0.0429
12.1	17.357	0.0894	-0.0429
12.11	16.968	0.085	-0.0429
12.12	16.606	0.0826	-0.0429
12.13	16.17	0.0824	-0.0428
12.14	15.66	0.0824	-0.0428
12.15	14.493	0.0825	-0.0429
12.16	13.866	0.0827	-0.0429
12.17	13.082	0.0851	-0.0462
12.18	12.298	0.0875	-0.0462
12.19	11.846	0.088	-0.0463
12.2	11.27	0.0944	-0.0464
12.21	10.803	0.1008	-0.0464
12.22	9.9979	0.1025	-0.0464
12.23	9.9704	0.1071	-0.0464
12.24	9.986	0.1079	-0.0465
12.25	10.0015	0.1109	-0.0465
12.26	10.033	0.1121	-0.0465
12.27	11.224	0.1165	-0.0465
12.28	12.076	0.1168	-0.0466
12.29	12.952	0.1168	-0.0466
12.3	13.637	0.1154	-0.0467
12.31	14.174	0.114	-0.0468
12.32	14.575	0.1074	-0.0468
12.33	15.131	0.105	-0.0471
12.34	15.318	0.1052	-0.0476
12.35	15.462	0.1053	-0.0479
12.36	15.497	0.1057	-0.0479
12.37	15.423	0.106	-0.048
12.38	15.217	0.106	-0.048
12.39	14.571	0.1062	-0.048
12.4	14.213	0.1063	-0.0479
12.41	13.905	0.1067	-0.048
12.42	13.617	0.1083	-0.048
12.43	13.438	0.1105	-0.048
12.44	13.111	0.1127	-0.048
12.45	12.944	0.1131	-0.048
12.46	12.8789	0.1132	-0.048
12.47	12.8472	0.1133	-0.048
12.48	12.8403	0.1132	-0.048
12.49	12.8572	0.1132	-0.048
12.5	12.874	0.1121	-0.048
12.51	13.03	0.1115	-0.048
12.52	13.197	0.1113	-0.048
12.53	13.333	0.1111	-0.048
12.54	13.606	0.1026	-0.048
12.55	13.66	0.0965	-0.048
12.56	13.753	0.0963	-0.0481
12.57	13.859	0.0962	-0.0482
12.58	13.897	0.0961	-0.0482
12.59	13.882	0.0961	-0.0483
12.6	13.796	0.096	-0.0484
12.61	13.582	0.096	-0.0485
12.62	13.559	0.096	-0.0484
12.63	13.547	0.0961	-0.0485
12.64	13.532	0.0961	-0.0485
12.65	13.516	0.0962	-0.0485
12.66	13.473	0.0972	-0.0485
12.67	13.434	0.0971	-0.0485
12.68	13.376	0.099	-0.0485
12.69	13.31	0.099	-0.0485
12.7	13.232	0.1022	-0.0485
12.71	12.998	0.1054	-0.0485
12.72	12.749	0.109	-0.0485
12.73	12.345	0.1091	-0.0485
12.74	12.084	0.1092	-0.0485
12.75	11.932	0.1093	-0.0485
12.76	11.531	0.1093	-0.0485
12.77	11.158	0.1099	-0.0485
12.78	10.73	0.1126	-0.0485
12.79	10.298	0.1132	-0.0485
12.8	9.9706	0.113	-0.0485
12.81	9.6982	0.1128	-0.0486
12.82	9.6865	0.1122	-0.0486
12.83	9.6865	0.109	-0.0486
12.84	9.6787	0.0995	-0.0486
12.85	9.6204	0.094	-0.0486
12.86	9.5308	0.0856	-0.0486
12.87	9.3713	0.0832	-0.0487
12.88	9.2598	0.0808	-0.0487
12.89	9.2075	0.0783	-0.0487
12.9	9.21	0.0762	-0.0488
12.91	9.2124	0.0743	-0.0488
12.92	9.2312	0.0731	-0.0489
12.93	9.5347	0.072	-0.0489
12.94	9.6787	0.0691	-0.0489
12.95	9.8188	0.0697	-0.0489
12.96	9.9706	0.0681	-0.0489
12.97	10.107	0.0653	-0.0489
12.98	10.247	0.0624	-0.0489
12.99	10.492	0.062	-0.0489
13	10.597	0.0621	-0.0491
13.01	10.714	0.0621	-0.0492
13.02	10.776	0.0622	-0.0492
13.03	10.815	0.0641	-0.0492
13.04	10.7882	0.0642	-0.0493
13.05	10.7873	0.0651	-0.0493
13.06	10.7906	0.0657	-0.0493
13.07	10.7938	0.0663	-0.0493
13.08	10.842	0.0696	-0.0493
13.09	11.099	0.0705	-0.0493
13.1	11.224	0.0731	-0.0493
13.11	11.352	0.0748	-0.0493
13.12	11.469	0.0776	-0.0493
13.13	11.512	0.079	-0.0493
13.14	11.461	0.0783	-0.0493
13.15	11.212	0.0776	-0.0493
13.16	11.053	0.0751	-0.0493
13.17	10.87	0.0695	-0.0494
13.18	10.71	0.064	-0.0494
13.19	10.6647	0.0616	-0.0494
13.2	10.6634	0.0632	-0.0494
13.21	10.6667	0.0649	-0.0494
13.22	10.67	0.0685	-0.0494
13.23	10.691	0.0709	-0.0494
13.24	10.722	0.0733	-0.0494
13.25	10.811	0.0731	-0.0494
13.26	10.874	0.0736	-0.0494
13.27	10.8569	0.0741	-0.0502
13.28	10.8842	0.0744	-0.0503
13.29	10.9115	0.0744	-0.0503
13.3	11.076	0.0745	-0.0502
13.31	11.119	0.0745	-0.0503
13.32	11.126	0.0745	-0.0503
13.33	11.146	0.0744	-0.0503
13.34	11.119	0.0744	-0.0503
13.35	11.1083	0.0743	-0.0503
13.36	11.1067	0.0742	-0.0503
13.37	11.1069	0.0741	-0.0503
13.38	11.107	0.0742	-0.0503
13.39	11.146	0.074	-0.0503
13.4	11.302	0.0738	-0.0503
13.41	11.344	0.0725	-0.0502
13.42	11.422	0.0733	-0.0502
13.43	11.488	0.0741	-0.0502
13.44	11.57	0.0762	-0.0502
13.45	11.788	0.0805	-0.0502
13.46	11.975	0.0809	-0.0502
13.47	12.236	0.0827	-0.0502
13.48	12.551	0.0845	-0.0501
13.49	12.967	0.0843	-0.0501
13.5	13.835	0.0854	-0.0501
13.51	14.232	0.086	-0.0501
13.52	14.567	0.0862	-0.0501
13.53	14.754	0.0848	-0.0501
13.54	14.831	0.0834	-0.0501
13.55	14.859	0.0805	-0.05
13.56	14.859	0.0802	-0.05
13.57	14.952	0.0802	-0.05
13.58	15.092	0.0802	-0.05
13.59	15.275	0.0803	-0.0499
13.6	15.485	0.0811	-0.0499
13.61	15.734	0.0813	-0.0499
13.62	16.415	0.0815	-0.0498
13.63	16.801	0.084	-0.0498
13.64	17.143	0.0866	-0.0497
13.65	17.486	0.0919	-0.0497
13.66	17.801	0.0971	-0.0497
13.67	18.338	0.0987	-0.0497
13.68	18.536	0.1027	-0.0497
13.69	18.723	0.1034	-0.0496
13.7	18.945	0.1036	-0.0496
13.71	19.081	0.1038	-0.0496
13.72	19.334	0.1163	-0.0496
13.73	19.432	0.1195	-0.0495
13.74	19.478	0.1225	-0.0495
13.75	19.478	0.1244	-0.0495
13.76	19.5365	0.1249	-0.0494
13.77	19.595	0.1279	-0.0494
13.78	19.681	0.1322	-0.0493
13.79	19.727	0.1342	-0.0493
13.8	19.867	0.1379	-0.0493
13.81	19.945	0.1441	-0.0493
13.82	20.047	0.1476	-0.0493
13.83	20.132	0.1481	-0.0492
13.84	20.35	0.1486	-0.0492
13.85	20.49	0.1498	-0.0492
13.86	20.661	0.1515	-0.0491
13.87	20.879	0.1533	-0.0491
13.88	21.128	0.1551	-0.049
13.89	21.743	0.157	-0.049
13.9	22.07	0.1592	-0.049
13.91	22.397	0.1609	-0.0489
13.92	22.654	0.1639	-0.0489
13.93	22.899	0.1669	-0.0489
13.94	23.203	0.1669	-0.0489
13.95	23.253	0.1707	-0.0488
13.96	23.284	0.1693	-0.0488
13.97	23.222	0.1721	-0.0487
13.98	23.148	0.1748	-0.0487
13.99	22.903	0.1806	-0.0486
14	22.728	0.1817	-0.0485
14.01	22.491	0.1818	-0.0485
14.02	22.21	0.1838	-0.0485
14.03	21.946	0.1842	-0.0485
14.04	21.311	0.1844	-0.0484
14.05	21.031	0.1843	-0.0483
14.06	20.681	0.1843	-0.0483
14.07	20.338	0.1841	-0.0482
14.08	19.988	0.182	-0.0482
14.09	19.56	0.1798	-0.0481
14.1	19.183	0.1806	-0.0481
14.11	18.521	0.1745	-0.048
14.12	18.252	0.1742	-0.048
14.13	18.027	0.1697	-0.048
14.14	17.855	0.1641	-0.0479
14.15	17.8569	0.1585	-0.0479
14.16	17.8588	0.1605	-0.0479
14.17	17.8626	0.1566	-0.0478
14.18	17.925	0.1505	-0.0477
14.19	18.101	0.1487	-0.0477
14.2	18.357	0.1483	-0.0477
14.21	19.077	0.1483	-0.0476
14.22	19.509	0.1483	-0.0476
14.23	19.887	0.1483	-0.0476
14.24	20.284	0.151	-0.0476
14.25	20.642	0.1518	-0.0476
14.26	21.101	0.1525	-0.0476
14.27	21.198	0.1522	-0.0475
14.28	21.249	0.1567	-0.0474
14.29	21.265	0.1563	-0.0474
14.3	21.284	0.1599	-0.0474
14.31	21.183	0.1613	-0.0473
14.32	21.1605	0.1612	-0.0473
14.33	21.138	0.1611	-0.0472
14.34	21.148	0.1605	-0.0472
14.35	21.136	0.1557	-0.0472
14.36	21.191	0.1553	-0.0472
14.37	21.082	0.1554	-0.0472
14.38	21.121	0.1554	-0.0471
14.39	20.9103	0.1556	-0.0474
14.4	20.8995	0.157	-0.0475
14.41	20.9113	0.1581	-0.0475
14.42	20.9231	0.1587	-0.0476
14.43	20.949	0.1593	-0.0476
14.44	21.016	0.161	-0.0476
14.45	21.051	0.1628	-0.0476
14.46	21.109	0.1614	-0.0476
14.47	21.128	0.164	-0.0476
14.48	21.179	0.1653	-0.0476
14.49	21.304	0.1683	-0.0476
14.5	21.42	0.1671	-0.0476
14.51	21.502	0.1698	-0.0476
14.52	21.576	0.1698	-0.0476
14.53	21.708	0.1722	-0.0476
14.54	21.798	0.1726	-0.0476
14.55	22.024	0.1729	-0.0476
14.56	22.113	0.1729	-0.0475
14.57	22.241	0.173	-0.0475
14.58	22.339	0.173	-0.0475
14.59	22.428	0.1731	-0.0475
14.6	22.522	0.1731	-0.0475
14.61	22.506	0.1733	-0.0474
14.62	22.533	0.1737	-0.0474
14.63	22.533	0.174	-0.0473
14.64	22.584	0.1741	-0.0473
14.65	22.677	0.1743	-0.0473
14.66	22.701	0.1742	-0.0472
14.67	22.724	0.1752	-0.0472
14.68	22.716	0.1755	-0.0472
14.69	22.693	0.1759	-0.0472
14.7	22.666	0.176	-0.0472
14.71	22.642	0.1761	-0.0471
14.72	22.603	0.1761	-0.0471
14.73	22.584	0.1762	-0.0471
14.74	22.6	0.1763	-0.047
14.75	22.572	0.1768	-0.047
14.76	22.533	0.177	-0.047
14.77	22.456	0.1785	-0.0469
14.78	22.459	0.1799	-0.0468
14.79	22.4224	0.1799	-0.0468
14.8	22.4045	0.1799	-0.0468
14.81	22.4007	0.1798	-0.0468
14.82	22.4057	0.1797	-0.0468
14.83	22.4107	0.1789	-0.0468
14.84	22.4225	0.1785	-0.0467
14.85	22.448	0.1783	-0.0467
14.86	22.491	0.1781	-0.0467
14.87	22.677	0.1781	-0.0466
14.88	22.786	0.178	-0.0466
14.89	22.891	0.1779	-0.0465
14.9	23.012	0.1778	-0.0465
14.91	23.078	0.1777	-0.0465
14.92	23.277	0.1775	-0.0464
14.93	23.351	0.1775	-0.0464
14.94	23.467	0.1772	-0.0464
14.95	23.611	0.1769	-0.0464
14.96	23.724	0.1768	-0.0464
14.97	23.888	0.1768	-0.0463
14.98	23.954	0.1766	-0.0463
14.99	24.078	0.1765	-0.0462
15	24.25	0.1764	-0.0462
15.01	24.425	0.1764	-0.0462
15.02	24.919	0.1764	-0.0461
15.03	25.191	0.1765	-0.0461
15.04	25.448	0.1766	-0.046
15.05	25.678	0.1769	-0.046
15.06	25.946	0.1772	-0.046
15.07	26.219	0.1785	-0.046
15.08	26.729	0.1799	-0.046
15.09	26.974	0.181	-0.0459
15.1	27.149	0.1841	-0.0458
15.11	27.363	0.1859	-0.0458
15.12	27.495	0.1909	-0.0458
15.13	27.702	0.1928	-0.0458
15.14	27.709	0.1938	-0.0457
15.15	27.737	0.1947	-0.0456
15.16	27.698	0.1945	-0.0456
15.17	27.639	0.1969	-0.0456
15.18	27.449	0.1993	-0.0456
15.19	27.359	0.2009	-0.0455
15.2	27.215	0.2017	-0.0455
15.21	27.172	0.2021	-0.0455
15.22	27.028	0.2021	-0.0454
15.23	26.927	0.2021	-0.0453
15.24	26.74	0.2021	-0.0453
15.25	26.651	0.202	-0.0452
15.26	26.542	0.2018	-0.0452
15.27	26.472	0.2018	-0.0452
15.28	26.4718	0.1992	-0.0451
15.29	26.4721	0.2005	-0.0451
15.3	26.4725	0.1966	-0.045
15.31	26.48	0.1965	-0.0449
15.32	26.487	0.1933	-0.0449
15.33	26.487	0.1887	-0.0448
15.34	26.301	0.1884	-0.0448
15.35	26.2486	0.1864	-0.0447
15.36	26.2385	0.1859	-0.0447
15.37	26.2365	0.1855	-0.0447
15.38	26.2472	0.1841	-0.0446
15.39	26.258	0.1828	-0.0446
15.4	26.402	0.1812	-0.0446
15.41	26.406	0.1133	-0.0445
15.42	26.487	0.1086	-0.0444
15.43	26.464	0.1213	-0.0444
15.44	26.378	0.134	-0.0443
15.45	26.168	0.1614	-0.0443
15.46	26.001	0.1638	-0.0443
15.47	25.853	0.164	-0.0443
15.48	25.425	0.1702	-0.0442
15.49	25.0029	0.1699	-0.0462
15.5	24.7964	0.1724	-0.0463
15.51	24.7272	0.1728	-0.0464
15.52	24.658	0.1728	-0.0464
15.53	24.615	0.1728	-0.0464
15.54	24.542	0.1728	-0.0464
15.55	24.366	0.1728	-0.0465
15.56	24.312	0.1694	-0.0465
15.57	24.3116	0.1682	-0.0465
15.58	24.3155	0.1671	-0.0465
15.59	24.3193	0.1661	-0.0465
15.6	24.327	0.1659	-0.0464
15.61	24.53	0.1658	-0.0464
15.62	24.724	0.1658	-0.0464
15.63	24.9	0.1661	-0.0464
15.64	25.176	0.1663	-0.0464
15.65	25.464	0.1668	-0.0464
15.66	25.88	0.168	-0.0464
15.67	26.009	0.169	-0.0464
15.68	26.075	0.1701	-0.0464
15.69	26.18	0.1705	-0.0463
15.7	26.199	0.171	-0.0463
15.71	26.308	0.1791	-0.0463
15.72	26.355	0.1845	-0.0463
15.73	26.382	0.1846	-0.0462
15.74	26.378	0.1847	-0.0462
15.75	26.445	0.1893	-0.0462
15.76	26.631	0.1939	-0.0461
15.77	26.748	0.1939	-0.0461
15.78	26.861	0.1942	-0.0461
15.79	26.888	0.1942	-0.046
15.8	26.9	0.1941	-0.046
15.81	27.048	0.194	-0.046
15.82	27.2	0.1939	-0.046
15.83	27.34	0.1938	-0.0459
15.84	27.503	0.1938	-0.0458
15.85	27.764	0.1968	-0.0458
15.86	28.048	0.1997	-0.0457
15.87	28.328	0.2011	-0.0457
15.88	28.846	0.2025	-0.0456
15.89	29.017	0.2075	-0.0456
15.9	29.208	0.2096	-0.0456
15.91	29.286	0.2123	-0.0456
15.92	29.305	0.2137	-0.0455
15.93	29.239	0.2149	-0.0455
15.94	29.2	0.216	-0.0454
15.95	29.126	0.2178	-0.0453
15.96	29.033	0.2208	-0.0452
15.97	28.932	0.221	-0.0452
15.98	28.768	0.221	-0.0452
15.99	28.729	0.221	-0.0451
16	28.729	0.221	-0.045
16.01	28.698	0.2207	-0.045
16.02	28.655	0.2183	-0.045
16.03	28.468	0.2166	-0.0449
16.04	28.301	0.2163	-0.0448
16.05	28.2	0.2163	-0.0447
16.06	28.052	0.2163	-0.0447
16.07	27.904	0.2163	-0.0447
16.08	27.597	0.2164	-0.0447
16.09	27.468	0.2164	-0.0445
16.1	27.301	0.2163	-0.0445
16.11	27.102	0.2163	-0.0444
16.12	27.017	0.2159	-0.0443
16.13	26.865	0.2147	-0.0443
16.14	26.701	0.2136	-0.0443
16.15	26.6	0.2128	-0.0443
16.16	26.534	0.2107	-0.0442
16.17	26.495	0.2085	-0.0442
16.18	26.39	0.205	-0.0441
16.19	26.176	0.2003	-0.044
16.2	26.1654	0.2008	-0.044
16.21	26.1656	0.1983	-0.0439
16.22	26.1658	0.1983	-0.0439
16.23	26.1705	0.1982	-0.0439
16.24	26.301	0.1982	-0.0439
16.25	26.569	0.1982	-0.0438
16.26	26.877	0.1983	-0.0437
16.27	27.118	0.1983	-0.0437
16.28	27.367	0.1984	-0.0436
16.29	27.725	0.1984	-0.0437
16.3	27.881	0.1988	-0.0435
16.31	28.064	0.1992	-0.0435
16.32	28.176	0.2003	-0.0435
16.33	28.309	0.203	-0.0435
16.34	28.663	0.2047	-0.0435
16.35	28.725	0.2103	-0.0434
16.36	28.807	0.209	-0.0434
16.37	28.924	0.2115	-0.0433
16.38	28.978	0.2093	-0.0433
16.39	29.052	0.2144	-0.0433
16.4	29.072	0.2144	-0.0432
16.41	29.072	0.2098	-0.0432
16.42	29.0734	0.2052	-0.0432
16.43	29.0748	0.1954	-0.0431
16.44	29.0798	0.1753	-0.0431
16.45	29.091	0.1593	-0.0431
16.46	29.0911	0.1611	-0.0431
16.47	29.0912	0.1629	-0.0431
16.48	29.107	0.17	-0.043
16.49	29.126	0.1864	-0.043
16.5	29.2	0.1929	-0.043
16.51	29.192	0.1995	-0.0429
16.52	29.095	0.2	-0.0429
16.53	28.823	0.2031	-0.0429
16.54	27.888	0.2061	-0.0443
16.55	27.5069	0.2066	-0.0443
16.56	27.863	0.2071	-0.0443
16.57	28.219	0.2072	-0.0444
16.58	28.192	0.2074	-0.0446
16.59	28.184	0.2089	-0.0446
16.6	28.169	0.2096	-0.0447
16.61	28.04	0.2103	-0.0447
16.62	28.001	0.2102	-0.0447
16.63	27.873	0.2109	-0.0447
16.64	27.702	0.2115	-0.0447
16.65	27.639	0.2115	-0.0447
16.66	27.351	0.2136	-0.0447
16.67	27.289	0.2157	-0.0447
16.68	27.207	0.2177	-0.0447
16.69	27.169	0.2178	-0.0447
16.7	27.075	0.2176	-0.0447
16.71	26.923	0.2174	-0.0447
16.72	26.807	0.2171	-0.0447
16.73	26.635	0.2163	-0.0447
16.74	26.569	0.2163	-0.0447
16.75	26.375	0.2156	-0.0446
16.76	25.962	0.2133	-0.0446
16.77	25.764	0.2131	-0.0446
16.78	25.526	0.2111	-0.0445
16.79	25.386	0.2091	-0.0446
16.8	25.3887	0.2066	-0.0445
16.81	25.3914	0.1987	-0.0445
16.82	25.416	0.1964	-0.0445
16.83	25.472	0.1954	-0.0445
16.84	25.616	0.1937	-0.0444
16.85	25.799	0.192	-0.0444
16.86	26.04	0.1919	-0.0443
16.87	26.277	0.1918	-0.0443
16.88	26.772	0.1914	-0.0443
16.89	27.013	0.1908	-0.0443
16.9	27.254	0.1912	-0.0443
16.91	27.476	0.1916	-0.0443
16.92	27.655	0.1927	-0.0443
16.93	28.071	0.1931	-0.0442
16.94	28.282	0.1935	-0.0442
16.95	28.558	0.1954	-0.0442
16.96	28.858	0.1972	-0.0441
16.97	29.313	0.2039	-0.0441
16.98	29.523	0.2043	-0.044
16.99	29.737	0.2073	-0.044
17	29.858	0.2158	-0.0439
17.01	30.041	0.2146	-0.0439
17.02	30.119	0.2166	-0.0439
17.03	30.13	0.2187	-0.0439
17.04	30.045	0.2199	-0.0439
17.05	29.998	0.2221	-0.0438
17.06	29.92	0.2253	-0.0438
17.07	29.799	0.2269	-0.0438
17.08	29.78	0.2272	-0.0437
17.09	29.749	0.2284	-0.0437
17.1	29.745	0.2286	-0.0436
17.11	29.745	0.2285	-0.0436
17.12	29.7195	0.2285	-0.0436
17.13	29.694	0.2283	-0.0435
17.14	29.6835	0.2278	-0.0435
17.15	29.6811	0.2278	-0.0435
17.16	29.7046	0.2277	-0.0434
17.17	29.728	0.228	-0.0434
17.18	29.776	0.2282	-0.0434
17.19	29.811	0.2298	-0.0433
17.2	29.838	0.2295	-0.0432
17.21	29.737	0.2314	-0.0432
17.22	29.741	0.2323	-0.0431
17.23	29.655	0.2328	-0.0431
17.24	29.515	0.2326	-0.0431
17.25	29.391	0.2324	-0.043
17.26	29.196	0.2317	-0.043
17.27	29.037	0.2322	-0.0429
17.28	28.636	0.2316	-0.0429
17.29	28.503	0.2311	-0.0428
17.3	28.348	0.2287	-0.0428
17.31	28.3389	0.225	-0.0427
17.32	28.3362	0.2285	-0.0427
17.33	28.3421	0.2207	-0.0427
17.34	28.348	0.2217	-0.0427
17.35	28.398	0.2191	-0.0426
17.36	28.367	0.2187	-0.0426
17.37	28.363	0.2161	-0.0425
17.38	28.27	0.2162	-0.0425
17.39	28.247	0.2163	-0.0424
17.4	28.126	0.2166	-0.0424
17.41	27.982	0.2173	-0.0423
17.42	27.85	0.2168	-0.0423
17.43	27.737	0.2192	-0.0423
17.44	27.612	0.2217	-0.0423
17.45	27.386	0.2217	-0.0423
17.46	27.161	0.2231	-0.0422
17.47	27.005	0.2238	-0.0422
17.48	26.748	0.2238	-0.0422
17.49	26.515	0.2238	-0.0422
17.5	25.88	0.2238	-0.0421
17.51	25.495	0.2236	-0.042
17.52	25.075	0.2179	-0.042
17.53	24.612	0.2141	-0.042
17.54	24.242	0.2102	-0.042
17.55	23.549	0.211	-0.0419
17.56	23.327	0.2069	-0.0419
17.57	23.117	0.2041	-0.0419
17.58	22.934	0.2026	-0.0419
17.59	22.856	0.1974	-0.0419
17.6	22.654	0.1923	-0.0419
17.61	22.631	0.1852	-0.0418
17.62	22.533	0.1781	-0.0419
17.63	22.494	0.1726	-0.0419
17.64	22.44	0.1722	-0.0418
17.65	22.23	0.1724	-0.0418
17.66	21.4221	0.1726	-0.0447
17.67	21.3349	0.1734	-0.0448
17.68	21.2478	0.1773	-0.0449
17.69	21.335	0.1788	-0.045
17.7	21.074	0.1788	-0.0451
17.71	20.743	0.1787	-0.0451
17.72	20.416	0.1785	-0.0452
17.73	20.07	0.1778	-0.0452
17.74	19.669	0.169	-0.0452
17.75	19.109	0.1671	-0.0452
17.76	18.875	0.1636	-0.0452
17.77	18.8162	0.1608	-0.0452
17.78	18.8096	0.1606	-0.0452
17.79	18.8127	0.1585	-0.0452
17.8	18.8159	0.1564	-0.0452
17.81	18.926	0.1562	-0.0453
17.82	19.039	0.1559	-0.0453
17.83	19.151	0.1558	-0.0452
17.84	19.256	0.1559	-0.0453
17.85	19.299	0.1561	-0.0453
17.86	19.221	0.1564	-0.0453
17.87	19.054	0.1586	-0.0453
17.88	18.828	0.1586	-0.0453
17.89	18.517	0.1586	-0.0453
17.9	18.151	0.1586	-0.0453
17.91	17.447	0.1523	-0.0453
17.92	17.1	0.1511	-0.0453
17.93	16.735	0.151	-0.0453
17.94	16.357	0.1468	-0.0453
17.95	16.038	0.147	-0.0453
17.96	15.419	0.141	-0.0453
17.97	15.19	0.1373	-0.0453
17.98	15.038	0.1375	-0.0453
17.99	14.859	0.1358	-0.0453
18	14.66	0.1343	-0.0454
18.01	14.501	0.1283	-0.0454
18.02	14.255	0.1268	-0.0455
18.03	13.726	0.122	-0.0455
18.04	13.399	0.1208	-0.0455
18.05	13.022	0.1149	-0.0455
18.06	12.582	0.1126	-0.0456
18.07	12.216	0.1079	-0.0456
18.08	11.426	0.1036	-0.0456
18.09	11.037	0.1018	-0.0456
18.1	10.656	0.1012	-0.0457
18.11	10.243	0.0994	-0.0457
18.12	9.8422	0.0983	-0.0457
18.13	9.3635	0.0982	-0.0457
18.14	8.4178	0.0995	-0.0458
18.15	7.9624	0.1007	-0.0458
18.16	7.4098	0.1002	-0.0459
18.17	6.8922	0.0998	-0.0459
18.18	6.5225	0.0982	-0.046
18.19	5.6702	0.0948	-0.046
18.2	5.3744	0.0913	-0.046
18.21	4.958	0.0879	-0.0461
18.22	4.5182	0.0884	-0.0462
18.23	4.1757	0.0875	-0.0463
18.24	3.4441	0.0867	-0.0464
18.25	3.086	0.0855	-0.0464
18.26	2.7202	0.08	-0.0466
18.27	2.4711	0.0725	-0.0467
18.28	2.2298	0.0687	-0.0468
18.29	1.973	0.0613	-0.0468
18.3	1.7628	0.0567	-0.0469
18.31	1.4281	0.0518	-0.047
18.32	1.323	0.0481	-0.0472
18.33	1.2491	0.045	-0.0472
18.34	1.1985	0.0413	-0.0473
18.35	1.144	0.0335	-0.0474
18.36	1.0623	0.0279	-0.0475
18.37	1.0389	0.0255	-0.0476
18.38	1.0195	0.0228	-0.0477
18.39	1.0078	0.0212	-0.0478
18.4	0.9883	0.0197	-0.0479
18.41	0.9611	0.018	-0.048
18.42	0.9222	0.0182	-0.048
18.43	0.8949	0.0178	-0.0482
18.44	0.8716	0.017	-0.0484
18.45	0.8599	0.017	-0.0484
18.46	0.8443	0.0169	-0.0485
18.47	0.8365	0.0168	-0.0485
18.48	0.8288	0.0167	-0.0487
18.49	0.8288	0.0167	-0.0487
18.5	0.8249	0.0166	-0.0488
18.51	0.8249	0.0167	-0.0489
18.52	0.821	0.0167	-0.0489
18.53	0.8093	0.0167	-0.049
18.54	0.8015	0.0167	-0.0491
18.55	0.7976	0.0167	-0.0492
18.56	0.7937	0.0168	-0.0493
18.57	0.7937	0.0169	-0.0493
18.58	0.7898	0.017	-0.0493
18.59	0.786	0.017	-0.0493
18.6	0.7898	0.0172	-0.0495
18.61	0.7821	0.0172	-0.0495
18.62	0.7782	0.0173	-0.0496
18.63	0.7743	0.0174	-0.0496
18.64	0.7665	0.0175	-0.0497
18.65	0.7645	0.0175	-0.0497
18.66	0.7626	0.0176	-0.0497
18.67	0.7587	0.0178	-0.0498
18.68	0.7548	0.018	-0.0498
18.69	0.7548	0.018	-0.0499
18.7	0.7554	0.0181	-0.05
18.71	0.7561	0.0182	-0.05
18.72	0.7587	0.0193	-0.0501
18.73	0.7743	0.0203	-0.0501
18.74	0.8054	0.0222	-0.0501
18.75	0.8482	0.0237	-0.0501
18.76	0.9338	0.0277	-0.0501
18.77	1.0545	0.0317	-0.0502
18.78	1.4086	0.0409	-0.0502
18.79	1.8211	0.0502	-0.0505
18.8	2.2337	0.0587	-0.0505
18.81	2.5801	0.0596	-0.0505
18.82	2.9887	0.0605	-0.0505
18.83	3.3779	0.0642	-0.0505
18.84	3.8332	0.0679	-0.0505
18.85	4.8529	0.0706	-0.0505
18.86	5.5495	0.0716	-0.0505
18.87	6.394	0.0716	-0.0505
18.88	7.3592	0.0716	-0.0504
18.89	8.2816	0.0714	-0.0504
18.9	9.7605	0.0704	-0.0504
18.91	10.146	0.0686	-0.0503
18.92	10.305	0.0678	-0.0503
18.93	10.399	0.0673	-0.0503
18.94	10.368	0.0676	-0.0503
18.95	10.045	0.068	-0.0503
18.96	9.7877	0.0687	-0.0503
18.97	9.5114	0.0749	-0.0502
18.98	9.2428	0.083	-0.0502
18.99	9.0288	0.0929	-0.0501
19	8.6591	0.1049	-0.0501
19.01	8.5912	0.1123	-0.0501
19.02	8.5573	0.1154	-0.05
19.03	8.5537	0.1193	-0.05
19.04	8.5558	0.1192	-0.0499
19.05	8.5579	0.1201	-0.0498
19.06	8.6902	0.1211	-0.0499
19.07	9.2896	0.1209	-0.0498
19.08	9.7254	0.1211	-0.0497
19.09	10.301	0.1202	-0.0497
19.1	10.897	0.1193	-0.0497
19.11	11.485	0.1148	-0.0497
19.12	12.041	0.0902	-0.0497
19.13	12.041	0.0901	-0.0497
19.14	11.979	0.0901	-0.0497
19.15	11.827	0.0903	-0.0497
19.16	11.594	0.0904	-0.0497
19.17	10.897	0.0906	-0.0497
19.18	10.418	0.0926	-0.0497
19.19	9.9006	0.0978	-0.0497
19.2	9.4802	0.1077	-0.0496
19.21	9.1183	0.1174	-0.0496
19.22	8.7758	0.1272	-0.0495
19.23	8.1998	0.1282	-0.0494
19.24	8.113	0.1282	-0.0494
19.25	8.1687	0.1282	-0.0493
19.26	8.2244	0.1281	-0.0493
19.27	8.3747	0.1275	-0.0493
19.28	8.6785	0.126	-0.0493
19.29	8.9821	0.1244	-0.0492
19.3	9.2312	0.1187	-0.0492
19.31	9.3596	0.1144	-0.0492
19.32	9.3012	0.1119	-0.0492
19.33	9.1378	0.1113	-0.0491
19.34	8.8731	0.111	-0.0491
19.35	8.733	0.111	-0.0492
19.36	8.5851	0.111	-0.0492
19.37	8.5112	0.1115	-0.0491
19.38	8.4801	0.1164	-0.0492
19.39	8.3322	0.1213	-0.0491
19.4	8.1804	0.1257	-0.0491
19.41	8.0091	0.1296	-0.049
19.42	7.834	0.1346	-0.049
19.43	7.6122	0.1407	-0.049
19.44	7.3398	0.1437	-0.049
19.45	6.612	0.1452	-0.0491
19.46	6.2384	0.1459	-0.0493
19.47	5.8492	0.1458	-0.0494
19.48	5.4795	0.1456	-0.0494
19.49	5.1448	0.144	-0.0494
19.5	4.4754	0.1348	-0.0495
19.51	4.1524	0.1283	-0.0495
19.52	3.8955	0.1217	-0.0495
19.53	3.7087	0.1157	-0.0495
19.54	3.5881	0.1011	-0.0494
19.55	3.4985	0.0685	-0.0495
19.56	3.4674	0.0604	-0.0494
19.57	3.3701	0.0529	-0.0495
19.58	3.2417	0.0482	-0.0495
19.59	3.0549	0.0445	-0.0495
19.6	2.8253	0.0365	-0.0495
19.61	2.5879	0.0345	-0.0495
19.62	2.0897	0.0308	-0.0495
19.63	1.8406	0.0277	-0.0495
19.64	1.6383	0.0255	-0.0495
19.65	1.467	0.0232	-0.0495
19.66	1.3697	0.0227	-0.0496
19.67	1.314	0.0225	-0.0495
19.68	1.3015	0.0223	-0.0496
19.69	1.2985	0.0219	-0.0496
19.7	1.2972	0.021	-0.0495
19.71	1.3042	0.0198	-0.0496
19.72	1.3113	0.0186	-0.0496
19.73	1.2997	0.0185	-0.0496
19.74	1.2841	0.0182	-0.0496
19.75	1.2608	0.0178	-0.0496
19.76	1.2374	0.0166	-0.0496
19.77	1.2063	0.0153	-0.0496
19.78	1.1518	0.0152	-0.0497
19.79	1.1012	0.0153	-0.0497
19.8	1.0545	0.0152	-0.0497
19.81	1.0117	0.0152	-0.0497
19.82	0.9689	0.0152	-0.0497
19.83	0.9105	0.0151	-0.0497
19.84	0.8949	0.015	-0.0497
19.85	0.8794	0.0148	-0.0497
19.86	0.8794	0.0146	-0.0497
19.87	0.8463	0.0144	-0.0496
19.88	0.8434	0.0143	-0.0495
19.89	0.8404	0.0138	-0.0495
19.9	0.8249	0.0138	-0.0495
19.91	0.8249	0.0136	-0.0495
19.92	0.821	0.0133	-0.0495
19.93	0.8208	0.0126	-0.0495
19.94	0.8208	0.011	-0.0495
19.95	0.8209	0.0102	-0.0495
19.96	0.821	0.0094	-0.0495
19.97	0.821	0.0093	-0.0495
19.98	0.8303	0.0093	-0.0495
19.99	0.8395	0.0092	-0.0495
20	0.8599	0.0092	-0.0495
20.01	0.9027	0.0089	-0.048
20.02	0.9027	0.0084	-0.048
20.03	0.8871	0.0084	-0.048
20.04	0.8871	0.0082	-0.048
20.05	0.8852	0.0082	-0.048
20.06	0.8842	0.0081	-0.048
20.07	0.8837	0.0079	-0.0479
20.08	0.8832	0.0078	-0.048
20.09	0.8832	0.0077	-0.0479
20.1	0.8794	0.0076	-0.0479
20.11	0.8774	0.0075	-0.0479
20.12	0.8764	0.0073	-0.0479
20.13	0.8759	0.0072	-0.0478
20.14	0.8757	0.0072	-0.0478
20.15	0.8756	0.0072	-0.0478
20.16	0.8756	0.0071	-0.0478
20.17	0.8775	0.0072	-0.0478
20.18	0.8794	0.0073	-0.0478
20.19	0.8832	0.0074	-0.0477
20.2	0.8794	0.0074	-0.0477
20.21	0.8832	0.0075	-0.0477
20.22	0.8949	0.0076	-0.0477
20.23	0.9027	0.0079	-0.0477
20.24	0.9027	0.008	-0.0477
20.25	0.9028	0.008	-0.0477
20.26	0.9028	0.0081	-0.0476
20.27	0.9029	0.0081	-0.0476
20.28	0.9032	0.0082	-0.0476
20.29	0.9037	0.0082	-0.0476
20.3	0.9066	0.0083	-0.0476
20.31	0.9144	0.0084	-0.0476
20.32	0.9222	0.0086	-0.0476
20.33	0.9572	0.0086	-0.0476
20.34	0.9844	0.0087	-0.0476
20.35	1.0117	0.009	-0.0476
20.36	1.0506	0.0094	-0.0476
20.37	1.0895	0.0101	-0.0476
20.38	1.1557	0.0102	-0.0475
20.39	1.323	0.0103	-0.0476
20.4	1.432	0.011	-0.0476
20.41	1.5643	0.0122	-0.0475
20.42	1.7044	0.014	-0.0475
20.43	1.8056	0.016	-0.0475
20.44	1.8484	0.0172	-0.0474
20.45	1.8328	0.0176	-0.0475
20.46	1.8095	0.0177	-0.0474
20.47	1.7317	0.0177	-0.0474
20.48	1.646	0.0176	-0.0474
20.49	1.5487	0.0174	-0.0474
20.5	1.3931	0.0176	-0.0474
20.51	1.323	0.0169	-0.0474
20.52	1.2569	0.0168	-0.0474
20.53	1.2102	0.0166	-0.0474
20.54	1.2039	0.0167	-0.0473
20.55	1.2028	0.0168	-0.0473
20.56	1.2026	0.0168	-0.0473
20.57	1.2258	0.0168	-0.0473
20.58	1.2491	0.0168	-0.0473
20.59	1.2958	0.0168	-0.0472
20.6	1.3892	0.0165	-0.0473
20.61	1.4437	0.016	-0.0472
20.62	1.4709	0.0158	-0.0472
20.63	1.4982	0.0157	-0.0472
20.64	1.541	0.0156	-0.0472
20.65	1.5721	0.0156	-0.0472
20.66	1.611	0.0156	-0.0472
20.67	1.7161	0.0156	-0.0472
20.68	1.7472	0.0157	-0.0472
20.69	1.755	0.0164	-0.0472
20.7	1.7706	0.0198	-0.0472
20.71	1.7978	0.02	-0.0472
20.72	1.7803	0.0199	-0.0472
20.73	1.7628	0.0199	-0.0472
20.74	1.7706	0.0198	-0.0472
20.75	1.7317	0.0196	-0.0472
20.76	1.6655	0.0191	-0.0471
20.77	1.5293	0.0178	-0.0471
20.78	1.4943	0.0165	-0.0471
20.79	1.4592	0.0165	-0.0471
20.8	1.4437	0.0162	-0.0471
20.81	1.4203	0.016	-0.0471
20.82	1.358	0.0153	-0.0471
20.83	1.3425	0.0139	-0.0471
20.84	1.323	0.0119	-0.047
20.85	1.3075	0.0113	-0.047
20.86	1.301	0.0112	-0.047
20.87	1.2998	0.0111	-0.047
20.88	1.2998	0.0112	-0.047
20.89	1.3308	0.0112	-0.0469
20.9	1.3619	0.0116	-0.0469
20.91	1.4242	0.0125	-0.0469
20.92	1.4943	0.0134	-0.0469
20.93	1.541	0.0143	-0.0469
20.94	1.5682	0.0157	-0.0469
20.95	1.5993	0.0171	-0.0468
20.96	1.646	0.0214	-0.0468
20.97	1.6966	0.0241	-0.0468
20.98	1.8893	0.0258	-0.0465
20.99	2.0819	0.026	-0.0464
21	2.1714	0.026	-0.0464
21.01	2.222	0.0251	-0.0464
21.02	2.2298	0.0242	-0.0464
21.03	2.2181	0.02	-0.0464
21.04	2.2181	0.0186	-0.0464
21.05	2.1909	0.0178	-0.0464
21.06	2.1481	0.0179	-0.0464
21.07	2.0741	0.0175	-0.0464
21.08	1.9146	0.0171	-0.0464
21.09	1.8406	0.0155	-0.0464
21.1	1.7706	0.0158	-0.0464
21.11	1.6694	0.0143	-0.0464
21.12	1.5449	0.0138	-0.0464
21.13	1.4086	0.0138	-0.0464
21.14	1.395	0.0138	-0.0463
21.15	1.3903	0.0138	-0.0463
21.16	1.3996	0.0138	-0.0463
21.17	1.4088	0.0144	-0.0463
21.18	1.4553	0.0148	-0.0463
21.19	1.5293	0.0168	-0.0462
21.2	1.6694	0.0188	-0.0462
21.21	1.7433	0.0189	-0.0462
21.22	1.7978	0.0197	-0.0462
21.23	1.8523	0.0203	-0.0462
21.24	1.9224	0.0221	-0.0461
21.25	2.0158	0.0232	-0.0461
21.26	2.2532	0.0253	-0.0461
21.27	2.3388	0.0264	-0.0461
21.28	2.4594	0.0268	-0.0461
21.29	2.6073	0.0269	-0.0461
21.3	2.7357	0.0268	-0.0461
21.31	2.7902	0.0268	-0.0461
21.32	2.7396	0.026	-0.0461
21.33	2.6385	0.0258	-0.046
21.34	2.5918	0.0259	-0.046
21.35	2.5732	0.0261	-0.046
21.36	2.5816	0.0273	-0.046
21.37	2.59	0.0281	-0.046
21.38	2.6112	0.0288	-0.046
21.39	2.6968	0.0283	-0.046
21.4	2.6968	0.0308	-0.046
21.41	2.6423	0.0332	-0.046
21.42	2.4633	0.0373	-0.046
21.43	2.0391	0.0395	-0.046
21.44	2.0041	0.042	-0.0459
21.45	2.0041	0.0468	-0.0459
21.46	2.0041	0.0553	-0.0459
21.47	2.0041	0.0607	-0.0459
21.48	2.222	0.0609	-0.0459
21.49	2.4283	0.0609	-0.0458
21.5	2.6112	0.0609	-0.0458
21.51	2.7552	0.0609	-0.0458
21.52	2.8136	0.0577	-0.0458
21.53	2.7708	0.0513	-0.0458
21.54	2.6073	0.0481	-0.0458
21.55	2.4127	0.0441	-0.0458
21.56	2.1714	0.0386	-0.0458
21.57	1.9496	0.0352	-0.0458
21.58	1.6227	0.0325	-0.0458
21.59	1.6013	0.0319	-0.0457
21.6	1.5974	0.0318	-0.0457
21.61	1.5986	0.032	-0.0457
21.62	1.5998	0.0322	-0.0457
21.63	1.6032	0.0331	-0.0457
21.64	1.5993	0.0324	-0.0457
21.65	1.5877	0.0356	-0.0456
21.66	1.5565	0.0352	-0.0456
21.67	1.5487	0.0373	-0.0456
21.68	1.5254	0.0393	-0.0456
21.69	1.5059	0.0394	-0.0456
21.7	1.4592	0.0395	-0.0456
21.71	1.4359	0.0396	-0.0456
21.72	1.3619	0.041	-0.0456
21.73	1.3464	0.0409	-0.0456
21.74	1.3075	0.0412	-0.0456
21.75	1.2257	0.0414	-0.0456
21.76	1.1868	0.0417	-0.0456
21.77	1.1557	0.0419	-0.0456
21.78	1.1245	0.0419	-0.0456
21.79	1.0778	0.043	-0.0456
21.8	1.0506	0.0432	-0.0456
21.81	1.0331	0.0433	-0.0456
21.82	1.0244	0.0434	-0.0456
21.83	1.0336	0.0436	-0.0456
21.84	1.0428	0.044	-0.0456
21.85	1.0701	0.0453	-0.0456
21.86	1.1245	0.0453	-0.0456
21.87	1.2763	0.0459	-0.0455
21.88	1.4826	0.0488	-0.0456
21.89	1.6344	0.0546	-0.0455
21.9	1.7239	0.0584	-0.0455
21.91	1.7939	0.0608	-0.0455
21.92	1.8445	0.0641	-0.0455
21.93	1.8367	0.065	-0.0455
21.94	1.7939	0.0659	-0.0455
21.95	1.7394	0.0698	-0.0455
21.96	1.7357	0.0737	-0.0455
21.97	1.7405	0.0771	-0.0455
21.98	1.7454	0.0786	-0.0455
21.99	1.7745	0.0852	-0.0454
22	2.0313	0.0854	-0.0454
22.01	2.3855	0.0849	-0.0454
22.02	3.4557	0.0845	-0.0454
22.03	4.1173	0.0823	-0.0454
22.04	4.9113	0.0835	-0.0453
22.05	5.7091	0.0809	-0.0453
22.06	5.6283	0.0783	-0.045
22.07	6.305	0.0734	-0.0449
22.08	6.9817	0.0699	-0.0449
22.09	7.4876	0.0657	-0.045
22.1	7.8457	0.0637	-0.0449
22.11	8.5112	0.0637	-0.0449
22.12	8.8653	0.0636	-0.0449
22.13	9.1884	0.0635	-0.0449
22.14	9.4802	0.0633	-0.0448
22.15	9.741	0.0619	-0.0448
22.16	10.196	0.0609	-0.0448
22.17	10.395	0.0606	-0.0447
22.18	10.558	0.0604	-0.0447
22.19	10.718	0.0609	-0.0447
22.2	10.866	0.0614	-0.0447
22.21	11.06	0.0624	-0.0447
22.22	11.364	0.0632	-0.0446
22.23	11.465	0.064	-0.0446
22.24	11.574	0.0666	-0.0445
22.25	11.706	0.0653	-0.0445
22.26	11.866	0.0675	-0.0444
22.27	12.088	0.0703	-0.0444
22.28	12.181	0.0723	-0.0443
22.29	12.364	0.0762	-0.0443
22.3	12.547	0.1066	-0.0443
22.31	12.901	0.137	-0.0442
22.32	13.392	0.154	-0.0442

