0	0.12	0	0.001
0.01	0.24	0	0.001
0.02	0.53	0	0.001
0.03	0.53	0	0.001
0.04	0.63	0	0.001
0.05	0.68	0	0.001
0.06	0.64	0.009	0.001
0.07	0.74	0.013	0.001
0.08	0.64	0.018	0.001
0.09	0.4	0.018	0
0.1	0.16	0.015	0.001
0.11	0.11	0.013	0
0.12	0.11	0.006	0
0.13	0.12	0.005	0.001
0.14	0.16	0.005	0.001
0.15	0.16	0.004	0.001
0.16	0.23	0.004	0.001
0.17	0.25	0.003	0.001
0.18	0.3	0.002	0.001
0.19	0.36	0.002	0.001
0.2	0.43	0.002	0.001
0.21	0.51	0.003	0.001
0.22	0.6	0.003	0.001
0.23	0.66	0.004	0.001
0.24	0.65	0.004	0.001
0.25	0.57	0.004	0.001
0.26	0.53	0.005	0.001
0.27	0.53	0.005	0.001
0.28	0.52	0.004	0.001
0.29	0.51	0.004	0.001
0.3	0.5	0.004	0.001
0.31	0.49	0.003	0.001
0.32	0.41	0.003	0.001
0.33	0.39	0.003	0.001
0.34	0.38	0.002	0.001
0.35	0.37	0.002	0
0.36	0.36	0.001	0
0.37	0.36	0.001	0
0.38	0.36	0	0
0.39	0.36	0	0
0.4	0.36	0	0.001
0.41	0.36	0	0.001
0.42	0.01	0	0
0.43	0.13	0.001	0
0.44	0.24	0.001	0
0.45	0.34	0.001	0
0.46	0.34	0.001	0
0.47	0.35	0.001	0
0.48	0.36	0.001	0.001
0.49	0.32	0.002	0.001
0.5	0.32	0.002	0.001
0.51	0.3	0.003	0
0.52	0.3	0.003	0
0.53	0.31	0.004	0
0.54	0.31	0.004	0
0.55	0.33	0.004	0.001
0.56	0.34	0.004	0
0.57	0.34	0.004	0
0.58	0.34	0.004	0
0.59	0.33	0.004	0
0.6	0.33	0.004	0
0.61	0.29	0.004	0
0.62	0.29	0.004	0
0.63	0.29	0.004	0.001
0.64	0.29	0.004	0.001
0.65	0.27	0.004	0.001
0.66	0.25	0.004	0
0.67	0.25	0.004	0
0.68	0.23	0.003	0
0.69	0.22	0.003	0
0.7	0.2	0.003	0
0.71	0.18	0.002	0
0.72	0.16	0.002	0
0.73	0.15	0.002	0
0.74	0.14	0.001	0
0.75	0.14	0.001	0
0.76	0.13	0	0
0.77	0.12	0	0
0.78	0.11	0	0
0.79	0.11	0	0
0.8	0.12	0	0
0.81	0.12	0	0
0.82	0.13	0	0
0.83	0.1	0	0
0.84	0.09	0	0
0.85	0.09	0	-0.001
0.86	0.09	0	-0.001
0.87	0.09	0	-0.001
0.88	0.1	0	0
0.89	0.1	0	0
0.9	0.12	0	0
0.91	0.11	0	0
0.92	0.12	0	0
0.93	0.13	0	0
0.94	0.14	0	0
0.95	0.14	0	0
0.96	0.15	0	0
0.97	0.15	0	0
0.98	0.15	0	0
0.99	0.16	0	0
1	0.13	0	-0.001
1.01	0.13	0	-0.001
1.02	0.13	0	-0.001
1.03	0.13	0	0
1.04	0.14	0	0
1.05	0.14	0	0
1.06	0.16	0	0
1.07	0.17	0	0
1.08	0.18	0	0
1.09	0.18	0	0
1.1	0.18	0	0
1.11	0.18	0	0
1.12	0.19	0	0
1.13	0.2	0	0
1.14	0.2	0	0
1.15	0.19	0.001	0
1.16	0.18	0.001	0
1.17	0.19	0.001	0
1.18	0.19	0.002	-0.001
1.19	0.21	0.002	0
1.2	0.2	0.002	0
1.21	0.18	0.002	0
1.22	0.2	0.001	0.001
1.23	0.17	0.001	0
1.24	0.14	0.001	0
1.25	0.13	0.001	0
1.26	0.13	0.001	0
1.27	0.13	0.002	0
1.28	0.13	0.002	0
1.29	0.13	0.002	0
1.3	0.13	0.002	0
1.31	0.13	0.002	0
1.32	0.13	0.002	0
1.33	0.13	0.002	0
1.34	0.12	0.002	0
1.35	0.11	0.002	0
1.36	0.1	0.002	0
1.37	0.08	0.002	-0.001
1.38	0.07	0.002	-0.001
1.39	0.08	0.002	0
1.4	0.08	0.002	0
1.41	0.08	0.002	0
1.42	0.07	0	0
1.43	0.07	0	0
1.44	0.07	0	0
1.45	0.07	0	0
1.46	0.06	0	0
1.47	0.06	0	0
1.48	0.05	0	0
1.49	0.02	0	0
1.5	0.02	0	-0.001
1.51	0.02	0	0
1.52	0.02	0	0
1.53	0.02	0	0
1.54	0.01	0	0
1.55	0.01	0	0
1.56	0	0	0
1.57	0.02	0	0
1.58	0.04	0	0
1.59	0.08	0.002	0.002
1.6	0.16	0.005	0.004
1.61	0.29	0.009	0.004
1.62	0.52	0.013	0.004
1.63	0.83	0.015	0.003
1.64	0.83	0.019	0
1.65	1.25	0.023	0
1.66	1.62	0.025	-0.001
1.67	1.87	0.03	0
1.68	2	0.035	0
1.69	2	0.04	0
1.7	1.91	0.045	0.001
1.71	1.82	0.048	0.001
1.72	1.8	0.048	0.001
1.73	1.83	0.052	0.001
1.74	1.87	0.056	0.001
1.75	1.84	0.058	0.002
1.76	1.87	0.058	-0.003
1.77	1.84	0.06	-0.003
1.78	1.92	0.063	-0.009
1.79	1.97	0.065	-0.001
1.8	1.97	0.069	-0.01
1.81	1.98	0.073	-0.006
1.82	2.1	0.075	-0.002
1.83	2.1	0.078	-0.007
1.84	2.13	0.081	-0.027
1.85	2.17	0.083	-0.039
1.86	2.24	0.086	-0.044
1.87	2.32	0.089	-0.046
1.88	2.29	0.092	-0.048
1.89	2.37	0.097	-0.05
1.9	2.48	0.1	-0.05
1.91	2.5	0.102	-0.051
1.92	2.5	0.104	-0.05
1.93	2.56	0.105	-0.052
1.94	2.55	0.107	-0.052
1.95	2.51	0.111	-0.052
1.96	2.53	0.114	-0.052
1.97	2.55	0.118	-0.05
1.98	2.61	0.121	-0.049
1.99	2.7	0.123	-0.048
2	2.82	0.125	-0.047
2.01	2.88	0.128	-0.047
2.02	2.89	0.129	-0.047
2.03	2.92	0.13	-0.046
2.04	2.98	0.132	-0.045
2.05	3.07	0.136	-0.043
2.06	3.14	0.139	-0.044
2.07	3.16	0.141	-0.043
2.08	3.21	0.145	-0.043
2.09	3.29	0.149	-0.042
2.1	3.4	0.152	-0.042
2.11	3.49	0.158	-0.042
2.12	3.54	0.163	-0.041
2.13	3.58	0.167	-0.04
2.14	3.58	0.17	-0.04
2.15	3.6	0.172	-0.04
2.16	3.59	0.172	-0.039
2.17	3.54	0.172	-0.039
2.18	3.48	0.171	-0.039
2.19	3.42	0.169	-0.039
2.2	3.34	0.161	-0.039
2.21	3.3	0.156	-0.039
2.22	3.27	0.149	-0.039
2.23	3.29	0.143	-0.038
2.24	3.31	0.138	-0.038
2.25	3.41	0.134	-0.038
2.26	3.48	0.131	-0.037
2.27	3.54	0.129	-0.036
2.28	3.57	0.129	-0.035
2.29	3.62	0.129	-0.035
2.3	3.65	0.13	-0.035
2.31	3.63	0.131	-0.035
2.32	3.67	0.134	-0.035
2.33	3.7	0.136	-0.035
2.34	3.72	0.138	-0.034
2.35	3.78	0.139	-0.033
2.36	3.83	0.142	-0.034
2.37	3.86	0.145	-0.033
2.38	3.9	0.145	-0.032
2.39	3.96	0.145	-0.032
2.4	3.96	0.145	-0.031
2.41	4	0.146	-0.031
2.42	4.03	0.147	-0.03
2.43	4.03	0.149	-0.031
2.44	4	0.15	-0.031
2.45	3.96	0.15	-0.03
2.46	3.94	0.15	-0.03
2.47	3.91	0.15	-0.029
2.48	3.88	0.145	-0.03
2.49	3.84	0.144	-0.03
2.5	3.79	0.069	-0.03
2.51	3.76	0.056	-0.031
2.52	3.76	0.053	-0.031
2.53	3.79	0.052	-0.031
2.54	3.82	0.051	-0.031
2.55	3.91	0.047	-0.031
2.56	4	0.043	-0.018
2.57	3.19	0.04	-0.004
2.58	2.99	0.038	-0.003
2.59	2.96	0.037	-0.001
2.6	3.12	0.037	0
2.61	3.28	0.037	0.001
2.62	3.66	0.038	0.001
2.63	4.12	0.039	0.001
2.64	4.68	0.043	-0.003
2.65	5.27	0.046	-0.011
2.66	5.7	0.048	-0.021
2.67	5.98	0.05	-0.025
2.68	6.19	0.052	-0.031
2.69	6.46	0.054	-0.033
2.7	6.57	0.056	-0.035
2.71	6.58	0.057	-0.035
2.72	6.6	0.059	-0.037
2.73	6.64	0.061	-0.039
2.74	6.62	0.061	-0.038
2.75	6.56	0.06	-0.04
2.76	6.52	0.06	-0.041
2.77	6.47	0.057	-0.041
2.78	6.41	0.053	-0.042
2.79	6.27	0.047	-0.043
2.8	6.05	0.042	-0.043
2.81	5.48	0.042	-0.044
2.82	5.21	0.044	-0.045
2.83	4.94	0.046	-0.045
2.84	4.68	0.048	-0.045
2.85	4.47	0.051	-0.044
2.86	4.36	0.051	-0.043
2.87	4.45	0.051	-0.043
2.88	4.54	0.052	-0.041
2.89	4.9	0.051	-0.041
2.9	5.39	0.051	-0.04
2.91	5.89	0.05	-0.04
2.92	6.27	0.047	-0.039
2.93	6.43	0.046	-0.042
2.94	6.47	0.048	-0.048
2.95	6.53	0.05	-0.048
2.96	6.61	0.054	-0.048
2.97	6.67	0.055	-0.049
2.98	6.67	0.054	-0.049
2.99	6.68	0.054	-0.049
3	6.67	0.053	-0.049
3.01	6.65	0.053	-0.049
3.02	6.62	0.052	-0.049
3.03	6.55	0.051	-0.05
3.04	6.54	0.05	-0.05
3.05	6.48	0.048	-0.05
3.06	6.4	0.047	-0.05
3.07	6.26	0.044	-0.051
3.08	6.12	0.041	-0.051
3.09	5.95	0.039	-0.051
3.1	5.75	0.039	-0.052
3.11	5.58	0.04	-0.051
3.12	5.38	0.042	-0.051
3.13	5.18	0.044	-0.049
3.14	4.93	0.045	-0.048
3.15	4.66	0.047	-0.048
3.16	4.31	0.048	-0.046
3.17	4.17	0.049	-0.045
3.18	4.05	0.05	-0.044
3.19	3.96	0.05	-0.043
3.2	3.92	0.05	-0.041
3.21	3.93	0.049	-0.041
3.22	3.92	0.046	-0.042
3.23	3.89	0.043	-0.044
3.24	3.85	0.041	-0.045
3.25	3.85	0.039	-0.05
3.26	3.86	0.034	-0.052
3.27	4.02	0.03	-0.052
3.28	4.1	0.025	-0.053
3.29	4.13	0.021	-0.052
3.3	4.14	0.019	-0.053
3.31	4.12	0.018	-0.053
3.32	4.07	0.016	-0.054
3.33	3.98	0.015	-0.054
3.34	3.87	0.015	-0.053
3.35	3.44	0.015	-0.042
3.36	3.44	0.015	-0.041
3.37	3.34	0.016	-0.041
3.38	3.18	0.016	-0.041
3.39	3.05	0.016	-0.041
3.4	2.96	0.017	-0.041
3.41	2.86	0.018	-0.04
3.42	2.79	0.018	-0.041
3.43	2.71	0.018	-0.04
3.44	2.59	0.018	-0.04
3.45	2.46	0.018	-0.04
3.46	2.41	0.018	-0.039
3.47	2.32	0.018	-0.039
3.48	2.24	0.018	-0.032
3.49	2.13	0.017	-0.018
3.5	2.03	0.016	-0.008
3.51	1.95	0.016	0
3.52	1.87	0.016	0.004
3.53	1.81	0.015	0.007
3.54	1.75	0.015	0.009
3.55	1.67	0.014	0.01
3.56	1.61	0.014	0.01
3.57	1.58	0.013	0.011
3.58	1.49	0.012	0.011
3.59	1.48	0.012	0.011
3.6	1.47	0.011	0.011
3.61	1.47	0.011	0.013
3.62	1.47	0.01	0.014
3.63	1.48	0.01	0.015
3.64	1.5	0.009	0.015
3.65	1.54	0.009	0.015
3.66	1.59	0.009	0.015
3.67	1.64	0.009	0.015
3.68	1.7	0.009	0.015
3.69	1.73	0.01	0.015
3.7	1.75	0.012	0.015
3.71	1.75	0.015	0.015
3.72	1.79	0.013	0.015
3.73	1.96	0.033	0.015
3.74	2.16	0.029	0.015
3.75	2.48	0.034	0.015
3.76	3.16	0.042	0.015
3.77	5.09	0.064	0.014
3.78	7.69	0.062	0.011
3.79	8.69	0.061	0.01
3.8	9.49	0.033	0.01
3.81	9.56	0.044	0.01
3.82	9.64	0.056	0.011
3.83	9.86	0.079	0.011
3.84	10.96	0.073	0.01
3.85	11.97	0.103	0.01
3.86	11.9	0.11	0.01
3.87	13.21	0.116	0.01
3.88	13.05	0.113	0.011
3.89	13.86	0.11	0.011
3.9	14.95	0.103	0.01
3.91	16.38	0.121	0.01
3.92	17.11	0.139	0.01
3.93	18.22	0.143	0.01
3.94	19.27	0.147	0.01
3.95	21.07	0.132	0.01
3.96	24.52	0.117	0.01
3.97	25.72	0.113	0.003
3.98	27.94	0.112	0.002
3.99	28.72	0.12	0.003
4	27.74	0.128	0.004
4.01	27.7	0.2	0.006
4.02	28.58	0.258	0.008
4.03	29.45	0.203	0.01
4.04	30.84	0.208	0.01
4.05	32.38	0.213	0.011
4.06	30.95	0.254	0.008
4.07	30.39	0.271	0.008
4.08	29.83	0.287	-0.002
4.09	29.85	0.293	0
4.1	29.64	0.271	0.001
4.11	29.43	0.249	0.005
4.12	30.76	0.242	0.008
4.13	32.08	0.242	0.007
4.14	32.69	0.245	0.01
4.15	35.08	0.248	0.013
4.16	36.53	0.209	0.014
4.17	37.77	0.169	0.014
4.18	41.41	0.163	0.007
4.19	41.67	0.169	0.003
4.2	41.41	0.158	0.003
4.21	41.97	0.175	0.003
4.22	42.52	0.191	0.003
4.23	43.06	0.204	0.004
4.24	43.67	0.216	0.007
4.25	44.41	0.23	0.009
4.26	45.03	0.236	0.01
4.27	44.89	0.199	0.01
4.28	44.83	0.199	0.009
4.29	44.77	0.199	0.011
4.3	45.05	0.209	0.01
4.31	45.33	0.194	0.01
4.32	45.43	0.188	0.011
4.33	44.33	0.204	0.012
4.34	44.49	0.207	0.011
4.35	42.27	0.197	0.023
4.36	40.04	0.187	0.013
4.37	40.99	0.185	0.012
4.38	41.93	0.19	0.012
4.39	44.86	0.187	0.013
4.4	43.31	0.19	0.014
4.41	42.22	0.192	0.014
4.42	42.92	0.169	0.013
4.43	43.61	0.175	0.013
4.44	43.96	0.165	0.014
4.45	44.3	0.156	0.016
4.46	43.19	0.184	0.017
4.47	42.84	0.173	0.017
4.48	42.5	0.173	0.017
4.49	42.3	0.174	0.018
4.5	42.29	0.227	0.02
4.51	42.27	0.227	0.019
4.52	42.88	0.221	0.019
4.53	43.5	0.214	0.019
4.54	42.25	0.222	0.019
4.55	40.41	0.223	0.022
4.56	39.81	0.217	0.023
4.57	39.2	0.212	0.023
4.58	39.09	0.171	0.024
4.59	39.05	0.162	0.025
4.6	39.44	0.158	0.022
4.61	37.18	0.154	0.024
4.62	36.5	0.095	0.021
4.63	35.81	0.112	0.021
4.64	36.32	0.082	0.02
4.65	34.59	0.1	0.02
4.66	34.64	0.093	0.021
4.67	34.47	0.087	0.022
4.68	33.6	0.087	0.021
4.69	33.07	0.067	0.015
4.7	33.95	0.068	0.008
4.71	32.04	0.07	0.01
4.72	32.32	0.097	0.006
4.73	33.32	0.101	0.009
4.74	34.33	0.097	0.002
4.75	35.18	0.101	-0.001
4.76	35.94	0.105	-0.001
4.77	32.91	0.101	0
4.78	32.67	0.099	0.002
4.79	32.51	0.097	0.003
4.8	32.42	0.082	0.002
4.81	32.33	0.081	0.003
4.82	32.86	0.08	0.004
4.83	31.26	0.068	0.005
4.84	29.96	0.069	0.006
4.85	26.76	0.071	0.008
4.86	27	0.077	0.008
4.87	27.24	0.073	0.008
4.88	27.67	0.071	0.008
4.89	27.98	0.07	0.008
4.9	26.51	0.089	0.011
4.91	26.84	0.096	0.012
4.92	27.16	0.102	0.014
4.93	27	0.099	0.014
4.94	26.01	0.099	0.019
4.95	24.91	0.114	0.024
4.96	23.17	0.128	0.022
4.97	23.12	0.147	0.02
4.98	23.07	0.15	0.018
4.99	22.68	0.16	0.016
5	20.7	0.17	0.018
5.01	20.43	0.151	0.02
5.02	19.02	0.132	0.023
5.03	18.43	0.13	0.023
5.04	18.66	0.119	0.024
5.05	18.88	0.109	0.028
5.06	18.25	0.092	0.025
5.07	18.67	0.09	0.024
5.08	18.01	0.087	0.024
5.09	17.04	0.086	0.025
5.1	16.71	0.103	0.024
5.11	18.24	0.106	0.024
5.12	19.76	0.105	0.024
5.13	22.91	0.104	0.026
5.14	21.51	0.071	0.028
5.15	20.23	0.074	0.026
5.16	21.37	0.077	0.027
5.17	22.5	0.083	0.026
5.18	22.78	0.086	0.026
5.19	22.87	0.089	0.027
5.2	23.43	0.161	0.028
5.21	23.23	0.234	0.028
5.22	22.75	0.225	0.027
5.23	22.57	0.216	0.026
5.24	22.39	0.212	0.026
5.25	23.56	0.217	0.026
5.26	21.92	0.222	0.026
5.27	18.93	0.223	0.028
5.28	18.54	0.253	0.029
5.29	18.14	0.244	0.029
5.3	17.95	0.245	0.029
5.31	18.1	0.247	0.029
5.32	17.35	0.261	0.027
5.33	17.33	0.197	0.027
5.34	15.43	0.207	0.027
5.35	16.57	0.218	0.028
5.36	17.7	0.247	0.026
5.37	18.93	0.254	0.027
5.38	19.4	0.262	0.028
5.39	21.12	0.254	0.029
5.4	20.84	0.246	0.03
5.41	17.37	0.163	0.03
5.42	16.4	0.181	0.031
5.43	16.26	0.134	0.027
5.44	16.47	0.114	0.028
5.45	16.68	0.145	0.029
5.46	17.9	0.144	0.031
5.47	17.92	0.148	0.031
5.48	16.19	0.151	0.032
5.49	15.59	0.107	0.03
5.5	14.67	0.104	0.031
5.51	13.76	0.102	0.031
5.52	13.46	0.095	0.031
5.53	14.05	0.102	0.031
5.54	14.65	0.101	0.031
5.55	15.54	0.1	0.031
5.56	16.03	0.096	0.03
5.57	15.07	0.09	0.03
5.58	14.1	0.081	0.03
5.59	15.45	0.085	0.03
5.6	13.56	0.089	0.032
5.61	13	0.087	0.029
5.62	11.96	0.073	0.03
5.63	11.01	0.059	0.031
5.64	11.16	0.059	0.031
5.65	11.31	0.059	0.029
5.66	11.32	0.077	0.03
5.67	11.86	0.096	0.03
5.68	10.59	0.097	0.03
5.69	9.78	0.098	0.03
5.7	8.87	0.099	0.03
5.71	8.73	0.098	0.029
5.72	8.43	0.097	0.029
5.73	8.14	0.093	0.029
5.74	7.35	0.081	0.03
5.75	6.96	0.082	0.031
5.76	7.11	0.072	0.03
5.77	6.81	0.069	0.032
5.78	6.91	0.067	0.032
5.79	7.02	0.066	0.032
5.8	6.99	0.057	0.031
5.81	6.94	0.049	0.031
5.82	6.94	0.048	0.03
5.83	6.87	0.044	0.027
5.84	6.77	0.042	0.026
5.85	6.65	0.04	0.025
5.86	6.58	0.039	0.025
5.87	6.51	0.037	0.025
5.88	6.49	0.036	0.024
5.89	6.34	0.033	0.025
5.9	6.26	0.033	0.025
5.91	6.19	0.031	0.025
5.92	6.12	0.031	0.025
5.93	6.06	0.031	0.025
5.94	6.04	0.03	0.025
5.95	5.99	0.03	0.026
5.96	5.93	0.029	0.026
5.97	5.83	0.028	0.025
5.98	5.7	0.028	0.026
5.99	5.54	0.025	0.026
6	5.44	0.025	0.026
6.01	5.36	0.026	0.026
6.02	5.22	0.026	0.026
6.03	5.12	0.026	0.026
6.04	5	0.026	0.025
6.05	4.86	0.026	0.026
6.06	4.73	0.026	0.025
6.07	4.38	0.027	0.025
6.08	4.19	0.026	0.025
6.09	3.96	0.026	0.025
6.1	3.74	0.024	0.025
6.11	3.56	0.027	0.025
6.12	3.37	0.028	0.024
6.13	3.22	0.028	0.025
6.14	3.19	0.027	0.025
6.15	3.23	0.025	0.025
6.16	3.27	0.02	0.024
6.17	3.55	0.019	0.025
6.18	3.78	0.019	0.026
6.19	4.12	0.019	0.026
6.2	4.98	0.02	0.027
6.21	5.37	0.02	0.028
6.22	5.68	0.02	0.028
6.23	5.99	0.021	0.027
6.24	6.3	0.024	0.027
6.25	6.6	0.024	0.027
6.26	6.9	0.024	0.026
6.27	7.15	0.025	0.026
6.28	7.39	0.026	0.025
6.29	7.71	0.027	0.026
6.3	7.8	0.028	0.026
6.31	7.87	0.029	0.026
6.32	7.91	0.03	0.026
6.33	7.96	0.033	0.027
6.34	7.93	0.033	0.026
6.35	7.88	0.034	0.026
6.36	7.83	0.035	0.026
6.37	7.76	0.018	0.027
6.38	7.69	0.025	0.026
6.39	7.6	0.033	0.026
6.4	7.55	0.034	0.026
6.41	7.52	0.034	0.027
6.42	7.51	0.035	0.027
6.43	7.52	0.035	0.027
6.44	7.52	0.035	0.027
6.45	7.62	0.035	0.026
6.46	7.71	0.035	0.025
6.47	7.92	0.036	0.026
6.48	8.13	0.038	0.026
6.49	8.36	0.038	0.026
6.5	8.57	0.04	0.026
6.51	8.71	0.043	0.026
6.52	8.82	0.042	0.026
6.53	8.99	0.042	0.026
6.54	9.18	0.043	0.027
6.55	9.51	0.042	0.027
6.56	10	0.041	0.027
6.57	10.8	0.037	0.027
6.58	11.45	0.037	0.028
6.59	12.18	0.037	0.028
6.6	12.66	0.034	0.027
6.61	13.24	0.03	0.028
6.62	13.45	0.025	0.028
6.63	14.5	0.025	0.032
6.64	15.52	0.021	0.033
6.65	15.83	0.022	0.033
6.66	16.16	0.023	0.034
6.67	17.86	0.034	0.035
6.68	17.68	0.035	0.034
6.69	17.86	0.035	0.035
6.7	18.05	0.035	0.035
6.71	18.39	0.04	0.036
6.72	19.15	0.063	0.035
6.73	18.29	0.055	0.036
6.74	18.25	0.075	0.035
6.75	18.74	0.064	0.035
6.76	19.23	0.065	0.033
6.77	20.73	0.066	0.034
6.78	19.14	0.078	0.035
6.79	18.62	0.078	0.036
6.8	18.11	0.085	0.035
6.81	18.16	0.075	0.036
6.82	18.52	0.073	0.036
6.83	18.89	0.074	0.035
6.84	19.69	0.076	0.035
6.85	20.64	0.089	0.036
6.86	19.47	0.101	0.037
6.87	20.63	0.108	0.035
6.88	21.79	0.118	0.03
6.89	22.49	0.136	0.029
6.9	22.31	0.181	0.03
6.91	18.39	0.192	0.028
6.92	20	0.193	0.031
6.93	20.51	0.195	0.034
6.94	21.02	0.195	0.033
6.95	21.89	0.177	0.035
6.96	21.08	0.159	0.038
6.97	21.09	0.144	0.038
6.98	20.58	0.134	0.038
6.99	20.63	0.138	0.039
7	20.68	0.137	0.039
7.01	20.95	0.137	0.04
7.02	21.71	0.138	0.039
7.03	22.17	0.139	0.04
7.04	22.03	0.121	0.042
7.05	22.07	0.102	0.036
7.06	21.8	0.101	0.037
7.07	21.54	0.099	0.037
7.08	21.44	0.099	0.037
7.09	20.99	0.099	0.037
7.1	21.1	0.086	0.037
7.11	21.22	0.074	0.037
7.12	21.25	0.078	0.038
7.13	21.28	0.069	0.037
7.14	22.2	0.067	0.038
7.15	23.12	0.066	0.039
7.16	21.97	0.066	0.04
7.17	21.21	0.056	0.042
7.18	20.31	0.046	0.04
7.19	20.55	0.045	0.04
7.2	20.8	0.045	0.04
7.21	20.99	0.051	0.037
7.22	21.17	0.053	0.04
7.23	21.38	0.056	0.035
7.24	22.15	0.077	0.035
7.25	21.44	0.099	0.035
7.26	20.73	0.097	0.029
7.27	20.95	0.107	0.028
7.28	20.54	0.118	0.032
7.29	20.76	0.128	0.035
7.3	20.89	0.123	0.033
7.31	21.02	0.118	0.033
7.32	20.85	0.111	0.033
7.33	20.36	0.105	0.033
7.34	19.56	0.098	0.047
7.35	18.77	0.098	0.041
7.36	19.12	0.094	0.018
7.37	19.47	0.097	0.018
7.38	20.65	0.1	0.018
7.39	20.42	0.095	0.027
7.4	20.32	0.093	0.011
7.41	20.21	0.091	0.004
7.42	20.53	0.078	0.003
7.43	20.85	0.071	0.008
7.44	20.37	0.071	0.013
7.45	19.82	0.07	0.006
7.46	20.1	0.064	0.01
7.47	19.72	0.057	0.013
7.48	19.61	0.062	0.015
7.49	19.51	0.054	0.019
7.5	19.63	0.055	0.023
7.51	19.09	0.055	0.031
7.52	19.53	0.062	0.029
7.53	19.29	0.061	0.032
7.54	19.46	0.08	0.032
7.55	19.63	0.061	0.033
7.56	19.81	0.053	0.033
7.57	19.99	0.078	0.034
7.58	20.14	0.103	0.035
7.59	20.17	0.125	0.037
7.6	21.06	0.116	0.038
7.61	19.24	0.132	0.039
7.62	18.93	0.119	0.04
7.63	18.85	0.121	0.038
7.64	17.49	0.109	0.04
7.65	16.99	0.098	0.042
7.66	16.5	0.094	0.041
7.67	17.27	0.081	0.048
7.68	16.25	0.076	0.047
7.69	15.7	0.071	0.047
7.7	17.17	0.056	0.046
7.71	18.63	0.084	0.046
7.72	19.15	0.081	0.047
7.73	17.53	0.085	0.047
7.74	19.55	0.083	0.046
7.75	16.47	0.082	0.044
7.76	15.62	0.06	0.045
7.77	16.1	0.062	0.045
7.78	16.58	0.063	0.047
7.79	18.23	0.073	0.047
7.8	19.89	0.082	0.047
7.81	17.05	0.111	0.048
7.82	16.61	0.126	0.048
7.83	14.13	0.157	0.049
7.84	16.15	0.169	0.05
7.85	10.98	0.182	0.051
7.86	9.28	0.19	0.051
7.87	9.12	0.182	0.051
7.88	9.69	0.173	0.052
7.89	10.25	0.166	0.051
7.9	11.58	0.157	0.052
7.91	10.3	0.107	0.052
7.92	9.65	0.092	0.054
7.93	9.43	0.128	0.053
7.94	9.68	0.137	0.055
7.95	9.94	0.146	0.055
7.96	10.98	0.18	0.055
7.97	10.98	0.187	0.05
7.98	12.69	0.166	0.049
7.99	13.89	0.164	0.049
8	14.07	0.161	0.052
8.01	14.64	0.161	0.048
8.02	15.22	0.159	0.049
8.03	14.54	0.163	0.05
8.04	13.48	0.166	0.05
8.05	14.28	0.17	0.051
8.06	13.72	0.144	0.051
8.07	13.17	0.133	0.053
8.08	13.22	0.136	0.054
8.09	13.27	0.137	0.054
8.1	13.36	0.111	0.055
8.11	13.34	0.085	0.056
8.12	13.35	0.085	0.057
8.13	13.36	0.082	0.059
8.14	13.4	0.08	0.058
8.15	13.36	0.076	0.058
8.16	13.35	0.074	0.058
8.17	13.36	0.074	0.058
8.18	13.36	0.074	0.058
8.19	13.37	0.074	0.057
8.2	13.42	0.073	0.058
8.21	13.44	0.074	0.058
8.22	13.43	0.073	0.058
8.23	13.51	0.073	0.058
8.24	13.51	0.073	0.058
8.25	13.56	0.073	0.058
8.26	13.63	0.073	0.058
8.27	13.67	0.074	0.058
8.28	13.81	0.074	0.058
8.29	13.9	0.075	0.059
8.3	13.92	0.075	0.058
8.31	13.95	0.075	0.059
8.32	13.96	0.075	0.059
8.33	13.92	0.075	0.058
8.34	13.92	0.076	0.059
8.35	13.92	0.042	0.059
8.36	13.9	0.054	0.059
8.37	13.86	0.066	0.058
8.38	13.85	0.068	0.058
8.39	13.87	0.068	0.058
8.4	13.88	0.067	0.058
8.41	13.89	0.068	0.058
8.42	13.95	0.068	0.059
8.43	13.88	0.07	0.057
8.44	14.08	0.071	0.056
8.45	14.29	0.071	0.056
8.46	14.71	0.071	0.056
8.47	15.16	0.073	0.056
8.48	15.82	0.074	0.056
8.49	15.97	0.074	0.058
8.5	16.05	0.075	0.058
8.51	16.06	0.076	0.057
8.52	15.99	0.077	0.058
8.53	16	0.081	0.058
8.54	15.85	0.082	0.058
8.55	15.73	0.084	0.057
8.56	15.2	0.085	0.057
8.57	15	0.084	0.057
8.58	14.8	0.085	0.058
8.59	14.57	0.085	0.06
8.6	14.36	0.085	0.061
8.61	14.18	0.084	0.06
8.62	13.97	0.084	0.06
8.63	13.79	0.084	0.059
8.64	13.64	0.084	0.059
8.65	13.39	0.084	0.059
8.66	13.29	0.084	0.058
8.67	13.19	0.083	0.058
8.68	13.11	0.08	0.058
8.69	13.04	0.079	0.058
8.7	13	0.079	0.058
8.71	12.98	0.078	0.058
8.72	12.94	0.078	0.058
8.73	12.85	0.077	0.059
8.74	12.74	0.076	0.059
8.75	12.7	0.076	0.058
8.76	12.69	0.075	0.058
8.77	12.65	0.075	0.058
8.78	12.65	0.074	0.058
8.79	12.64	0.073	0.058
8.8	12.62	0.072	0.058
8.81	12.58	0.071	0.058
8.82	12.57	0.071	0.058
8.83	12.51	0.07	0.058
8.84	12.49	0.07	0.058
8.85	12.47	0.069	0.058
8.86	12.45	0.068	0.058
8.87	12.44	0.067	0.058
8.88	12.41	0.068	0.058
8.89	12.39	0.067	0.058
8.9	12.31	0.067	0.058
8.91	12.28	0.066	0.058
8.92	12.18	0.065	0.057
8.93	12.13	0.065	0.057
8.94	12.05	0.065	0.057
8.95	12.08	0.065	0.058
8.96	12.12	0.066	0.058
8.97	12.26	0.066	0.058
8.98	12.46	0.066	0.058
8.99	12.62	0.066	0.058
9	12.73	0.067	0.058
9.01	12.73	0.068	0.058
9.02	12.68	0.069	0.058
9.03	12.58	0.07	0.059
9.04	12.46	0.072	0.058
9.05	12.3	0.072	0.059
9.06	12.17	0.073	0.057
9.07	12.05	0.073	0.058
9.08	11.93	0.073	0.057
9.09	11.72	0.073	0.058
9.1	11.56	0.072	0.058
9.11	11.42	0.072	0.058
9.12	11.19	0.071	0.058
9.13	10.98	0.069	0.058
9.14	10.82	0.068	0.057
9.15	10.66	0.067	0.057
9.16	10.51	0.066	0.058
9.17	10.4	0.064	0.058
9.18	10.33	0.063	0.057
9.19	10.3	0.062	0.057
9.2	10.31	0.061	0.058
9.21	10.32	0.06	0.057
9.22	10.38	0.059	0.057
9.23	10.48	0.059	0.057
9.24	10.61	0.059	0.057
9.25	10.75	0.059	0.058
9.26	10.96	0.059	0.058
9.27	11.15	0.059	0.058
9.28	11.35	0.059	0.058
9.29	11.75	0.06	0.058
9.3	11.91	0.06	0.058
9.31	12.07	0.06	0.058
9.32	12.25	0.061	0.058
9.33	12.41	0.061	0.058
9.34	12.56	0.062	0.058
9.35	12.73	0.062	0.059
9.36	12.86	0.063	0.059
9.37	13.06	0.064	0.06
9.38	13.11	0.065	0.059
9.39	13.15	0.065	0.059
9.4	13.15	0.066	0.059
9.41	13.19	0.067	0.059
9.42	13.2	0.066	0.06
9.43	13.15	0.064	0.059
9.44	13.16	0.062	0.059
9.45	13.07	0.062	0.059
9.46	13.04	0.062	0.06
9.47	12.95	0.062	0.06
9.48	12.92	0.062	0.06
9.49	12.86	0.063	0.059
9.5	12.64	0.062	0.058
9.51	12.54	0.062	0.058
9.52	12.44	0.061	0.059
9.53	12.43	0.061	0.059
9.54	12.35	0.061	0.059
9.55	12.31	0.061	0.059
9.56	12.25	0.062	0.059
9.57	12.11	0.062	0.059
9.58	12.05	0.063	0.059
9.59	11.97	0.065	0.059
9.6	11.91	0.063	0.059
9.61	11.8	0.065	0.06
9.62	11.73	0.065	0.06
9.63	11.64	0.065	0.059
9.64	11.55	0.065	0.06
9.65	11.44	0.065	0.059
9.66	11.29	0.064	0.059
9.67	11.2	0.063	0.058
9.68	11.18	0.063	0.059
9.69	11.16	0.062	0.059
9.7	11.09	0.061	0.059
9.71	11.03	0.061	0.059
9.72	10.96	0.06	0.059
9.73	10.76	0.058	0.061
9.74	10.66	0.058	0.062
9.75	10.54	0.058	0.059
9.76	10.37	0.058	0.059
9.77	10.26	0.058	0.06
9.78	10.11	0.059	0.059
9.79	9.95	0.06	0.059
9.8	9.81	0.06	0.059
9.81	9.68	0.06	0.059
9.82	9.49	0.06	0.059
9.83	9.29	0.059	0.059
9.84	9.07	0.059	0.059
9.85	8.82	0.058	0.059
9.86	8.57	0.057	0.058
9.87	8.36	0.055	0.058
9.88	8.04	0.054	0.058
9.89	7.92	0.052	0.058
9.9	7.91	0.05	0.058
9.91	7.95	0.049	0.057
9.92	8	0.047	0.057
9.93	8.2	0.046	0.058
9.94	8.43	0.046	0.058
9.95	8.7	0.045	0.059
9.96	8.9	0.046	0.059
9.97	9.08	0.046	0.059
9.98	9.33	0.047	0.06
9.99	9.44	0.048	0.06
10	9.48	0.049	0.06
10.01	9.56	0.05	0.06
10.02	9.64	0.051	0.06
10.03	9.72	0.052	0.06
10.04	9.78	0.053	0.06
10.05	9.87	0.053	0.06
10.06	9.94	0.054	0.061
10.07	10	0.054	0.06
10.08	10.07	0.055	0.06
10.09	10.16	0.055	0.06
10.1	10.19	0.055	0.06
10.11	10.23	0.055	0.061
10.12	10.26	0.056	0.061
10.13	10.26	0.057	0.061
10.14	10.28	0.057	0.061
10.15	10.26	0.058	0.061
10.16	10.26	0.058	0.061
10.17	10.23	0.059	0.061
10.18	10.15	0.059	0.061
10.19	10.1	0.059	0.061
10.2	10.04	0.06	0.061
10.21	9.98	0.06	0.061
10.22	9.93	0.06	0.061
10.23	9.86	0.061	0.061
10.24	9.82	0.061	0.061
10.25	9.75	0.062	0.062
10.26	9.68	0.062	0.062
10.27	9.63	0.062	0.062
10.28	9.56	0.062	0.062
10.29	9.49	0.062	0.062
10.3	9.34	0.062	0.062
10.31	9.32	0.062	0.063
10.32	9.33	0.062	0.063
10.33	9.33	0.058	0.063
10.34	9.39	0.058	0.062
10.35	9.5	0.059	0.063
10.36	9.63	0.059	0.063
10.37	9.78	0.058	0.063
10.38	10.01	0.058	0.063
10.39	10.56	0.058	0.062
10.4	10.54	0.058	0.062
10.41	10.98	0.053	0.062
10.42	11.43	0.056	0.063
10.43	12	0.059	0.063
10.44	12.4	0.059	0.065
10.45	13.07	0.073	0.062
10.46	13.31	0.066	0.064
10.47	13.64	0.083	0.065
10.48	14.93	0.073	0.064
10.49	15.62	0.085	0.061
10.5	14.83	0.087	0.06
10.51	14.04	0.089	0.059
10.52	13.53	0.092	0.06
10.53	12.95	0.093	0.059
10.54	12.77	0.1	0.06
10.55	12.03	0.101	0.06
10.56	11.79	0.102	0.063
10.57	11.67	0.104	0.063
10.58	11.42	0.094	0.063
10.59	11.17	0.092	0.064
10.6	10.68	0.09	0.065
10.61	10.05	0.085	0.066
10.62	9.77	0.083	0.069
10.63	9.59	0.08	0.071
10.64	9.36	0.078	0.069
10.65	9.13	0.077	0.069
10.66	8.71	0.075	0.07
10.67	8.41	0.075	0.069
10.68	8.22	0.066	0.069
10.69	8.1	0.063	0.069
10.7	8.04	0.06	0.069
10.71	8.03	0.065	0.069
10.72	8.12	0.066	0.07
10.73	8.21	0.066	0.07
10.74	8.3	0.065	0.07
10.75	8.41	0.064	0.07
10.76	8.54	0.061	0.07
10.77	8.72	0.06	0.073
10.78	8.83	0.059	0.073
10.79	8.84	0.058	0.068
10.8	9.05	0.058	0.068
10.81	9.29	0.057	0.068
10.82	9.53	0.055	0.071
10.83	10.24	0.053	0.069
10.84	10.67	0.047	0.07
10.85	11.32	0.035	0.07
10.86	12.55	0.035	0.074
10.87	13.37	0.04	0.076
10.88	12.95	0.044	0.075
10.89	14.04	0.06	0.071
10.9	15.49	0.064	0.071
10.91	15.58	0.06	0.071
10.92	17	0.056	0.07
10.93	18.19	0.057	0.07
10.94	18.8	0.058	0.071
10.95	17.98	0.058	0.09
10.96	18.4	0.118	0.075
10.97	18.82	0.102	0.074
10.98	19.26	0.119	0.074
10.99	19.08	0.107	0.072
11	19.11	0.095	0.072
11.01	20.2	0.107	0.073
11.02	20.85	0.115	0.074
11.03	21.35	0.123	0.073
11.04	20.16	0.118	0.072
11.05	20.37	0.113	0.073
11.06	20.58	0.108	0.074
11.07	21.5	0.087	0.074
11.08	21.12	0.084	0.076
11.09	20.18	0.087	0.077
11.1	20.25	0.091	0.078
11.11	18.77	0.109	0.079
11.12	19.2	0.093	0.077
11.13	19.65	0.111	0.075
11.14	18.93	0.11	0.076
11.15	19.97	0.109	0.077
11.16	21.02	0.078	0.078
11.17	21.24	0.086	0.08
11.18	21.31	0.087	0.08
11.19	21.85	0.088	0.08
11.2	21.81	0.084	0.079
11.21	22.26	0.082	0.081
11.22	22.72	0.081	0.082
11.23	23.66	0.077	0.083
11.24	23.29	0.073	0.08
11.25	23.44	0.077	0.083
11.26	23.59	0.081	0.082
11.27	23.52	0.091	0.081
11.28	23.84	0.092	0.082
11.29	26.29	0.093	0.082
11.3	27.18	0.094	0.084
11.31	26.31	0.089	0.083
11.32	26.52	0.084	0.083
11.33	26.74	0.09	0.083
11.34	27.51	0.096	0.087
11.35	27.73	0.103	0.082
11.36	26.53	0.097	0.082
11.37	26.93	0.054	0.083
11.38	27.32	0.077	0.083
11.39	28.62	0.099	0.082
11.4	27.57	0.139	0.087
11.41	27.99	0.131	0.08
11.42	28.61	0.135	0.079
11.43	28.02	0.139	0.077
11.44	28.47	0.147	0.078
11.45	24.48	0.154	0.081
11.46	26.6	0.161	0.083
11.47	26.96	0.167	0.083
11.48	27.31	0.188	0.084
11.49	29.5	0.184	0.083
11.5	28.83	0.179	0.083
11.51	27.09	0.181	0.086
11.52	27.47	0.159	0.083
11.53	27.84	0.137	0.08
11.54	28.34	0.145	0.082
11.55	28.53	0.147	0.078
11.56	27.66	0.149	0.077
11.57	28.63	0.177	0.082
11.58	29.6	0.186	0.081
11.59	29.69	0.168	0.081
11.6	29.68	0.149	0.081
11.61	29.2	0.143	0.082
11.62	27.91	0.145	0.081
11.63	28.32	0.147	0.08
11.64	27.31	0.139	0.085
11.65	27.29	0.13	0.077
11.66	27.26	0.131	0.081
11.67	27.4	0.13	0.085
11.68	27.23	0.13	0.084
11.69	25.93	0.099	0.083
11.7	25.88	0.081	0.083
11.71	25.84	0.074	0.083
11.72	26.38	0.069	0.082
11.73	26.13	0.065	0.084
11.74	25.88	0.072	0.081
11.75	25.78	0.079	0.085
11.76	25.94	0.091	0.085
11.77	25.52	0.102	0.085
11.78	24.68	0.099	0.085
11.79	24.17	0.096	0.088
11.8	24.56	0.108	0.087
11.81	24.38	0.102	0.087
11.82	24.19	0.096	0.087
11.83	24.47	0.084	0.086
11.84	24.74	0.075	0.088
11.85	24.5	0.072	0.086
11.86	23.95	0.069	0.086
11.87	22.71	0.068	0.083
11.88	21.66	0.059	0.083
11.89	21.48	0.05	0.083
11.9	21.3	0.046	0.084
11.91	21.31	0.042	0.084
11.92	21.33	0.036	0.086
11.93	20.79	0.04	0.087
11.94	19.87	0.04	0.092
11.95	19.96	0.039	0.085
11.96	19.53	0.034	0.087
11.97	18.06	0.052	0.088
11.98	17.76	0.051	0.088
11.99	17.28	0.059	0.088
12	15.38	0.067	0.088
12.01	15.75	0.07	0.09
12.02	15.38	0.073	0.089
12.03	15.89	0.072	0.091
12.04	13.63	0.072	0.092
12.05	12.06	0.073	0.09
12.06	11.21	0.074	0.09
12.07	10.54	0.074	0.09
12.08	10	0.073	0.09
12.09	9.8	0.072	0.091
12.1	9.59	0.071	0.09
12.11	9.36	0.07	0.089
12.12	9.17	0.061	0.093
12.13	8.99	0.059	0.097
12.14	8.89	0.059	0.094
12.15	8.86	0.057	0.096
12.16	8.68	0.056	0.094
12.17	8.56	0.056	0.093
12.18	8.54	0.056	0.092
12.19	8.45	0.055	0.092
12.2	8.38	0.053	0.092
12.21	8.3	0.054	0.092
12.22	8.19	0.052	0.091
12.23	8.14	0.051	0.089
12.24	8.08	0.051	0.09
12.25	8.06	0.049	0.09
12.26	8.01	0.047	0.09
12.27	8.02	0.047	0.089
12.28	7.97	0.046	0.089
12.29	7.92	0.046	0.089
12.3	7.95	0.045	0.09
12.31	7.92	0.045	0.09
12.32	7.9	0.044	0.09
12.33	7.9	0.044	0.09
12.34	7.93	0.044	0.09
12.35	7.96	0.044	0.091
12.36	7.98	0.044	0.09
12.37	7.92	0.044	0.09
12.38	7.87	0.044	0.091
12.39	7.86	0.044	0.09
12.4	7.86	0.044	0.09
12.41	7.85	0.042	0.09
12.42	7.84	0.042	0.09
12.43	7.78	0.042	0.09
12.44	7.65	0.042	0.09
12.45	7.57	0.042	0.09
12.46	7.53	0.043	0.09
12.47	7.45	0.042	0.09
12.48	7.41	0.042	0.089
12.49	7.34	0.042	0.089
12.5	7.35	0.04	0.088
12.51	7.36	0.041	0.088
12.52	7.44	0.04	0.088
12.53	7.52	0.04	0.088
12.54	7.57	0.04	0.088
12.55	7.64	0.04	0.088
12.56	7.66	0.04	0.088
12.57	7.67	0.04	0.088
12.58	7.66	0.04	0.088
12.59	7.63	0.04	0.087
12.6	7.56	0.041	0.088
12.61	7.51	0.041	0.087
12.62	7.46	0.041	0.087
12.63	7.4	0.041	0.088
12.64	7.36	0.04	0.088
12.65	7.34	0.04	0.088
12.66	7.34	0.04	0.088
12.67	7.32	0.04	0.088
12.68	7.31	0.039	0.088
12.69	7.29	0.039	0.088
12.7	7.29	0.039	0.087
12.71	7.3	0.038	0.087
12.72	7.31	0.038	0.087
12.73	7.34	0.038	0.088
12.74	7.36	0.038	0.088
12.75	7.39	0.038	0.088
12.76	7.45	0.038	0.087
12.77	7.46	0.038	0.088
12.78	7.51	0.038	0.088
12.79	7.57	0.038	0.088
12.8	7.62	0.038	0.088
12.81	7.69	0.039	0.088
12.82	7.73	0.039	0.088
12.83	7.8	0.039	0.089
12.84	7.8	0.039	0.089
12.85	7.82	0.04	0.088
12.86	7.8	0.041	0.088
12.87	7.79	0.042	0.088
12.88	7.73	0.042	0.088
12.89	7.7	0.042	0.088
12.9	7.67	0.041	0.088
12.91	7.62	0.041	0.088
12.92	7.53	0.041	0.088
12.93	7.38	0.042	0.088
12.94	7.25	0.042	0.087
12.95	7.1	0.043	0.087
12.96	7.01	0.045	0.087
12.97	6.95	0.046	0.087
12.98	6.87	0.049	0.087
12.99	6.83	0.054	0.088
13	6.77	0.06	0.088
13.01	6.6	0.063	0.088
13.02	6.41	0.064	0.089
13.03	6.22	0.064	0.091
13.04	5.95	0.065	0.092
13.05	5.51	0.065	0.097
13.06	5.13	0.065	0.095
13.07	4.87	0.068	0.095
13.08	4.73	0.07	0.094
13.09	4.63	0.075	0.094
13.1	4.54	0.074	0.094
13.11	4.56	0.073	0.094
13.12	4.57	0.069	0.095
13.13	4.56	0.067	0.097
13.14	4.61	0.067	0.098
13.15	4.6	0.067	0.097
13.16	4.64	0.066	0.095
13.17	5.09	0.066	0.091
13.18	5.5	0.065	0.092
13.19	5.87	0.064	0.093
13.2	6.02	0.062	0.096
13.21	6	0.06	0.099
13.22	5.88	0.058	0.097
13.23	5.74	0.059	0.097
13.24	5.51	0.061	0.095
13.25	5.28	0.062	0.093
13.26	5.09	0.061	0.092
13.27	4.91	0.061	0.092
13.28	4.79	0.059	0.093
13.29	4.61	0.059	0.093
13.3	4.53	0.058	0.096
13.31	4.56	0.056	0.097
13.32	4.6	0.054	0.101
13.33	4.72	0.052	0.1
13.34	4.86	0.051	0.098
13.35	4.93	0.049	0.097
13.36	4.88	0.046	0.097
13.37	4.79	0.045	0.092
13.38	4.61	0.044	0.086
13.39	4.41	0.042	0.085
13.4	4.18	0.04	0.086
13.41	3.97	0.039	0.087
13.42	3.74	0.039	0.09
13.43	3.58	0.039	0.09
13.44	3.51	0.039	0.091
13.45	3.49	0.04	0.09
13.46	3.52	0.04	0.09
13.47	3.55	0.04	0.091
13.48	3.63	0.04	0.091
13.49	3.63	0.04	0.095
13.5	3.59	0.041	0.097
13.51	3.55	0.041	0.095
13.52	3.52	0.044	0.098
13.53	3.52	0.045	0.1
13.54	3.57	0.046	0.098
13.55	3.62	0.048	0.094
13.56	3.83	0.048	0.094
13.57	4.04	0.048	0.095
13.58	4.37	0.047	0.097
13.59	4.83	0.046	0.099
13.6	6.16	0.045	0.099
13.61	7.06	0.045	0.098
13.62	7.9	0.046	0.099
13.63	8.68	0.046	0.097
13.64	9.26	0.052	0.097
13.65	9.77	0.054	0.096
13.66	10.22	0.055	0.096
13.67	10.63	0.056	0.096
13.68	11.02	0.058	0.096
13.69	11.65	0.059	0.098
13.7	11.87	0.062	0.098
13.71	12.08	0.064	0.097
13.72	12.3	0.067	0.099
13.73	12.53	0.073	0.098
13.74	12.78	0.076	0.098
13.75	13	0.078	0.098
13.76	13.17	0.08	0.098
13.77	13.27	0.083	0.098
13.78	13.35	0.085	0.098
13.79	13.38	0.088	0.099
13.8	13.39	0.09	0.099
13.81	13.4	0.092	0.099
13.82	13.4	0.095	0.098
13.83	13.38	0.096	0.099
13.84	13.33	0.098	0.099
13.85	13.3	0.1	0.099
13.86	13.22	0.1	0.099
13.87	13.19	0.1	0.099
13.88	13.1	0.1	0.099
13.89	12.99	0.1	0.099
13.9	12.72	0.101	0.1
13.91	12.66	0.1	0.1
13.92	12.66	0.1	0.099
13.93	12.69	0.1	0.099
13.94	12.73	0.099	0.099
13.95	12.82	0.097	0.099
13.96	12.79	0.096	0.1
13.97	12.74	0.096	0.1
13.98	12.6	0.095	0.1
13.99	12.4	0.096	0.1
14	12.24	0.096	0.098
14.01	12.05	0.094	0.097
14.02	12.03	0.093	0.097
14.03	12.06	0.09	0.097
14.04	12.09	0.089	0.097
14.05	12.1	0.084	0.096
14.06	12.06	0.084	0.097
14.07	12.01	0.085	0.095
14.08	11.89	0.085	0.091
14.09	11.65	0.087	0.086
14.1	11.07	0.088	0.086
14.11	10.75	0.088	0.086
14.12	10.32	0.09	0.087
14.13	9.82	0.092	0.087
14.14	9.27	0.095	0.088
14.15	8.77	0.098	0.088
14.16	8.43	0.098	0.088
14.17	8.37	0.097	0.087
14.18	8.5	0.095	0.088
14.19	8.64	0.094	0.088
14.2	9.25	0.093	0.089
14.21	10.08	0.09	0.092
14.22	12.16	0.087	0.094
14.23	12.67	0.08	0.091
14.24	12.88	0.073	0.089
14.25	13	0.072	0.083
14.26	13.07	0.072	0.054
14.27	13.04	0.073	0.046
14.28	12.95	0.075	0.048
14.29	12.82	0.075	0.049
14.3	12.84	0.077	0.052
14.31	12.87	0.08	0.054
14.32	13.01	0.084	0.056
14.33	13.14	0.087	0.057
14.34	13.27	0.092	0.058
14.35	13.33	0.094	0.058
14.36	13.4	0.088	0.058
14.37	13.46	0.083	0.059
14.38	13.54	0.084	0.059
14.39	13.52	0.086	0.059
14.4	13.43	0.089	0.06
14.41	13.38	0.091	0.06
14.42	13.31	0.093	0.06
14.43	13.25	0.094	0.066
14.44	13.05	0.095	0.072
14.45	12.95	0.095	0.069
14.46	12.92	0.096	0.068
14.47	12.88	0.097	0.067
14.48	12.88	0.096	0.068
14.49	12.88	0.096	0.067
14.5	12.86	0.096	0.067
14.51	12.83	0.095	0.068
14.52	12.78	0.095	0.069
14.53	12.68	0.095	0.068
14.54	12.63	0.095	0.069
14.55	12.54	0.095	0.069
14.56	12.48	0.094	0.069
14.57	12.4	0.093	0.069
14.58	12.34	0.093	0.07
14.59	12.27	0.093	0.071
14.6	12.13	0.093	0.071
14.61	12.03	0.094	0.071
14.62	11.89	0.094	0.071
14.63	11.64	0.094	0.071
14.64	11.54	0.093	0.071
14.65	11.42	0.092	0.071
14.66	11.38	0.091	0.072
14.67	11.29	0.091	0.072
14.68	11.23	0.09	0.072
14.69	11.17	0.089	0.073
14.7	11.1	0.087	0.073
14.71	11.05	0.086	0.073
14.72	11.02	0.087	0.073
14.73	10.98	0.086	0.074
14.74	10.91	0.086	0.074
14.75	10.83	0.085	0.074
14.76	10.7	0.084	0.074
14.77	10.56	0.083	0.074
14.78	10.43	0.083	0.074
14.79	10.3	0.082	0.074
14.8	10.16	0.082	0.075
14.81	10.02	0.081	0.075
14.82	9.9	0.08	0.076
14.83	9.86	0.08	0.076
14.84	9.83	0.077	0.076
14.85	9.82	0.076	0.077
14.86	9.82	0.076	0.077
14.87	9.82	0.075	0.077
14.88	9.83	0.075	0.077
14.89	9.83	0.074	0.077
14.9	9.84	0.075	0.078
14.91	9.89	0.074	0.078
14.92	9.92	0.074	0.079
14.93	9.94	0.073	0.079
14.94	10	0.073	0.079
14.95	10.05	0.073	0.079
14.96	10.1	0.073	0.08
14.97	10.19	0.074	0.08
14.98	10.2	0.074	0.08
14.99	10.2	0.074	0.08
15	10.23	0.074	0.081
15.01	10.25	0.075	0.081
15.02	10.32	0.075	0.082
15.03	10.43	0.075	0.081
15.04	10.54	0.075	0.082
15.05	10.66	0.076	0.082
15.06	10.73	0.077	0.083
15.07	10.78	0.077	0.084
15.08	10.78	0.078	0.084
15.09	10.8	0.078	0.084
15.1	10.9	0.079	0.085
15.11	10.95	0.08	0.085
15.12	11.04	0.08	0.085
15.13	11.13	0.081	0.085
15.14	11.25	0.081	0.086
15.15	11.35	0.081	0.086
15.16	11.42	0.081	0.086
15.17	11.47	0.082	0.087
15.18	11.55	0.082	0.087
15.19	11.83	0.082	0.088
15.2	12.03	0.083	0.088
15.21	12.2	0.084	0.088
15.22	12.37	0.085	0.089
15.23	12.52	0.087	0.089
15.24	12.68	0.088	0.09
15.25	12.81	0.089	0.091
15.26	12.92	0.09	0.091
15.27	12.99	0.091	0.091
15.28	13.13	0.085	0.092
15.29	13.21	0.08	0.092
15.3	13.25	0.08	0.093
15.31	13.28	0.081	0.093
15.32	13.32	0.084	0.093
15.33	13.36	0.086	0.093
15.34	13.4	0.088	0.094
15.35	13.44	0.092	0.094
15.36	13.31	0.094	0.094
15.37	13.33	0.095	0.095
15.38	13.34	0.096	0.096
15.39	13.45	0.098	0.096
15.4	13.51	0.099	0.097
15.41	13.52	0.1	0.097
15.42	13.6	0.101	0.098
15.43	13.61	0.103	0.098
15.44	13.65	0.106	0.098
15.45	13.71	0.107	0.098
15.46	13.78	0.108	0.099
15.47	13.85	0.108	0.1
15.48	13.92	0.109	0.1
15.49	13.99	0.109	0.101
15.5	14.06	0.11	0.101
15.51	14.33	0.11	0.101
15.52	14.53	0.112	0.101
15.53	14.81	0.113	0.102
15.54	15.09	0.114	0.103
15.55	15.37	0.115	0.103
15.56	15.64	0.117	0.103
15.57	15.92	0.119	0.104
15.58	16.19	0.122	0.105
15.59	16.6	0.124	0.105
15.6	16.75	0.13	0.106
15.61	16.87	0.133	0.107
15.62	16.94	0.136	0.107
15.63	17	0.138	0.107
15.64	17.01	0.14	0.107
15.65	17.1	0.143	0.108
15.66	17.26	0.145	0.109
15.67	17.24	0.147	0.108
15.68	17.27	0.148	0.108
15.69	17.28	0.148	0.108
15.7	17.31	0.148	0.108
15.71	17.37	0.149	0.109
15.72	17.42	0.151	0.11
15.73	17.49	0.151	0.109
15.74	17.68	0.152	0.11
15.75	17.81	0.156	0.111
15.76	17.91	0.156	0.11
15.77	17.98	0.156	0.111
15.78	18	0.157	0.111
15.79	17.97	0.159	0.111
15.8	17.94	0.159	0.11
15.81	17.89	0.159	0.11
15.82	17.88	0.161	0.11
15.83	17.9	0.161	0.11
15.84	17.92	0.162	0.11
15.85	17.99	0.162	0.109
15.86	18.07	0.162	0.11
15.87	18.18	0.162	0.11
15.88	18.53	0.163	0.11
15.89	18.68	0.163	0.11
15.9	18.82	0.164	0.111
15.91	18.93	0.164	0.111
15.92	19.01	0.164	0.111
15.93	19.09	0.165	0.111
15.94	19.25	0.165	0.111
15.95	19.6	0.167	0.111
15.96	19.78	0.169	0.111
15.97	19.95	0.17	0.112
15.98	20.18	0.171	0.111
15.99	20.38	0.172	0.111
16	20.52	0.174	0.111
16.01	20.7	0.177	0.111
16.02	20.95	0.178	0.11
16.03	21.13	0.18	0.11
16.04	21.36	0.183	0.109
16.05	21.52	0.185	0.11
16.06	21.64	0.186	0.11
16.07	21.71	0.187	0.11
16.08	21.79	0.187	0.11
16.09	21.83	0.188	0.109
16.1	21.83	0.19	0.108
16.11	21.84	0.19	0.108
16.12	21.75	0.19	0.108
16.13	21.66	0.191	0.107
16.14	21.64	0.191	0.107
16.15	21.65	0.191	0.106
16.16	21.66	0.192	0.106
16.17	21.64	0.193	0.107
16.18	21.59	0.193	0.107
16.19	21.49	0.194	0.107
16.2	21.25	0.194	0.107
16.21	21.1	0.194	0.107
16.22	20.95	0.194	0.107
16.23	20.84	0.194	0.107
16.24	20.81	0.194	0.107
16.25	20.72	0.193	0.106
16.26	20.62	0.19	0.106
16.27	20.63	0.189	0.105
16.28	20.64	0.188	0.105
16.29	20.75	0.176	0.105
16.3	20.86	0.164	0.106
16.31	20.94	0.164	0.106
16.32	20.97	0.164	0.107
16.33	20.91	0.164	0.107
16.34	20.78	0.165	0.107
16.35	20.64	0.167	0.107
16.36	20.09	0.168	0.118
16.37	19.54	0.167	0.112
16.38	19.54	0.167	0.106
16.39	19.36	0.165	0.106
16.4	19.11	0.164	0.105
16.41	18.6	0.162	0.105
16.42	18.28	0.16	0.105
16.43	17.92	0.158	0.106
16.44	17.54	0.155	0.105
16.45	17.14	0.153	0.105
16.46	16.78	0.152	0.105
16.47	16.38	0.151	0.105
16.48	15.95	0.15	0.104
16.49	15.18	0.148	0.104
16.5	14.85	0.147	0.104
16.51	14.55	0.143	0.103
16.52	14.3	0.138	0.103
16.53	14.04	0.135	0.103
16.54	13.78	0.131	0.103
16.55	13.56	0.128	0.103
16.56	13.36	0.124	0.103
16.57	13.13	0.121	0.103
16.58	12.65	0.119	0.104
16.59	12.4	0.114	0.103
16.6	12.2	0.111	0.103
16.61	12.02	0.109	0.103
16.62	11.85	0.107	0.102
16.63	11.65	0.105	0.102
16.64	11.43	0.103	0.102
16.65	11.14	0.1	0.102
16.66	10.57	0.099	0.101
16.67	10.29	0.096	0.099
16.68	10.03	0.089	0.099
16.69	9.79	0.087	0.099
16.7	9.64	0.085	0.099
16.71	9.49	0.082	0.099
16.72	9.36	0.08	0.099
16.73	9.29	0.078	0.1
16.74	9.27	0.076	0.1
16.75	9.29	0.075	0.1
16.76	9.3	0.074	0.1
16.77	9.33	0.074	0.1
16.78	9.31	0.074	0.1
16.79	9.24	0.075	0.1
16.8	9.17	0.074	0.1
16.81	9.12	0.074	0.1
16.82	9.01	0.073	0.1
16.83	8.64	0.071	0.1
16.84	8.27	0.071	0.102
16.85	7.9	0.071	0.104
16.86	7.67	0.07	0.104
16.87	7.61	0.067	0.104
16.88	7.62	0.064	0.103
16.89	7.64	0.06	0.103
16.9	7.65	0.057	0.103
16.91	7.34	0.054	0.102
16.92	6.05	0.052	0.105
16.93	5.38	0.05	0.102
16.94	5.25	0.044	0.098
16.95	5.16	0.043	0.098
16.96	5.09	0.042	0.097
16.97	5.01	0.04	0.097
16.98	4.91	0.04	0.097
16.99	4.86	0.037	0.097
17	4.86	0.035	0.097
17.01	4.87	0.032	0.097
17.02	4.93	0.03	0.096
17.03	4.86	0.028	0.096
17.04	4.6	0.027	0.096
17.05	4.17	0.024	0.095
17.06	3.89	0.022	0.094
17.07	3.67	0.021	0.094
17.08	3.52	0.02	0.094
17.09	3.31	0.018	0.094
17.1	3.13	0.019	0.094
17.11	2.92	0.02	0.094
17.12	2.74	0.018	0.094
17.13	2.61	0.016	0.094
17.14	2.52	0.015	0.093
17.15	2.23	0.013	0.094
17.16	2.08	0.011	0.094
17.17	2.02	0.011	0.094
17.18	1.95	0.01	0.095
17.19	1.96	0.01	0.094
17.2	1.97	0.01	0.094
17.21	1.96	0.01	0.095
17.22	1.8	0.009	0.094
17.23	1.62	0.009	0.096
17.24	1.69	0.009	0.096
17.25	1.43	0.009	0.097
17.26	1.34	0.01	0.101
17.27	1.21	0.01	0.104
17.28	1.08	0.01	0.103
17.29	1.09	0.01	0.105
17.3	1.1	0.011	0.107
17.31	1.12	0.01	0.109
17.32	1.06	0.01	0.11
17.33	1	0.01	0.108
17.34	0.95	0.009	0.106
17.35	0.83	0.009	0.104
17.36	0.77	0.008	0.102
17.37	0.76	0.008	0.094
17.38	0.76	0.008	0.091
17.39	0.77	0.008	0.085
17.4	0.79	0.008	0.086
17.41	0.79	0.008	0.082
17.42	0.77	0.008	0.102
17.43	0.7	0.008	0.121
17.44	0.66	0.008	0.111
17.45	0.63	0.008	0.094
17.46	0.63	0.009	0.087
17.47	0.61	0.01	0.084
17.48	0.62	0.011	0.084
17.49	0.64	0.012	0.084
17.5	0.69	0.016	0.088
17.51	0.76	0.016	0.093
17.52	0.8	0.016	0.094
17.53	0.84	0.016	0.094
17.54	0.87	0.017	0.092
17.55	0.94	0.017	0.091
17.56	1.01	0.018	0.083
17.57	1.04	0.019	0.064
17.58	0.99	0.02	0.057
17.59	0.92	0.02	0.045
17.6	0.84	0.02	0.04
17.61	0.77	0.02	0.031
17.62	0.73	0.02	0.024
17.63	0.73	0.02	0.024
17.64	0.73	0.022	0.024
17.65	0.83	0.023	0.025
17.66	0.95	0.024	0.028
17.67	1.07	0.025	0.031
17.68	1.14	0.026	0.031
17.69	1.2	0.027	0.029
17.7	1.28	0.031	0.026
17.71	1.37	0.032	0.027
17.72	1.45	0.031	0.026
17.73	1.57	0.031	0.025
17.74	1.7	0.027	0.021
17.75	1.88	0.023	0.019
17.76	1.96	0.019	0.016
17.77	2.09	0.015	0.014
17.78	2.23	0.014	0.012
17.79	2.26	0.015	0.01
17.8	2.15	0.015	0.009
17.81	1.95	0.017	0.007
17.82	1.73	0.02	0.007
17.83	1.58	0.022	0.007
17.84	1.47	0.022	0.007
17.85	1.47	0.022	0.007
17.86	1.54	0.022	0.01
17.87	1.61	0.018	0.011
17.88	1.73	0.015	0.012
17.89	1.8	0.013	0.012
17.9	1.8	0.011	0.007
17.91	1.66	0.011	0.004
17.92	1.45	0.011	0.001
17.93	1.41	0.011	0.001
17.94	1.34	0.012	0.001
17.95	1.26	0.013	0.002
17.96	1.16	0.013	0.004
17.97	1.08	0.013	0.006
17.98	0.99	0.013	0.007
17.99	0.9	0.011	0.009
18	0.82	0.01	0.009
18.01	0.76	0.01	0.008
18.02	0.74	0.009	0.008
18.03	0.72	0.009	0.007
18.04	0.7	0.009	0.008
18.05	0.7	0.007	0.009
18.06	0.67	0.007	0.01
18.07	0.63	0.006	0.012
18.08	0.59	0.006	0.012
18.09	0.54	0.006	0.012
18.1	0.5	0.005	0.013
18.11	0.48	0.005	0.014
18.12	0.45	0.005	0.014
18.13	0.45	0.004	0.016
18.14	0.46	0.004	0.017
18.15	0.46	0.004	0.02
18.16	0.46	0.005	0.024
18.17	0.42	0.005	0.024
18.18	0.41	0.005	0.025
18.19	0.39	0.004	0.027
18.2	0.35	0.005	0.028
18.21	0.37	0.005	0.029
18.22	0.39	0.005	0.031
18.23	0.45	0.005	0.032
18.24	0.44	0.005	0.033
18.25	0.45	0.006	0.035
18.26	0.46	0.005	0.037
18.27	0.5	0.005	0.039
18.28	0.54	0.005	0.041
18.29	0.56	0.005	0.042
18.3	0.58	0.004	0.044
18.31	0.6	0.004	0.045
18.32	0.63	0.004	0.047
18.33	0.66	0.004	0.049
18.34	0.68	0.004	0.05
18.35	0.69	0.004	0.052
18.36	0.75	0.004	0.057
18.37	0.76	0.004	0.058
18.38	0.77	0.004	0.06
18.39	0.82	0.004	0.064
18.4	0.83	0.004	0.065
18.41	0.84	0.004	0.068
18.42	0.84	0.004	0.093
18.43	0.85	0.005	0.096
18.44	0.88	0.005	0.098
18.45	0.92	0.006	0.102
18.46	0.97	0.008	0.107
18.47	1.04	0.009	0.116
18.48	1.14	0.011	0.122
18.49	1.27	0.013	0.126
18.5	1.45	0.014	0.132
18.51	1.85	0.016	0.137
18.52	2.43	0.022	0.14
18.53	2.92	0.026	0.142
18.54	3.31	0.045	0.145
18.55	3.72	0.054	0.134
18.56	3.78	0.066	0.084
18.57	3.73	0.076	0.047
18.58	3.79	0.08	0.043
18.59	3.84	0.083	0.049
18.6	4.18	0.085	0.035
18.61	4.92	0.084	0.03
18.62	6.18	0.084	0.029
18.63	7.71	0.078	0.027
18.64	8.87	0.072	0.018
18.65	9.43	0.068	0.003
18.66	9.7	0.06	-0.009
18.67	9.84	0.059	-0.011
18.68	9.81	0.059	-0.012
18.69	9.71	0.06	-0.012
18.7	9.54	0.062	-0.012
18.71	9.27	0.065	-0.011
18.72	9.01	0.069	-0.01
18.73	8.97	0.072	-0.009
18.74	9.01	0.074	-0.009
18.75	9.05	0.076	-0.007
18.76	9.22	0.079	-0.007
18.77	9.52	0.079	-0.006
18.78	9.92	0.078	-0.005
18.79	10.33	0.077	-0.004
18.8	10.71	0.077	-0.003
18.81	11.05	0.075	-0.003
18.82	11.4	0.074	-0.002
18.83	11.67	0.072	-0.001
18.84	11.98	0.072	-0.001
18.85	12.11	0.071	-0.001
18.86	12.19	0.071	0
18.87	12.21	0.068	-0.001
18.88	12.14	0.066	-0.001
18.89	12.02	0.066	-0.002
18.9	11.84	0.065	-0.002
18.91	11.72	0.065	-0.002
18.92	11.55	0.065	-0.002
18.93	11.24	0.066	-0.002
18.94	10.92	0.066	-0.001
18.95	10.57	0.068	-0.001
18.96	9.95	0.069	-0.001
18.97	9.57	0.071	-0.001
18.98	9.19	0.074	0
18.99	8.88	0.077	0.001
19	8.58	0.079	0.001
19.01	8.37	0.079	0.002
19.02	8.33	0.078	0.001
19.03	8.38	0.076	0.002
19.04	8.43	0.071	0.002
19.05	8.49	0.067	0.002
19.06	8.43	0.063	0.004
19.07	8.22	0.06	0.003
19.08	7.72	0.059	0.005
19.09	7.55	0.057	0.004
19.1	7.41	0.053	0.004
19.11	7.34	0.05	0.002
19.12	7.26	0.048	0.002
19.13	7.13	0.047	0.002
19.14	7.02	0.045	0.002
19.15	6.87	0.044	0.002
19.16	6.72	0.041	0.002
19.17	6.6	0.041	0.003
19.18	6.46	0.041	0.003
19.19	6.3	0.038	0.002
19.2	6.01	0.036	0.001
19.21	5.03	0.037	0.001
19.22	4.46	0.034	0.001
19.23	3.89	0.032	0
19.24	3.38	0.032	0
19.25	2.96	0.033	0
19.26	2.59	0.032	0
19.27	2.24	0.031	0
19.28	2	0.03	0.001
19.29	2	0.029	0.002
19.3	1.99	0.026	0.002
19.31	2.14	0.024	0.002
19.32	2.35	0.024	0.014
19.33	2.57	0.025	0.014
19.34	2.72	0.027	0.017
19.35	2.53	0.03	0.017
19.36	2.31	0.033	0.014
19.37	2.13	0.037	0.014
19.38	1.97	0.036	0.015
19.39	1.94	0.036	0.015
19.4	1.99	0.033	0.018
19.41	2.03	0.032	0.018
19.42	2.29	0.031	0.019
19.43	2.76	0.028	0.018
19.44	4.19	0.025	0.016
19.45	4.77	0.02	0.016
19.46	5.14	0.018	0.013
19.47	5.17	0.017	0.004
19.48	4.97	0.018	-0.003
19.49	4.7	0.018	-0.008
19.5	4.37	0.018	-0.008
19.51	4.04	0.022	-0.008
19.52	3.73	0.024	-0.008
19.53	3.45	0.025	-0.007
19.54	3.23	0.028	-0.007
19.55	3.04	0.028	-0.005
19.56	2.7	0.029	-0.004
19.57	2.61	0.03	-0.004
19.58	2.57	0.031	-0.003
19.59	2.53	0.031	-0.002
19.6	2.48	0.029	-0.001
19.61	2.57	0.027	-0.001
19.62	2.67	0.021	0
19.63	3.44	0.017	0.001
19.64	4.33	0.014	0.002
19.65	5.24	0.012	0.003
19.66	5.74	0.013	0.004
19.67	5.3	0.013	-0.003
19.68	4.81	0.015	-0.013
19.69	3.91	0.018	-0.016
19.7	3.56	0.021	-0.015
19.71	3.34	0.023	-0.014
19.72	3.23	0.024	-0.013
19.73	3.15	0.026	-0.012
19.74	3.07	0.025	-0.011
19.75	3.01	0.025	-0.011
19.76	2.98	0.023	-0.01
19.77	2.88	0.02	-0.01
19.78	2.76	0.02	-0.01
19.79	2.58	0.02	-0.01
19.8	2.36	0.02	-0.01
19.81	2.1	0.016	-0.013
19.82	1.8	0.014	-0.016
19.83	1.52	0.013	-0.017
19.84	1.27	0.01	-0.017
19.85	1.1	0.008	-0.017
19.86	1.01	0.008	-0.018
19.87	0.95	0.008	-0.017
19.88	0.92	0.008	-0.016
19.89	0.91	0.008	-0.016
19.9	0.85	0.006	-0.015
19.91	0.76	0.006	-0.015
19.92	0.66	0.006	-0.015
19.93	0.62	0.005	-0.014
19.94	0.55	0.004	-0.014
19.95	0.52	0.004	-0.013
19.96	0.51	0.004	-0.012
19.97	0.5	0.004	-0.012
19.98	0.5	0.004	-0.012
19.99	0.49	0.004	-0.01
20	0.48	0.004	-0.009
20.01	0.48	0.004	-0.009
20.02	0.49	0.004	-0.009
20.03	0.49	0.004	-0.007
20.04	0.5	0.004	-0.007
20.05	0.5	0.004	-0.006
20.06	0.5	0.005	-0.005
20.07	0.53	0.005	-0.005
20.08	0.53	0.006	-0.005
20.09	0.55	0.006	-0.004
20.1	0.53	0.006	-0.002
20.11	0.57	0.006	-0.002
20.12	0.59	0.006	-0.002
20.13	0.61	0.006	-0.001
20.14	0.64	0.005	0
20.15	0.68	0.005	0.001
20.16	0.69	0.005	0.001
20.17	0.72	0.004	0.001
20.18	0.73	0.004	0.002
20.19	0.73	0.004	0.003
20.2	0.73	0.004	0.003
20.21	0.74	0.004	0.003
20.22	0.74	0.004	0.004
20.23	0.75	0.004	0.005
20.24	0.76	0.004	0.006
20.25	0.76	0.004	0.006
20.26	0.73	0.004	0.007
20.27	0.71	0.004	0.008
20.28	0.7	0.004	0.008
20.29	0.69	0.004	0.009
20.3	0.69	0.004	0.01
20.31	0.68	0.004	0.01
20.32	0.68	0.004	0.011
20.33	0.68	0.004	0.011
20.34	0.69	0.004	0.014
20.35	0.69	0.004	0.014
20.36	0.71	0.005	0.015
20.37	0.72	0.005	0.016
20.38	0.75	0.005	0.017
20.39	0.78	0.006	0.018
20.4	0.79	0.006	0.018
20.41	0.8	0.006	0.019
20.42	0.83	0.006	0.02
20.43	0.87	0.006	0.021
20.44	0.9	0.007	0.031
20.45	0.94	0.007	0.03
20.46	0.92	0.007	0.032
20.47	0.92	0.007	0.032
20.48	0.93	0.007	0.034
20.49	0.95	0.007	0.034
20.5	1.06	0.006	0.035
20.51	1.16	0.006	0.037
20.52	1.2	0.006	0.039
20.53	1.2	0.006	0.039
20.54	1.19	0.006	0.038
20.55	1.13	0.006	0.038
20.56	1.01	0.006	0.038
20.57	0.97	0.006	0.04
20.58	0.94	0.006	0.042
20.59	0.93	0.007	0.045
20.6	0.95	0.008	0.047
20.61	0.98	0.008	0.048
20.62	1.04	0.009	0.05
20.63	1.1	0.01	0.051
20.64	1.15	0.011	0.052
20.65	1.15	0.011	0.054
20.66	1.11	0.011	0.055
20.67	1.08	0.012	0.057
20.68	1.07	0.012	0.057
20.69	1.07	0.012	0.058
20.7	1.07	0.013	0.06
20.71	1.08	0.013	0.061
20.72	1.11	0.013	0.063
20.73	1.13	0.013	0.065
20.74	1.13	0.013	0.066
20.75	1.15	0.012	0.067
20.76	1.18	0.012	0.069
20.77	1.2	0.011	0.07
20.78	1.2	0.009	0.071
20.79	1.15	0.009	0.071
20.8	1.13	0.009	0.073
20.81	1.12	0.01	0.074
20.82	1.11	0.011	0.075
20.83	1.07	0.014	0.077
20.84	1.06	0.015	0.078
20.85	1.08	0.015	0.079
20.86	1.11	0.015	0.081
20.87	1.36	0.013	0.082
20.88	1.63	0.011	0.082
20.89	1.94	0.007	0.082
20.9	2.29	0.007	0.079
20.91	2.6	0.008	0.071
20.92	2.88	0.008	0.069
20.93	3.07	0.011	0.069
20.94	3.15	0.016	0.07
20.95	3.15	0.019	0.071
20.96	3.02	0.019	0.074
20.97	2.89	0.02	0.076
20.98	2.8	0.022	0.078
20.99	2.69	0.025	0.081
21	2.66	0.025	0.083
21.01	2.64	0.025	0.083
21.02	2.65	0.025	0.081
21.03	2.61	0.025	0.079
21.04	2.54	0.024	0.074
21.05	2.37	0.023	0.069
21.06	1.99	0.024	0.067
21.07	1.84	0.024	0.065
21.08	1.73	0.026	0.065
21.09	1.64	0.026	0.067
21.1	1.58	0.025	0.069
21.11	1.5	0.024	0.07
21.12	1.41	0.022	0.071
21.13	1.32	0.021	0.073
21.14	1.26	0.021	0.073
21.15	1.2	0.02	0.075
21.16	1.16	0.02	0.078
21.17	1.16	0.02	0.082
21.18	1.16	0.02	0.087
21.19	1.17	0.021	0.09
21.2	1.17	0.022	0.094
21.21	1.19	0.022	0.098
21.22	1.21	0.022	0.101
21.23	1.22	0.024	0.104
21.24	1.25	0.025	0.108
21.25	1.27	0.027	0.112
21.26	1.36	0.03	0.116
21.27	1.43	0.033	0.119
21.28	1.57	0.035	0.123
21.29	1.73	0.039	0.128
21.3	1.9	0.042	0.14
21.31	2.03	0.045	0.147
21.32	2.08	0.048	0.159
21.33	2.06	0.052	0.168
21.34	1.96	0.055	0.177
21.35	1.86	0.058	0.184
21.36	1.76	0.06	0.186
21.37	1.66	0.062	0.192
21.38	1.65	0.062	0.199
21.39	1.67	0.061	0.204
21.4	1.69	0.059	0.21
21.41	1.73	0.062	0.213
21.42	1.83	0.069	0.217
21.43	1.95	0.076	0.22
21.44	2.18	0.078	0.236
21.45	2.39	0.099	0.261
21.46	2.6	0.112	0.284
21.47	2.85	0.125	0.291
21.48	2.96	0.135	0.31
21.49	2.97	0.143	0.445
21.5	2.98	0.15	0.399
21.51	2.91	0.155	0.262
21.52	2.67	0.16	0.255
21.53	2.43	0.165	0.249
21.54	2.27	0.17	0.248
21.55	2.15	0.176	0.253
21.56	2.08	0.173	0.258
21.57	2.09	0.171	0.259
21.58	2.09	0.164	0.264
21.59	2.25	0.148	0.266
21.6	2.63	0.126	0.272
21.61	3.21	0.105	0.271
21.62	4.74	0.092	0.256
21.63	5.47	0.082	0.217
21.64	6.07	0.075	0.147
21.65	6.57	0.069	0.109
21.66	6.95	0.064	0.095
21.67	7.22	0.058	0.09
21.68	7.4	0.052	0.089
21.69	7.56	0.051	0.091
21.7	7.71	0.049	0.093
21.71	7.8	0.048	0.097
21.72	7.9	0.048	0.101
21.73	7.95	0.048	0.104
21.74	7.93	0.048	0.106
21.75	7.89	0.048	0.108
21.76	7.85	0.048	0.111
21.77	7.77	0.049	0.111
21.78	7.67	0.051	0.112
21.79	7.55	0.051	0.113
21.8	7.43	0.051	0.113
21.81	7.27	0.051	0.114
21.82	7.06	0.053	0.115
21.83	6.8	0.054	0.118
21.84	6.48	0.06	0.12
21.85	6.13	0.061	0.12
21.86	5.78	0.061	0.118
21.87	5.28	0.061	0.115
21.88	5.14	0.06	0.115
21.89	5.03	0.057	0.116
21.9	4.9	0.054	0.117
21.91	4.85	0.051	0.125
21.92	4.86	0.044	0.123
21.93	4.84	0.046	0.122
21.94	4.82	0.048	0.122
21.95	4.82	0.062	0.124
21.96	4.72	0.078	0.116
21.97	4.51	0.085	0.111
21.98	4.32	0.085	0.111
21.99	4.4	0.09	0.113
22	4.48	0.095	0.115
22.01	5.86	0.1	0.126
22.02	9.53	0	0.147
22.03	15.55	0	0.164
22.04	21.71	0	0.163
22.05	27.26	0	0.15
22.06	37.49	0	0.134
22.07	41.55	0	0.103
22.08	44.06	0	0.107

