0	-0.01	0	-0.001
0.01	0.04	0	-0.001
0.02	0.16	0	0
0.03	0.91	0	0
0.04	0.97	0	0
0.05	0.97	0	-0.001
0.06	0.93	0.001	-0.001
0.07	0.9	0.002	-0.001
0.08	0.75	0.002	-0.001
0.09	0.71	0.002	-0.001
0.1	0.64	0.002	-0.001
0.11	0.59	0.002	0
0.12	0.56	0.002	-0.001
0.13	0.5	0.001	-0.001
0.14	0.47	0.001	-0.001
0.15	0.45	0.001	-0.001
0.16	0.43	0	-0.001
0.17	0.38	0	0
0.18	0.37	0	-0.001
0.19	0.34	0	0
0.2	0.32	0	0
0.21	0.31	0	-0.001
0.22	0.3	0	-0.001
0.23	0.29	0	-0.001
0.24	0.29	0	-0.001
0.25	0.29	0	-0.001
0.26	0.28	0	-0.001
0.27	0.28	0	-0.001
0.28	0.28	0	-0.001
0.29	0.27	0	-0.001
0.3	0.27	0	-0.001
0.31	0.26	0	-0.001
0.32	0.25	0	-0.001
0.33	0.25	0	-0.001
0.34	0.25	0	-0.001
0.35	0.25	0	0
0.36	0.25	0	0
0.37	0.24	0	0
0.38	0.24	0	0
0.39	0.23	0	0
0.4	0.22	0	0
0.41	0.21	0	0
0.42	0.19	0	0
0.43	0.19	0	0
0.44	0.17	0	0
0.45	0.17	0	0
0.46	0.15	0	0
0.47	0.15	0	0
0.48	0.15	0	0
0.49	0.15	0	0
0.5	0.15	0	0
0.51	0.15	0	0
0.52	0.14	0	0
0.53	0.14	0	0
0.54	0.13	0	0
0.55	0.13	0	0
0.56	0.12	0	0
0.57	0.12	0	0
0.58	0.12	0	0
0.59	0.12	0	0
0.6	0.12	0	0
0.61	0.11	0	0
0.62	0.11	0	0
0.63	0.1	0	0
0.64	0.1	0	0
0.65	0.1	0	0
0.66	0.1	0	0
0.67	0.1	0	0
0.68	0.1	0	0
0.69	0.1	0	0
0.7	0.1	0	0
0.71	0.1	0	0
0.72	0.1	0	0
0.73	0.1	0	0
0.74	0.1	0	0
0.75	0.1	0	0
0.76	0.1	0	0
0.77	0.09	0	0
0.78	0.1	0	0
0.79	0.1	0	0
0.8	0.1	0	0
0.81	0.11	0	0
0.82	0.11	0	0
0.83	0.1	0	0
0.84	0.1	0	0
0.85	0.1	0	0
0.86	0.11	0	0
0.87	0.11	0	0
0.88	0.11	0	0
0.89	0.11	0	0
0.9	0.11	0	0
0.91	0.11	0	0
0.92	0.12	0	0
0.93	0.13	0	0
0.94	0.21	0	0
0.95	0.29	0	0
0.96	0.41	0	0.001
0.97	0.7	0	0.001
0.98	0.9	0	0.003
0.99	1.11	0.001	0.002
1	1.35	0.001	-0.002
1.01	1.6	0.001	-0.003
1.02	1.96	0.002	-0.004
1.03	2.06	0.003	-0.004
1.04	2.13	0.006	-0.004
1.05	2.18	0.007	-0.002
1.06	2.22	0.008	0
1.07	2.26	0.009	0.002
1.08	2.28	0.01	0.003
1.09	2.3	0.011	0.004
1.1	2.33	0.012	0.003
1.11	2.42	0.013	0.002
1.12	2.46	0.013	-0.002
1.13	2.5	0.015	-0.015
1.14	2.52	0.015	-0.023
1.15	2.52	0.016	-0.028
1.16	2.47	0.016	-0.031
1.17	2.37	0.017	-0.039
1.18	2.24	0.018	-0.047
1.19	2.11	0.019	-0.056
1.2	1.84	0.019	-0.057
1.21	1.74	0.02	-0.052
1.22	1.66	0.019	-0.047
1.23	1.61	0.019	-0.05
1.24	1.6	0.014	-0.056
1.25	1.61	0.011	-0.059
1.26	1.62	0.01	-0.06
1.27	1.63	0.008	-0.061
1.28	1.65	0.007	-0.06
1.29	1.66	0.006	-0.059
1.3	1.66	0.005	-0.058
1.31	1.65	0.004	-0.013
1.32	1.64	0.004	-0.022
1.33	1.65	0.004	-0.023
1.34	1.66	0.004	-0.022
1.35	1.64	0.004	-0.022
1.36	1.64	0.005	-0.021
1.37	1.63	0.005	-0.019
1.38	1.63	0.005	-0.016
1.39	1.63	0.006	-0.014
1.4	1.63	0.006	-0.013
1.41	1.64	0.006	-0.012
1.42	1.64	0.006	-0.011
1.43	1.64	0.007	-0.008
1.44	1.64	0.007	-0.007
1.45	1.64	0.007	-0.006
1.46	1.64	0.006	-0.005
1.47	1.66	0.006	-0.004
1.48	1.67	0.007	-0.002
1.49	1.67	0.007	-0.001
1.5	1.67	0.007	-0.001
1.51	1.67	0.007	0.003
1.52	1.66	0.008	0.002
1.53	1.64	0.009	0.003
1.54	1.56	0.011	0.004
1.55	1.52	0.011	0.005
1.56	1.44	0.011	0.006
1.57	1.35	0.011	0.006
1.58	1.24	0.011	0.007
1.59	1.15	0.01	0.006
1.6	1.05	0.009	0.003
1.61	0.98	0.009	-0.001
1.62	0.86	0.009	-0.002
1.63	0.82	0.009	-0.002
1.64	0.77	0.008	-0.001
1.65	0.74	0.007	0
1.66	0.72	0.006	0
1.67	0.72	0.005	0.001
1.68	0.72	0.005	0.002
1.69	0.74	0.005	0.002
1.7	0.75	0.005	0.002
1.71	0.75	0.006	0.002
1.72	0.74	0.006	0.002
1.73	0.72	0.006	0.002
1.74	0.72	0.006	0.002
1.75	0.71	0.006	0.003
1.76	0.73	0.006	0.003
1.77	0.74	0.007	0.003
1.78	0.76	0.008	0.004
1.79	0.77	0.008	0.004
1.8	0.76	0.01	0.003
1.81	0.73	0.01	0.002
1.82	0.72	0.01	0.001
1.83	0.71	0.01	0
1.84	0.71	0.009	0
1.85	0.71	0.009	0
1.86	0.74	0.009	0.001
1.87	0.84	0.01	0.001
1.88	0.88	0.011	0.002
1.89	0.92	0.011	0.001
1.9	0.96	0.012	0.001
1.91	1	0.012	0.001
1.92	1.18	0.011	0
1.93	1.31	0.01	-0.002
1.94	1.46	0.009	-0.004
1.95	1.64	0.007	-0.013
1.96	1.82	0.007	-0.035
1.97	2.05	0.006	-0.049
1.98	2.14	0.005	-0.05
1.99	2.2	0.004	-0.051
2	2.25	0.004	-0.051
2.01	2.28	0.004	-0.051
2.02	2.29	0.004	-0.051
2.03	2.26	0.007	-0.051
2.04	2.22	0.008	-0.05
2.05	2.16	0.009	-0.049
2.06	2.1	0.01	-0.049
2.07	2.05	0.011	-0.048
2.08	1.99	0.014	-0.048
2.09	1.88	0.016	-0.047
2.1	1.83	0.017	-0.046
2.11	1.77	0.018	-0.046
2.12	1.73	0.018	-0.045
2.13	1.7	0.019	-0.043
2.14	1.7	0.019	-0.041
2.15	1.71	0.019	-0.04
2.16	1.73	0.019	-0.039
2.17	1.79	0.019	-0.039
2.18	1.86	0.017	-0.038
2.19	1.93	0.014	-0.038
2.2	2.14	0.012	-0.04
2.21	2.24	0.01	-0.045
2.22	2.34	0.009	-0.05
2.23	2.44	0.007	-0.054
2.24	2.55	0.006	-0.057
2.25	2.7	0.007	-0.057
2.26	2.74	0.009	-0.057
2.27	2.76	0.009	-0.057
2.28	2.76	0.009	-0.057
2.29	2.75	0.01	-0.056
2.3	2.75	0.011	-0.056
2.31	2.75	0.011	-0.056
2.32	2.75	0.012	-0.055
2.33	2.78	0.013	-0.045
2.34	2.81	0.013	-0.045
2.35	2.81	0.014	-0.044
2.36	2.8	0.014	-0.044
2.37	2.81	0.014	-0.044
2.38	2.81	0.014	-0.043
2.39	2.85	0.014	-0.043
2.4	2.91	0.014	-0.043
2.41	2.97	0.013	-0.042
2.42	3.03	0.014	-0.042
2.43	3.06	0.014	-0.042
2.44	3.06	0.015	-0.041
2.45	2.96	0.015	-0.041
2.46	2.89	0.015	-0.04
2.47	2.8	0.015	-0.04
2.48	2.65	0.015	-0.04
2.49	2.58	0.017	-0.039
2.5	2.51	0.018	-0.039
2.51	2.48	0.018	-0.031
2.52	2.45	0.018	-0.03
2.53	2.41	0.018	-0.03
2.54	2.35	0.019	-0.029
2.55	2.3	0.019	-0.029
2.56	2.11	0.02	-0.029
2.57	2	0.022	-0.032
2.58	1.9	0.023	-0.034
2.59	1.8	0.022	-0.036
2.6	1.63	0.022	-0.038
2.61	1.57	0.019	-0.044
2.62	1.51	0.017	-0.048
2.63	1.47	0.015	-0.052
2.64	1.39	0.013	-0.058
2.65	1.33	0.013	-0.058
2.66	1.27	0.013	-0.058
2.67	1.18	0.014	-0.058
2.68	1.15	0.014	-0.057
2.69	1.12	0.014	-0.057
2.7	1.1	0.014	-0.056
2.71	1.1	0.013	-0.056
2.72	1.1	0.012	-0.056
2.73	1.15	0.011	-0.055
2.74	1.24	0.011	-0.055
2.75	1.25	0.011	-0.055
2.76	1.23	0.012	-0.055
2.77	1.2	0.011	-0.055
2.78	1.11	0.011	-0.055
2.79	1.08	0.011	-0.055
2.8	1.03	0.011	-0.055
2.81	1	0.011	-0.055
2.82	0.97	0.01	-0.054
2.83	0.96	0.008	-0.054
2.84	0.92	0.008	-0.054
2.85	0.84	0.007	-0.054
2.86	0.78	0.006	-0.054
2.87	0.75	0.006	-0.053
2.88	0.71	0.005	-0.053
2.89	0.61	0.005	-0.053
2.9	0.57	0.005	-0.053
2.91	0.56	0.005	-0.052
2.92	0.56	0.006	-0.052
2.93	0.56	0.006	-0.051
2.94	0.57	0.006	-0.051
2.95	0.58	0.007	-0.051
2.96	0.62	0.008	-0.05
2.97	0.64	0.01	-0.05
2.98	0.68	0.011	-0.049
2.99	0.7	0.012	-0.049
3	0.79	0.013	-0.049
3.01	0.84	0.013	-0.048
3.02	0.89	0.015	-0.048
3.03	0.94	0.016	-0.048
3.04	1.02	0.017	-0.048
3.05	1.07	0.018	-0.048
3.06	1.08	0.018	-0.048
3.07	1.04	0.018	-0.049
3.08	1.04	0.02	-0.049
3.09	1.04	0.021	-0.049
3.1	1.04	0.02	-0.049
3.11	1.01	0.019	-0.049
3.12	0.99	0.019	-0.049
3.13	0.98	0.018	-0.049
3.14	0.95	0.018	-0.049
3.15	0.92	0.019	-0.049
3.16	0.9	0.019	-0.049
3.17	0.86	0.019	-0.048
3.18	0.82	0.019	-0.048
3.19	0.8	0.019	-0.048
3.2	0.79	0.019	-0.048
3.21	0.77	0.019	-0.047
3.22	0.77	0.02	-0.047
3.23	0.77	0.02	-0.047
3.24	0.77	0.02	-0.047
3.25	0.79	0.021	-0.047
3.26	0.82	0.021	-0.046
3.27	0.86	0.023	-0.046
3.28	0.93	0.024	-0.045
3.29	0.96	0.025	-0.045
3.3	0.98	0.025	-0.045
3.31	0.99	0.027	-0.045
3.32	0.99	0.025	-0.045
3.33	0.98	0.025	-0.045
3.34	0.99	0.025	-0.045
3.35	1.01	0.026	-0.045
3.36	1.05	0.029	-0.045
3.37	1.11	0.031	-0.044
3.38	1.19	0.034	-0.044
3.39	1.29	0.036	-0.044
3.4	1.64	0.037	-0.031
3.41	1.98	0.036	-0.032
3.42	2.14	0.036	-0.033
3.43	2.57	0.035	-0.037
3.44	3.15	0.029	-0.04
3.45	3.65	0.023	-0.047
3.46	4.16	0.023	-0.062
3.47	4.63	0.024	-0.071
3.48	4.86	0.025	-0.076
3.49	4.76	0.026	-0.082
3.5	4.88	0.027	-0.084
3.51	5	0.029	-0.076
3.52	5.1	0.028	-0.068
3.53	5.19	0.026	-0.073
3.54	5.34	0.022	-0.075
3.55	5.37	0.02	-0.081
3.56	5.25	0.02	-0.083
3.57	5.09	0.021	-0.085
3.58	4.89	0.021	-0.085
3.59	4.7	0.025	-0.085
3.6	4.48	0.027	-0.086
3.61	4.24	0.028	-0.086
3.62	4.07	0.028	-0.086
3.63	3.79	0.027	-0.086
3.64	3.66	0.027	-0.086
3.65	3.51	0.025	-0.087
3.66	3.32	0.023	-0.088
3.67	3.12	0.023	-0.088
3.68	2.91	0.023	-0.088
3.69	2.69	0.023	-0.089
3.7	2.53	0.023	-0.089
3.71	2.37	0.023	-0.089
3.72	2.22	0.023	-0.089
3.73	2.01	0.022	-0.089
3.74	1.93	0.022	-0.089
3.75	1.84	0.023	-0.089
3.76	1.76	0.025	-0.089
3.77	1.68	0.03	-0.088
3.78	1.62	0.032	-0.088
3.79	1.54	0.034	-0.088
3.8	1.53	0.034	-0.088
3.81	1.64	0.034	-0.088
3.82	1.75	0.032	-0.088
3.83	2.67	0.027	-0.088
3.84	3.24	0.022	-0.088
3.85	3.65	0.02	-0.088
3.86	3.96	0.02	-0.088
3.87	4.2	0.019	-0.088
3.88	4.36	0.018	-0.088
3.89	4.51	0.02	-0.088
3.9	4.63	0.02	-0.088
3.91	4.85	0.018	-0.088
3.92	5.27	0.017	-0.088
3.93	6.06	0.014	-0.088
3.94	6.09	0.012	-0.088
3.95	5.85	0.01	-0.088
3.96	5.65	0.01	-0.088
3.97	5.44	0.01	-0.088
3.98	5.1	0.013	-0.088
3.99	4.74	0.016	-0.088
4	4.38	0.02	-0.087
4.01	3.99	0.024	-0.087
4.02	3.64	0.027	-0.087
4.03	3.32	0.028	-0.087
4.04	3.04	0.028	-0.087
4.05	2.81	0.028	-0.087
4.06	2.63	0.029	-0.087
4.07	2.49	0.029	-0.087
4.08	2.37	0.029	-0.087
4.09	2.25	0.029	-0.087
4.1	2.16	0.028	-0.087
4.11	2.13	0.024	-0.087
4.12	2.12	0.023	-0.087
4.13	2.14	0.024	-0.087
4.14	2.16	0.024	-0.086
4.15	2.21	0.026	-0.086
4.16	2.26	0.027	-0.086
4.17	2.33	0.027	-0.086
4.18	2.43	0.031	-0.086
4.19	2.54	0.031	-0.086
4.2	2.7	0.03	-0.086
4.21	2.86	0.029	-0.086
4.22	3.08	0.028	-0.086
4.23	3.11	0.026	-0.086
4.24	3.08	0.021	-0.086
4.25	3	0.023	-0.087
4.26	2.82	0.025	-0.087
4.27	2.61	0.03	-0.087
4.28	2.41	0.033	-0.087
4.29	2.24	0.035	-0.087
4.3	2.25	0.033	-0.087
4.31	2.26	0.03	-0.087
4.32	2.67	0.024	-0.087
4.33	4.08	0.019	-0.087
4.34	4.63	0.016	-0.087
4.35	4.63	0.014	-0.087
4.36	5.17	0.014	-0.087
4.37	5.28	0.015	-0.087
4.38	5.22	0.016	-0.087
4.39	5.07	0.018	-0.087
4.4	4.9	0.019	-0.087
4.41	4.72	0.02	-0.087
4.42	4.56	0.022	-0.087
4.43	4.44	0.022	-0.087
4.44	4.35	0.021	-0.087
4.45	4.28	0.02	-0.087
4.46	4.25	0.019	-0.087
4.47	4.22	0.02	-0.087
4.48	4.2	0.022	-0.087
4.49	4.2	0.022	-0.086
4.5	4.19	0.021	-0.086
4.51	4.2	0.02	-0.084
4.52	4.2	0.018	-0.084
4.53	4.24	0.016	-0.084
4.54	4.15	0.015	-0.084
4.55	4.05	0.015	-0.084
4.56	3.93	0.016	-0.084
4.57	3.81	0.017	-0.084
4.58	3.72	0.016	-0.084
4.59	3.63	0.016	-0.084
4.6	3.5	0.016	-0.084
4.61	3.5	0.016	-0.084
4.62	3.51	0.016	-0.084
4.63	3.55	0.015	-0.084
4.64	3.58	0.015	-0.084
4.65	3.6	0.016	-0.084
4.66	3.63	0.015	-0.084
4.67	3.77	0.015	-0.084
4.68	3.85	0.014	-0.083
4.69	3.89	0.013	-0.083
4.7	3.91	0.012	-0.083
4.71	3.91	0.012	-0.083
4.72	3.89	0.012	-0.083
4.73	3.75	0.012	-0.083
4.74	3.66	0.012	-0.083
4.75	3.55	0.014	-0.083
4.76	3.44	0.014	-0.083
4.77	3.35	0.014	-0.083
4.78	3.33	0.013	-0.083
4.79	3.31	0.013	-0.083
4.8	3.31	0.013	-0.083
4.81	3.28	0.016	-0.083
4.82	3.27	0.018	-0.083
4.83	3.25	0.018	-0.083
4.84	3.22	0.018	-0.083
4.85	3.12	0.017	-0.083
4.86	3.01	0.018	-0.083
4.87	2.91	0.018	-0.083
4.88	2.85	0.019	-0.083
4.89	2.85	0.021	-0.082
4.9	2.88	0.021	-0.082
4.91	2.91	0.021	-0.082
4.92	2.89	0.02	-0.082
4.93	2.83	0.015	-0.082
4.94	2.78	0.009	-0.082
4.95	2.73	0.007	-0.082
4.96	2.69	0.007	-0.082
4.97	2.65	0.007	-0.082
4.98	2.63	0.007	-0.082
4.99	2.56	0.007	-0.082
5	2.44	0.008	-0.082
5.01	2.19	0.008	-0.082
5.02	2.11	0.008	-0.082
5.03	2.09	0.008	-0.082
5.04	2.09	0.008	-0.082
5.05	2.08	0.009	-0.082
5.06	2.08	0.009	-0.082
5.07	2.04	0.009	-0.082
5.08	2	0.009	-0.082
5.09	1.98	0.009	-0.082
5.1	1.96	0.009	-0.082
5.11	1.96	0.009	-0.082
5.12	1.97	0.01	-0.082
5.13	1.99	0.011	-0.082
5.14	2.01	0.012	-0.082
5.15	2.02	0.012	-0.082
5.16	2.05	0.011	-0.082
5.17	2.1	0.01	-0.081
5.18	2.12	0.01	-0.081
5.19	2.11	0.01	-0.081
5.2	2.07	0.011	-0.081
5.21	1.88	0.011	-0.081
5.22	1.78	0.011	-0.081
5.23	1.68	0.011	-0.081
5.24	1.57	0.012	-0.081
5.25	1.46	0.013	-0.081
5.26	1.35	0.014	-0.081
5.27	1.25	0.014	-0.081
5.28	1.16	0.016	-0.081
5.29	1.02	0.017	-0.081
5.3	0.98	0.017	-0.081
5.31	0.96	0.018	-0.081
5.32	0.95	0.019	-0.081
5.33	0.96	0.019	-0.081
5.34	0.98	0.021	-0.081
5.35	1.04	0.023	-0.081
5.36	1.08	0.023	-0.081
5.37	1.11	0.023	-0.081
5.38	1.13	0.022	-0.081
5.39	1.15	0.021	-0.081
5.4	1.32	0.017	-0.081
5.41	1.41	0.015	-0.081
5.42	1.43	0.013	-0.081
5.43	1.36	0.011	-0.081
5.44	1.26	0.012	-0.081
5.45	1.14	0.012	-0.081
5.46	0.9	0.013	-0.081
5.47	0.82	0.013	-0.081
5.48	0.78	0.013	-0.081
5.49	0.77	0.013	-0.08
5.5	0.78	0.013	-0.08
5.51	0.8	0.012	-0.079
5.52	0.83	0.012	-0.079
5.53	0.82	0.012	-0.078
5.54	0.75	0.012	-0.078
5.55	0.72	0.012	-0.078
5.56	0.69	0.012	-0.078
5.57	0.65	0.012	-0.078
5.58	0.63	0.013	-0.078
5.59	0.62	0.013	-0.078
5.6	0.61	0.013	-0.078
5.61	0.6	0.014	-0.078
5.62	0.6	0.014	-0.078
5.63	0.59	0.014	-0.078
5.64	0.59	0.014	-0.078
5.65	0.59	0.013	-0.078
5.66	0.59	0.013	-0.078
5.67	0.57	0.013	-0.078
5.68	0.56	0.012	-0.078
5.69	0.55	0.012	-0.078
5.7	0.54	0.012	-0.078
5.71	0.52	0.011	-0.077
5.72	0.52	0.01	-0.077
5.73	0.52	0.01	-0.077
5.74	0.51	0.009	-0.077
5.75	0.5	0.008	-0.077
5.76	0.5	0.007	-0.077
5.77	0.5	0.007	-0.077
5.78	0.5	0.006	-0.077
5.79	0.49	0.006	-0.077
5.8	0.49	0.006	-0.077
5.81	0.5	0.006	-0.077
5.82	0.5	0.006	-0.077
5.83	0.5	0.006	-0.077
5.84	0.51	0.006	-0.077
5.85	0.52	0.006	-0.077
5.86	0.54	0.007	-0.077
5.87	0.54	0.007	-0.076
5.88	0.56	0.007	-0.076
5.89	0.57	0.008	-0.076
5.9	0.57	0.008	-0.076
5.91	0.56	0.008	-0.076
5.92	0.54	0.008	-0.076
5.93	0.53	0.008	-0.076
5.94	0.52	0.008	-0.076
5.95	0.52	0.007	-0.076
5.96	0.52	0.007	-0.076
5.97	0.51	0.007	-0.076
5.98	0.51	0.007	-0.076
5.99	0.51	0.007	-0.075
6	0.52	0.006	-0.075
6.01	0.52	0.007	-0.075
6.02	0.54	0.007	-0.075
6.03	0.55	0.008	-0.075
6.04	0.56	0.008	-0.075
6.05	0.58	0.009	-0.075
6.06	0.62	0.009	-0.075
6.07	0.64	0.009	-0.075
6.08	0.65	0.01	-0.075
6.09	0.65	0.01	-0.075
6.1	0.64	0.011	-0.075
6.11	0.63	0.012	-0.075
6.12	0.62	0.012	-0.074
6.13	0.61	0.013	-0.074
6.14	0.6	0.013	-0.074
6.15	0.6	0.012	-0.074
6.16	0.6	0.012	-0.074
6.17	0.6	0.012	-0.074
6.18	0.61	0.012	-0.074
6.19	0.61	0.011	-0.074
6.2	0.62	0.01	-0.074
6.21	0.64	0.01	-0.074
6.22	0.66	0.009	-0.074
6.23	0.67	0.009	-0.074
6.24	0.68	0.009	-0.074
6.25	0.7	0.009	-0.073
6.26	0.68	0.009	-0.073
6.27	0.66	0.009	-0.073
6.28	0.64	0.009	-0.073
6.29	0.62	0.009	-0.073
6.3	0.6	0.01	-0.073
6.31	0.6	0.01	-0.073
6.32	0.6	0.01	-0.073
6.33	0.6	0.011	-0.073
6.34	0.6	0.011	-0.073
6.35	0.61	0.011	-0.073
6.36	0.61	0.011	-0.073
6.37	0.61	0.011	-0.073
6.38	0.62	0.011	-0.072
6.39	0.63	0.01	-0.072
6.4	0.64	0.01	-0.072
6.41	0.64	0.01	-0.072
6.42	0.64	0.01	-0.072
6.43	0.64	0.01	-0.072
6.44	0.64	0.01	-0.072
6.45	0.64	0.009	-0.072
6.46	0.64	0.009	-0.072
6.47	0.64	0.009	-0.072
6.48	0.65	0.01	-0.071
6.49	0.65	0.011	-0.071
6.5	0.65	0.012	-0.071
6.51	0.66	0.013	-0.071
6.52	0.66	0.014	-0.068
6.53	0.7	0.015	-0.068
6.54	0.72	0.016	-0.068
6.55	0.73	0.016	-0.068
6.56	0.75	0.017	-0.068
6.57	0.76	0.018	-0.067
6.58	0.76	0.018	-0.067
6.59	0.76	0.018	-0.067
6.6	0.73	0.018	-0.067
6.61	0.71	0.018	-0.067
6.62	0.7	0.018	-0.067
6.63	0.69	0.018	-0.067
6.64	0.7	0.018	-0.067
6.65	0.72	0.018	-0.067
6.66	0.74	0.019	-0.066
6.67	0.74	0.02	-0.066
6.68	0.75	0.02	-0.066
6.69	0.76	0.02	-0.066
6.7	0.73	0.02	-0.066
6.71	0.73	0.019	-0.066
6.72	0.72	0.019	-0.066
6.73	0.71	0.018	-0.066
6.74	0.71	0.018	-0.066
6.75	0.71	0.018	-0.065
6.76	0.72	0.018	-0.065
6.77	0.75	0.018	-0.065
6.78	0.75	0.017	-0.065
6.79	0.75	0.017	-0.065
6.8	0.76	0.016	-0.065
6.81	0.78	0.015	-0.065
6.82	0.79	0.015	-0.064
6.83	0.8	0.015	-0.064
6.84	0.8	0.015	-0.064
6.85	0.8	0.015	-0.064
6.86	0.77	0.015	-0.064
6.87	0.76	0.015	-0.064
6.88	0.74	0.015	-0.064
6.89	0.74	0.016	-0.064
6.9	0.75	0.017	-0.064
6.91	0.76	0.018	-0.064
6.92	0.78	0.019	-0.064
6.93	0.81	0.019	-0.063
6.94	0.84	0.02	-0.063
6.95	0.87	0.021	-0.063
6.96	0.93	0.024	-0.063
6.97	0.95	0.024	-0.063
6.98	0.97	0.025	-0.063
6.99	0.98	0.025	-0.063
7	0.99	0.026	-0.063
7.01	1	0.025	-0.063
7.02	0.99	0.025	-0.063
7.03	0.98	0.024	-0.063
7.04	0.96	0.023	-0.063
7.05	0.96	0.023	-0.063
7.06	0.96	0.022	-0.063
7.07	0.95	0.022	-0.063
7.08	0.94	0.022	-0.063
7.09	0.93	0.022	-0.062
7.1	0.93	0.022	-0.062
7.11	0.94	0.022	-0.062
7.12	0.93	0.022	-0.062
7.13	0.93	0.023	-0.062
7.14	0.9	0.024	-0.062
7.15	0.88	0.024	-0.062
7.16	0.86	0.024	-0.062
7.17	0.84	0.024	-0.062
7.18	0.85	0.024	-0.062
7.19	0.85	0.024	-0.062
7.2	0.86	0.024	-0.062
7.21	0.86	0.024	-0.061
7.22	0.85	0.023	-0.061
7.23	0.84	0.022	-0.061
7.24	0.82	0.021	-0.061
7.25	0.81	0.021	-0.061
7.26	0.79	0.021	-0.061
7.27	0.78	0.021	-0.061
7.28	0.78	0.021	-0.061
7.29	0.79	0.022	-0.061
7.3	0.8	0.022	-0.061
7.31	0.82	0.023	-0.061
7.32	0.83	0.023	-0.061
7.33	0.84	0.023	-0.06
7.34	0.86	0.023	-0.06
7.35	0.88	0.024	-0.06
7.36	0.88	0.024	-0.06
7.37	0.91	0.024	-0.06
7.38	0.92	0.025	-0.06
7.39	0.94	0.026	-0.06
7.4	0.95	0.027	-0.06
7.41	0.94	0.027	-0.06
7.42	0.92	0.028	-0.059
7.43	0.91	0.029	-0.059
7.44	0.91	0.028	-0.059
7.45	0.91	0.029	-0.059
7.46	0.91	0.029	-0.058
7.47	0.95	0.033	-0.058
7.48	1.03	0.035	-0.058
7.49	1.09	0.039	-0.058
7.5	1.14	0.041	-0.058
7.51	1.19	0.042	-0.058
7.52	1.25	0.045	-0.055
7.53	1.31	0.046	-0.055
7.54	1.33	0.047	-0.055
7.55	1.33	0.049	-0.055
7.56	1.34	0.051	-0.055
7.57	1.33	0.051	-0.055
7.58	1.32	0.051	-0.055
7.59	1.33	0.05	-0.055
7.6	1.33	0.046	-0.055
7.61	1.34	0.045	-0.055
7.62	1.36	0.044	-0.055
7.63	1.39	0.042	-0.055
7.64	1.39	0.038	-0.055
7.65	1.38	0.037	-0.055
7.66	1.37	0.037	-0.055
7.67	1.34	0.037	-0.055
7.68	1.33	0.037	-0.054
7.69	1.32	0.036	-0.054
7.7	1.31	0.036	-0.054
7.71	1.27	0.036	-0.054
7.72	1.23	0.036	-0.054
7.73	1.21	0.037	-0.054
7.74	1.19	0.037	-0.054
7.75	1.19	0.037	-0.054
7.76	1.19	0.037	-0.054
7.77	1.2	0.037	-0.054
7.78	1.23	0.037	-0.054
7.79	1.23	0.037	-0.054
7.8	1.24	0.038	-0.053
7.81	1.26	0.037	-0.053
7.82	1.25	0.037	-0.053
7.83	1.26	0.032	-0.053
7.84	1.26	0.03	-0.053
7.85	1.27	0.029	-0.053
7.86	1.27	0.028	-0.053
7.87	1.3	0.024	-0.053
7.88	1.35	0.023	-0.053
7.89	1.36	0.023	-0.053
7.9	1.29	0.023	-0.053
7.91	1.25	0.023	-0.053
7.92	1.22	0.023	-0.052
7.93	1.2	0.022	-0.052
7.94	1.18	0.023	-0.052
7.95	1.17	0.022	-0.052
7.96	1.15	0.022	-0.052
7.97	1.12	0.022	-0.052
7.98	1.11	0.022	-0.052
7.99	1.1	0.022	-0.051
8	1.09	0.023	-0.051
8.01	1.08	0.022	-0.051
8.02	1.09	0.023	-0.051
8.03	1.09	0.025	-0.051
8.04	1.09	0.027	-0.051
8.05	1.1	0.028	-0.05
8.06	1.14	0.028	-0.05
8.07	1.18	0.027	-0.05
8.08	1.23	0.026	-0.05
8.09	1.43	0.022	-0.05
8.1	1.6	0.018	-0.049
8.11	1.81	0.012	-0.049
8.12	2	0.012	-0.049
8.13	2.12	0.012	-0.049
8.14	2.1	0.012	-0.05
8.15	2.03	0.013	-0.05
8.16	1.95	0.015	-0.05
8.17	1.85	0.017	-0.05
8.18	1.64	0.018	-0.049
8.19	1.57	0.019	-0.049
8.2	1.53	0.021	-0.049
8.21	1.51	0.021	-0.048
8.22	1.5	0.02	-0.048
8.23	1.49	0.018	-0.048
8.24	1.48	0.017	-0.048
8.25	1.47	0.016	-0.047
8.26	1.47	0.015	-0.047
8.27	1.47	0.015	-0.047
8.28	1.47	0.015	-0.047
8.29	1.43	0.014	-0.047
8.3	1.41	0.014	-0.047
8.31	1.41	0.011	-0.047
8.32	1.42	0.01	-0.046
8.33	1.46	0.011	-0.046
8.34	1.48	0.011	-0.046
8.35	1.49	0.012	-0.046
8.36	1.48	0.012	-0.046
8.37	1.45	0.012	-0.046
8.38	1.37	0.013	-0.046
8.39	1.33	0.014	-0.045
8.4	1.3	0.014	-0.045
8.41	1.27	0.018	-0.045
8.42	1.2	0.018	-0.045
8.43	1.17	0.019	-0.045
8.44	1.13	0.019	-0.045
8.45	1.16	0.02	-0.044
8.46	1.19	0.021	-0.044
8.47	1.23	0.022	-0.043
8.48	1.28	0.023	-0.043
8.49	1.3	0.025	-0.043
8.5	1.28	0.026	-0.043
8.51	1.32	0.026	-0.035
8.52	1.36	0.027	-0.035
8.53	1.35	0.027	-0.035
8.54	1.34	0.026	-0.034
8.55	1.34	0.027	-0.034
8.56	1.33	0.026	-0.034
8.57	1.35	0.026	-0.033
8.58	1.37	0.026	-0.033
8.59	1.36	0.025	-0.033
8.6	1.31	0.024	-0.033
8.61	1.29	0.022	-0.033
8.62	1.27	0.021	-0.033
8.63	1.24	0.019	-0.033
8.64	1.18	0.017	-0.032
8.65	1.12	0.016	-0.032
8.66	1.05	0.015	-0.032
8.67	0.99	0.015	-0.032
8.68	0.93	0.015	-0.032
8.69	0.88	0.015	-0.032
8.7	0.84	0.016	-0.031
8.71	0.83	0.018	-0.031
8.72	0.83	0.018	-0.031
8.73	0.83	0.018	-0.03
8.74	0.84	0.019	-0.029
8.75	0.86	0.019	-0.029
8.76	0.87	0.02	-0.029
8.77	0.88	0.021	-0.028
8.78	0.9	0.022	-0.028
8.79	0.9	0.023	-0.027
8.8	0.91	0.023	-0.027
8.81	0.92	0.024	-0.027
8.82	0.9	0.025	-0.026
8.83	0.88	0.026	-0.026
8.84	0.86	0.027	-0.026
8.85	0.87	0.027	-0.026
8.86	0.88	0.028	-0.025
8.87	0.89	0.028	-0.025
8.88	0.9	0.028	-0.025
8.89	0.9	0.028	-0.025
8.9	0.91	0.028	-0.025
8.91	0.91	0.028	-0.024
8.92	0.91	0.029	-0.024
8.93	0.91	0.03	-0.024
8.94	0.91	0.03	-0.024
8.95	0.92	0.03	-0.023
8.96	0.96	0.032	-0.023
8.97	1.01	0.034	-0.023
8.98	1.02	0.035	-0.023
8.99	1.02	0.035	-0.023
9	1.01	0.035	-0.023
9.01	0.99	0.035	-0.024
9.02	0.98	0.035	-0.024
9.03	0.98	0.035	-0.024
9.04	0.97	0.034	-0.024
9.05	0.96	0.033	-0.024
9.06	0.94	0.031	-0.024
9.07	0.92	0.03	-0.024
9.08	0.93	0.029	-0.024
9.09	0.93	0.029	-0.024
9.1	0.94	0.03	-0.023
9.11	0.97	0.03	-0.022
9.12	1.01	0.03	-0.022
9.13	1.07	0.033	-0.022
9.14	1.14	0.035	-0.021
9.15	1.28	0.036	-0.021
9.16	1.35	0.041	-0.021
9.17	1.41	0.044	-0.02
9.18	1.45	0.049	-0.02
9.19	1.53	0.054	-0.02
9.2	1.57	0.058	-0.02
9.21	1.65	0.061	-0.021
9.22	1.73	0.061	-0.021
9.23	1.95	0.061	-0.02
9.24	2.05	0.06	-0.024
9.25	2.09	0.059	-0.024
9.26	2.07	0.058	-0.024
9.27	2.02	0.057	-0.025
9.28	1.96	0.058	-0.036
9.29	1.89	0.059	-0.046
9.3	1.69	0.06	0.066
9.31	1.58	0.06	0.179
9.32	1.52	0.06	0.168
9.33	1.49	0.06	0.149
9.34	1.45	0.058	0.117
9.35	1.4	0.055	0.109
9.36	1.34	0.052	0.111
9.37	1.35	0.047	0.113
9.38	1.34	0.045	0.114
9.39	1.36	0.046	0.12
9.4	1.38	0.047	0.126
9.41	1.47	0.049	0.129
9.42	1.73	0.051	0.121
9.43	1.82	0.026	0.112
9.44	1.99	0.038	0.085
9.45	2.12	0.05	0.064
9.46	2.19	0.053	0.046
9.47	2.23	0.057	0.034
9.48	2.24	0.06	0.025
9.49	2.26	0.063	0.007
9.5	2.36	0.073	0.019
9.51	2.52	0.075	0.031
9.52	2.67	0.078	0.003
9.53	2.73	0.081	-0.017
9.54	2.77	0.081	-0.029
9.55	2.78	0.08	-0.04
9.56	2.76	0.08	-0.043
9.57	2.71	0.078	-0.043
9.58	2.66	0.076	-0.043
9.59	2.66	0.076	-0.042
9.6	2.54	0.077	-0.042
9.61	2.45	0.077	-0.044
9.62	2.35	0.078	0
9.63	2.19	0.079	0.043
9.64	2.04	0.079	0.025
9.65	1.97	0.08	0.01
9.66	1.94	0.081	0.007
9.67	1.87	0.083	0.005
9.68	1.86	0.085	0.005
9.69	1.81	0.085	0.003
9.7	1.81	0.085	0.003
9.71	1.8	0.083	0.002
9.72	1.79	0.081	0.001
9.73	1.8	0.079	0.001
9.74	1.8	0.076	0.001
9.75	1.81	0.075	0.002
9.76	1.76	0.069	0.002
9.77	1.74	0.066	0.003
9.78	1.73	0.067	0.002
9.79	1.75	0.067	0.002
9.8	1.76	0.072	0.003
9.81	1.78	0.077	0.003
9.82	1.82	0.077	0.004
9.83	1.98	0.08	0.004
9.84	2.04	0.084	0.004
9.85	2.12	0.088	0.004
9.86	2.2	0.087	0.004
9.87	2.32	0.086	0.004
9.88	2.48	0.083	0.005
9.89	2.73	0.08	0.004
9.9	3.42	0.075	0.003
9.91	3.59	0.071	0.001
9.92	3.75	0.066	-0.001
9.93	3.94	0.057	-0.004
9.94	4.05	0.051	-0.01
9.95	4.08	0.045	-0.015
9.96	4.05	0.041	-0.018
9.97	3.99	0.036	-0.022
9.98	3.84	0.032	-0.024
9.99	3.81	0.03	-0.026
10	3.77	0.029	-0.031
10.01	3.73	0.027	-0.033
10.02	3.64	0.026	-0.034
10.03	3.53	0.025	-0.035
10.04	3.45	0.023	-0.035
10.05	3.36	0.022	-0.035
10.06	3.26	0.022	-0.035
10.07	3.14	0.021	-0.035
10.08	2.99	0.021	-0.035
10.09	2.94	0.021	-0.035
10.1	2.9	0.027	-0.035
10.11	2.88	0.033	-0.035
10.12	2.92	0.035	-0.035
10.13	2.96	0.037	-0.034
10.14	3.18	0.038	-0.034
10.15	3.59	0.038	-0.034
10.16	5.01	0.038	-0.033
10.17	5.8	0.032	-0.033
10.18	6.47	0.028	-0.035
10.19	7.15	0.026	-0.042
10.2	7.74	0.026	-0.045
10.21	8.24	0.026	-0.046
10.22	8.54	0.028	-0.047
10.23	8.68	0.029	-0.047
10.24	8.59	0.031	-0.047
10.25	8.48	0.032	-0.047
10.26	8.35	0.035	-0.047
10.27	8.28	0.039	-0.047
10.28	8.26	0.04	-0.047
10.29	8.25	0.04	-0.046
10.3	8.27	0.04	-0.046
10.31	8.28	0.04	-0.046
10.32	8.32	0.04	-0.046
10.33	8.33	0.041	-0.046
10.34	8.22	0.041	-0.046
10.35	8.13	0.042	-0.046
10.36	7.99	0.043	-0.046
10.37	7.87	0.043	-0.046
10.38	7.75	0.043	-0.046
10.39	7.62	0.043	-0.045
10.4	7.53	0.043	-0.045
10.41	7.47	0.041	-0.045
10.42	7.41	0.039	-0.045
10.43	7.23	0.042	-0.045
10.44	7.09	0.041	-0.045
10.45	7.04	0.039	-0.045
10.46	7.01	0.038	-0.045
10.47	6.93	0.038	-0.045
10.48	6.8	0.039	-0.045
10.49	6.65	0.04	-0.045
10.5	6.48	0.041	-0.044
10.51	6.34	0.042	-0.043
10.52	6.21	0.042	-0.043
10.53	6.03	0.042	-0.043
10.54	5.84	0.042	-0.042
10.55	5.68	0.042	-0.042
10.56	5.54	0.042	-0.042
10.57	5.41	0.043	-0.042
10.58	5.31	0.045	-0.042
10.59	5.15	0.047	-0.042
10.6	5.16	0.054	-0.042
10.61	5.17	0.056	-0.041
10.62	5.26	0.057	-0.041
10.63	5.46	0.057	-0.041
10.64	5.8	0.057	-0.041
10.65	6.2	0.056	-0.041
10.66	6.59	0.048	-0.041
10.67	7.13	0.042	-0.041
10.68	7.21	0.038	-0.048
10.69	7.37	0.035	-0.049
10.7	7.53	0.031	-0.05
10.71	7.59	0.029	-0.05
10.72	7.58	0.026	-0.05
10.73	7.49	0.024	-0.05
10.74	7.36	0.024	-0.051
10.75	7.25	0.024	-0.051
10.76	7.09	0.025	-0.051
10.77	6.87	0.027	-0.051
10.78	6.6	0.029	-0.051
10.79	6.28	0.032	-0.051
10.8	5.78	0.036	-0.051
10.81	5.56	0.04	-0.051
10.82	5.41	0.043	-0.051
10.83	5.37	0.042	-0.051
10.84	5.38	0.041	-0.051
10.85	5.38	0.041	-0.051
10.86	5.46	0.041	-0.051
10.87	5.56	0.041	-0.051
10.88	5.69	0.042	-0.05
10.89	5.75	0.038	-0.05
10.9	5.82	0.035	-0.05
10.91	5.88	0.031	-0.05
10.92	5.88	0.028	-0.05
10.93	5.78	0.023	-0.05
10.94	5.57	0.021	-0.05
10.95	5.3	0.02	-0.051
10.96	5.03	0.021	-0.051
10.97	4.58	0.021	-0.051
10.98	4.35	0.028	-0.05
10.99	4.15	0.034	-0.05
11	3.97	0.041	-0.05
11.01	3.79	0.049	-0.05
11.02	3.62	0.053	-0.05
11.03	3.67	0.055	-0.05
11.04	3.71	0.056	-0.05
11.05	4.13	0.056	-0.049
11.06	4.74	0.054	-0.049
11.07	5.46	0.052	-0.049
11.08	6.23	0.045	-0.049
11.09	7	0.038	-0.049
11.1	8.34	0.033	-0.05
11.11	8.79	0.031	-0.05
11.12	9.06	0.032	-0.05
11.13	9.05	0.033	-0.051
11.14	8.83	0.035	-0.051
11.15	8.53	0.04	-0.052
11.16	8.24	0.044	-0.052
11.17	7.95	0.045	-0.052
11.18	7.49	0.046	-0.052
11.19	7.45	0.046	-0.052
11.2	7.45	0.045	-0.052
11.21	7.38	0.044	-0.052
11.22	7.25	0.042	-0.052
11.23	7.09	0.039	-0.052
11.24	6.89	0.033	-0.052
11.25	6.68	0.03	-0.052
11.26	6.4	0.03	-0.052
11.27	5.7	0.03	-0.052
11.28	5.31	0.03	-0.052
11.29	4.86	0.036	-0.052
11.3	4.32	0.045	-0.052
11.31	3.69	0.054	-0.052
11.32	3.14	0.062	-0.053
11.33	2.73	0.06	-0.052
11.34	2.2	0.058	-0.052
11.35	2.02	0.054	-0.052
11.36	1.87	0.051	-0.051
11.37	1.68	0.048	-0.05
11.38	1.5	0.046	-0.05
11.39	1.38	0.042	-0.05
11.4	1.33	0.038	-0.05
11.41	1.28	0.036	-0.049
11.42	1.26	0.033	-0.049
11.43	1.24	0.025	-0.049
11.44	1.22	0.022	-0.049
11.45	1.18	0.017	-0.049
11.46	1.16	0.015	-0.049
11.47	1.13	0.015	-0.048
11.48	1.09	0.014	-0.048
11.49	1.05	0.012	-0.048
11.5	1.01	0.012	-0.048
11.51	0.98	0.012	-0.045
11.52	0.96	0.01	-0.044
11.53	0.94	0.01	-0.044
11.54	0.93	0.011	-0.044
11.55	0.94	0.011	-0.043
11.56	0.94	0.011	-0.043
11.57	0.94	0.012	-0.043
11.58	0.96	0.012	-0.043
11.59	0.97	0.013	-0.043
11.6	0.98	0.015	-0.043
11.61	1	0.015	-0.042
11.62	1.02	0.016	-0.042
11.63	1.03	0.017	-0.042
11.64	1.03	0.018	-0.042
11.65	1.05	0.018	-0.042
11.66	1.04	0.019	-0.042
11.67	1.04	0.021	-0.042
11.68	1.04	0.022	-0.042
11.69	1.04	0.023	-0.041
11.7	1.05	0.023	-0.041
11.71	1.07	0.023	-0.041
11.72	1.1	0.023	-0.041
11.73	1.1	0.023	-0.041
11.74	1.09	0.023	-0.041
11.75	1.08	0.023	-0.041
11.76	1.08	0.023	-0.04
11.77	1.08	0.023	-0.04
11.78	1.08	0.023	-0.04
11.79	1.08	0.023	-0.04
11.8	1.09	0.022	-0.04
11.81	1.07	0.022	-0.04
11.82	1.05	0.021	-0.04
11.83	1.04	0.02	-0.039
11.84	1.02	0.02	-0.039
11.85	1.02	0.021	-0.039
11.86	1.02	0.021	-0.039
11.87	1.03	0.022	-0.039
11.88	1.05	0.022	-0.039
11.89	1.06	0.024	-0.039
11.9	1.07	0.025	-0.038
11.91	1.09	0.026	-0.038
11.92	1.1	0.027	-0.038
11.93	1.12	0.029	-0.038
11.94	1.14	0.03	-0.038
11.95	1.21	0.033	-0.038
11.96	1.24	0.034	-0.037
11.97	1.3	0.034	-0.037
11.98	1.34	0.033	-0.037
11.99	1.37	0.033	-0.037
12	1.42	0.033	-0.037
12.01	1.39	0.031	-0.037
12.02	1.36	0.027	-0.037
12.03	1.3	0.025	-0.037
12.04	1.24	0.024	-0.037
12.05	1.17	0.023	-0.037
12.06	1.14	0.023	-0.037
12.07	1.11	0.024	-0.036
12.08	1.12	0.024	-0.036
12.09	1.14	0.026	-0.036
12.1	1.17	0.028	-0.036
12.11	1.21	0.032	-0.035
12.12	1.25	0.035	-0.035
12.13	1.31	0.037	-0.035
12.14	1.4	0.037	-0.035
12.15	1.79	0.038	-0.035
12.16	2.08	0.039	-0.034
12.17	2.42	0.041	-0.034
12.18	2.8	0.045	-0.034
12.19	3.06	0.045	-0.035
12.2	3.23	0.046	-0.035
12.21	3.6	0.047	-0.035
12.22	3.94	0.048	-0.035
12.23	4.46	0.047	-0.035
12.24	5.11	0.047	-0.035
12.25	5.81	0.044	-0.035
12.26	6.43	0.037	-0.035
12.27	7.31	0.037	-0.036
12.28	7.53	0.038	-0.038
12.29	7.75	0.04	-0.044
12.3	7.97	0.042	-0.045
12.31	8.18	0.044	-0.046
12.32	8.36	0.044	-0.047
12.33	8.6	0.044	-0.046
12.34	8.91	0.043	-0.046
12.35	9.27	0.045	-0.046
12.36	9.91	0.046	-0.046
12.37	10.26	0.05	-0.046
12.38	10.51	0.052	-0.046
12.39	10.72	0.053	-0.046
12.4	10.85	0.054	-0.046
12.41	10.9	0.056	-0.046
12.42	11.02	0.056	-0.046
12.43	11.33	0.028	-0.046
12.44	11.52	0.039	-0.046
12.45	11.73	0.05	-0.046
12.46	11.94	0.053	-0.046
12.47	12.1	0.055	-0.045
12.48	12.27	0.057	-0.045
12.49	12.49	0.061	-0.045
12.5	12.87	0.063	-0.043
12.51	12.71	0.065	-0.04
12.52	12.76	0.066	-0.043
12.53	12.81	0.068	-0.042
12.54	12.8	0.069	-0.042
12.55	12.82	0.069	-0.042
12.56	12.85	0.069	-0.042
12.57	12.87	0.07	-0.042
12.58	12.91	0.07	-0.041
12.59	12.99	0.07	-0.041
12.6	13.14	0.069	-0.041
12.61	13.76	0.068	-0.041
12.62	14.16	0.067	-0.041
12.63	14.56	0.067	-0.041
12.64	14.94	0.068	-0.04
12.65	15.52	0.069	-0.04
12.66	15.65	0.07	-0.04
12.67	15.69	0.072	-0.04
12.68	15.67	0.075	-0.04
12.69	15.59	0.077	-0.04
12.7	15.34	0.078	-0.04
12.71	15.12	0.078	-0.04
12.72	14.88	0.078	-0.039
12.73	14.69	0.079	-0.039
12.74	14.48	0.08	-0.039
12.75	14.3	0.082	-0.039
12.76	14.3	0.083	-0.039
12.77	14.3	0.083	-0.039
12.78	14.35	0.083	-0.038
12.79	14.42	0.082	-0.038
12.8	14.51	0.079	-0.038
12.81	14.51	0.078	-0.038
12.82	14.55	0.076	-0.038
12.83	14.59	0.076	-0.038
12.84	14.73	0.075	-0.038
12.85	14.98	0.075	-0.038
12.86	15.28	0.075	-0.037
12.87	16.04	0.075	-0.037
12.88	16.42	0.074	-0.037
12.89	16.71	0.075	-0.037
12.9	16.89	0.075	-0.037
12.91	16.95	0.076	-0.037
12.92	16.83	0.078	-0.036
12.93	16.7	0.08	-0.036
12.94	16.54	0.081	-0.036
12.95	16.33	0.083	-0.036
12.96	16.08	0.083	-0.036
12.97	15.54	0.083	-0.036
12.98	15.37	0.083	-0.036
12.99	15.16	0.083	-0.036
13	15.06	0.082	-0.036
13.01	15	0.081	-0.036
13.02	14.86	0.08	-0.036
13.03	14.78	0.078	-0.035
13.04	14.71	0.077	-0.035
13.05	14.57	0.075	-0.035
13.06	14.42	0.074	-0.035
13.07	13.96	0.074	-0.035
13.08	13.64	0.074	-0.035
13.09	13.24	0.074	-0.035
13.1	12.76	0.076	-0.035
13.11	12.18	0.079	-0.035
13.12	11.54	0.088	-0.035
13.13	10.84	0.095	-0.035
13.14	9.27	0.104	-0.035
13.15	8.36	0.113	-0.035
13.16	7.44	0.114	-0.035
13.17	6.52	0.116	-0.034
13.18	5.67	0.117	-0.034
13.19	4.58	0.119	-0.034
13.2	4.16	0.131	-0.033
13.21	3.9	0.129	-0.028
13.22	3.77	0.128	-0.026
13.23	3.69	0.102	-0.025
13.24	3.72	0.119	-0.021
13.25	3.76	0.086	-0.018
13.26	5.31	0.054	-0.015
13.27	5.19	0.187	-0.015
13.28	11.09	0	-0.009
13.29	10.29	0	-0.013
13.3	17.16	0	-0.005
13.31	21.97	0	0
13.32	25.64	0	-0.003
13.33	27.74	0	0.002
13.34	34.93	0	-0.013

