0	0.16	0	0
0.01	0.21	0	0
0.02	0.31	0	0
0.03	0.37	0	0
0.04	0.3	0	-0.001
0.05	0.03	0	-0.001
0.06	0	0.005	0
0.07	-0.01	0.007	0
0.08	-0.01	0.007	0
0.09	-0.01	0.004	-0.001
0.1	-0.01	0.001	0
0.11	-0.01	0	0
0.12	-0.01	0	0
0.13	-0.01	0	-0.001
0.14	-0.02	0	0
0.15	-0.02	0	0
0.16	-0.02	0	-0.001
0.17	-0.01	0	-0.001
0.18	0	0	-0.001
0.19	-0.02	0	-0.001
0.2	-0.02	0	-0.001
0.21	-0.02	0	-0.001
0.22	-0.02	0	-0.001
0.23	-0.01	0	-0.001
0.24	-0.01	0	0
0.25	-0.01	0.001	0
0.26	0	0.001	0
0.27	-0.01	0.002	0
0.28	-0.01	0.002	0
0.29	0	0.002	0
0.3	0	0.002	-0.001
0.31	0.02	0.002	0
0.32	0.05	0.002	0.001
0.33	0.1	0.002	0.001
0.34	0.12	0.002	0.001
0.35	0.12	0.002	0
0.36	0.12	0.002	0
0.37	0.13	0.002	0
0.38	0.12	0.002	0
0.39	0.13	0.002	0
0.4	0.11	0.002	0
0.41	0.08	0.001	0
0.42	0.07	0.001	0
0.43	0.06	0.001	-0.001
0.44	0.06	0	-0.001
0.45	0.07	0	-0.001
0.46	0.07	0	0
0.47	0.06	0	0
0.48	0.05	0	-0.001
0.49	0.05	0	-0.001
0.5	0.05	0	-0.001
0.51	0.04	0	-0.001
0.52	0.02	0	-0.001
0.53	0.03	0	-0.001
0.54	0.04	0	-0.001
0.55	0.04	0	-0.001
0.56	0.05	0	-0.001
0.57	0.06	0	0
0.58	0.05	0	0
0.59	0.05	0	0
0.6	0.04	0	-0.001
0.61	0.04	0	-0.001
0.62	0.04	0.001	-0.001
0.63	0.05	0	0
0.64	0.05	0	-0.001
0.65	0.06	0.001	-0.001
0.66	0.05	0.001	-0.001
0.67	0.05	0.001	-0.001
0.68	0.05	0.001	-0.001
0.69	0.05	0.001	-0.001
0.7	0.07	0.001	-0.001
0.71	0.08	0.001	-0.001
0.72	0.07	0.001	0
0.73	0.08	0.001	0
0.74	0.08	0.001	0
0.75	0.08	0.001	0
0.76	0.08	0.001	0
0.77	0.08	0.002	0
0.78	0.07	0.002	0
0.79	0.07	0.002	0
0.8	0.08	0.002	0
0.81	0.09	0.003	0
0.82	0.09	0.003	0
0.83	0.08	0.003	-0.001
0.84	0.08	0.004	-0.001
0.85	0.09	0.003	0
0.86	0.11	0.003	0
0.87	0.11	0.003	0
0.88	0.13	0.003	0
0.89	0.15	0.003	0.001
0.9	0.13	0.003	0
0.91	0.14	0.003	0
0.92	0.13	0.003	-0.001
0.93	0.13	0.003	-0.001
0.94	0.13	0.003	0
0.95	0.12	0.003	0.001
0.96	0.12	0.003	-0.001
0.97	0.12	0.003	-0.001
0.98	0.13	0.003	-0.001
0.99	0.14	0.003	0
1	0.14	0.003	0
1.01	0.15	0.003	0
1.02	0.16	0.004	-0.001
1.03	0.17	0.004	0
1.04	0.17	0.004	-0.001
1.05	0.18	0.004	-0.001
1.06	0.19	0.004	0
1.07	0.19	0.005	-0.001
1.08	0.2	0.005	-0.001
1.09	0.21	0.006	0
1.1	0.22	0.007	0
1.11	0.23	0.007	0
1.12	0.27	0.008	0
1.13	0.3	0.01	0
1.14	0.3	0.011	0
1.15	0.42	0.012	0
1.16	0.42	0.012	0
1.17	0.53	0.013	0
1.18	0.68	0.014	0
1.19	0.96	0.015	0
1.2	1.34	0.015	0
1.21	1.82	0.016	0
1.22	2.35	0.017	0
1.23	2.8	0.018	-0.001
1.24	3.18	0.019	-0.001
1.25	3.48	0.021	-0.001
1.26	3.73	0.021	0
1.27	3.87	0.022	0
1.28	4	0.023	-0.001
1.29	4.09	0.025	0
1.3	4.12	0.026	-0.001
1.31	4.15	0.027	-0.001
1.32	4.16	0.028	0
1.33	4.16	0.031	0
1.34	4.15	0.032	0
1.35	4.15	0.032	0
1.36	4.15	0.034	0
1.37	4.16	0.035	-0.001
1.38	4.18	0.036	-0.001
1.39	4.18	0.037	-0.001
1.4	4.18	0.037	-0.001
1.41	4.13	0.038	-0.001
1.42	4.08	0.039	-0.002
1.43	4.05	0.04	-0.001
1.44	3.98	0.04	-0.001
1.45	3.93	0.019	-0.001
1.46	3.84	0.027	-0.001
1.47	3.78	0.03	0
1.48	3.69	0.033	-0.001
1.49	3.58	0.034	-0.001
1.5	3.45	0.036	-0.001
1.51	3.32	0.039	-0.001
1.52	3.2	0.041	0
1.53	2.96	0.043	0.001
1.54	2.87	0.044	0
1.55	2.79	0.047	0
1.56	2.74	0.051	0
1.57	2.74	0.055	0
1.58	2.75	0.055	0.001
1.59	2.81	0.054	0.001
1.6	3	0.055	0.002
1.61	3.45	0.055	0.001
1.62	4	0.055	0.001
1.63	4.52	0.057	0.001
1.64	4.98	0.061	-0.005
1.65	5.51	0.061	-0.008
1.66	6.06	0.062	-0.006
1.67	6.6	0.061	-0.004
1.68	7.05	0.061	-0.003
1.69	7.7	0.061	-0.003
1.7	7.95	0.06	-0.002
1.71	8.11	0.058	-0.002
1.72	8.2	0.059	-0.001
1.73	8.22	0.059	-0.001
1.74	8.25	0.059	0
1.75	8.26	0.06	0
1.76	8.35	0.062	0
1.77	8.45	0.065	0
1.78	8.81	0.067	0
1.79	9.04	0.068	-0.001
1.8	9.25	0.07	0
1.81	9.44	0.071	-0.001
1.82	9.62	0.072	-0.002
1.83	9.74	0.072	-0.002
1.84	9.84	0.073	-0.004
1.85	9.95	0.074	-0.004
1.86	10.07	0.075	-0.004
1.87	10.1	0.075	-0.002
1.88	10.09	0.076	-0.001
1.89	10.07	0.076	-0.001
1.9	10.06	0.076	-0.001
1.91	10.07	0.077	-0.001
1.92	10.06	0.077	0
1.93	10.04	0.077	0
1.94	10.02	0.077	0
1.95	9.99	0.077	0
1.96	9.95	0.078	0
1.97	9.9	0.078	0
1.98	9.85	0.079	0
1.99	9.76	0.079	0
2	9.7	0.079	0
2.01	9.53	0.079	0
2.02	9.43	0.079	0
2.03	9.29	0.079	0
2.04	9.17	0.077	0
2.05	8.99	0.077	-0.001
2.06	8.8	0.076	-0.001
2.07	8.61	0.075	-0.001
2.08	8.38	0.073	-0.001
2.09	8.07	0.072	-0.001
2.1	7.41	0.071	-0.001
2.11	7.04	0.07	-0.001
2.12	6.7	0.068	-0.001
2.13	6.36	0.066	-0.001
2.14	6.03	0.065	0
2.15	5.76	0.064	0.001
2.16	5.54	0.061	0.002
2.17	5.37	0.06	0.003
2.18	5.13	0.059	0.003
2.19	5.12	0.056	0.004
2.2	5.15	0.051	0.003
2.21	5.17	0.049	0.003
2.22	5.26	0.047	0.002
2.23	5.36	0.045	0
2.24	5.48	0.043	-0.003
2.25	5.58	0.042	-0.006
2.26	5.67	0.04	-0.014
2.27	5.91	0.039	-0.022
2.28	5.97	0.037	-0.028
2.29	5.96	0.036	-0.03
2.3	5.92	0.035	-0.03
2.31	5.81	0.034	-0.03
2.32	5.69	0.033	-0.03
2.33	5.52	0.032	-0.03
2.34	5.15	0.032	-0.03
2.35	5.03	0.032	-0.028
2.36	4.91	0.032	-0.027
2.37	4.78	0.032	-0.026
2.38	4.67	0.031	-0.026
2.39	4.58	0.031	-0.026
2.4	4.5	0.03	-0.025
2.41	4.4	0.03	-0.025
2.42	4.18	0.03	-0.025
2.43	4.05	0.029	-0.024
2.44	3.91	0.029	-0.02
2.45	3.73	0.029	-0.014
2.46	3.52	0.029	-0.013
2.47	3.33	0.03	-0.013
2.48	3.1	0.03	-0.013
2.49	2.92	0.03	-0.013
2.5	2.71	0.03	-0.013
2.51	2.36	0.03	-0.013
2.52	2.19	0.03	-0.012
2.53	2.08	0.028	-0.012
2.54	1.99	0.025	-0.012
2.55	1.98	0.023	-0.006
2.56	2.02	0.023	-0.004
2.57	2.06	0.023	-0.003
2.58	2.19	0.023	-0.004
2.59	2.36	0.022	-0.003
2.6	2.64	0.022	-0.027
2.61	2.64	0.018	-0.043
2.62	2.78	0.016	-0.062
2.63	2.93	0.014	-0.063
2.64	3.02	0.013	-0.064
2.65	3.11	0.012	-0.065
2.66	3.21	0.012	-0.066
2.67	3.28	0.012	-0.065
2.68	3.33	0.012	-0.065
2.69	3.37	0.012	-0.062
2.7	3.39	0.013	-0.059
2.71	3.41	0.014	-0.044
2.72	3.4	0.017	-0.029
2.73	3.45	0.018	-0.016
2.74	3.48	0.019	-0.016
2.75	3.52	0.02	-0.016
2.76	3.61	0.02	-0.015
2.77	3.75	0.021	-0.014
2.78	3.95	0.021	-0.013
2.79	4.55	0.021	-0.012
2.8	4.92	0.022	-0.011
2.81	5.33	0.023	-0.009
2.82	5.71	0.025	-0.007
2.83	6.05	0.026	-0.006
2.84	6.33	0.028	-0.006
2.85	6.55	0.029	-0.005
2.86	6.71	0.03	-0.005
2.87	6.89	0.032	-0.004
2.88	7.14	0.033	-0.004
2.89	7.25	0.034	-0.004
2.9	7.37	0.036	-0.003
2.91	7.49	0.037	-0.002
2.92	7.6	0.038	-0.003
2.93	7.67	0.039	-0.002
2.94	7.74	0.039	-0.002
2.95	7.78	0.04	-0.002
2.96	7.8	0.041	-0.002
2.97	7.82	0.041	-0.002
2.98	7.9	0.042	-0.002
2.99	7.91	0.042	-0.002
3	7.97	0.043	-0.001
3.01	8.04	0.043	-0.001
3.02	8.1	0.044	-0.001
3.03	8.16	0.044	-0.001
3.04	8.19	0.044	0
3.05	8.21	0.044	0
3.06	8.19	0.044	0
3.07	8.09	0.044	0
3.08	8.03	0.045	0
3.09	7.95	0.046	0
3.1	7.88	0.046	0
3.11	7.83	0.046	0.001
3.12	7.77	0.046	0
3.13	7.71	0.046	0.001
3.14	7.63	0.046	0
3.15	7.55	0.046	0
3.16	7.45	0.045	-0.001
3.17	7.36	0.044	-0.001
3.18	7.28	0.043	-0.001
3.19	7.03	0.043	-0.001
3.2	7	0.042	-0.001
3.21	7	0.042	-0.001
3.22	6.98	0.041	-0.001
3.23	6.93	0.041	-0.001
3.24	6.86	0.04	-0.001
3.25	6.77	0.04	0
3.26	6.67	0.04	0
3.27	6.58	0.04	0
3.28	6.4	0.039	0
3.29	6.3	0.039	0
3.3	6.24	0.038	0.001
3.31	6.17	0.038	0.001
3.32	6.1	0.038	0.001
3.33	6.06	0.036	0.001
3.34	5.99	0.036	0.001
3.35	5.94	0.036	0.001
3.36	5.88	0.035	0
3.37	5.83	0.035	0
3.38	5.81	0.035	0.001
3.39	5.78	0.035	0.001
3.4	5.74	0.035	0.001
3.41	5.66	0.035	0.001
3.42	5.61	0.035	0.001
3.43	5.52	0.034	0.001
3.44	5.49	0.034	0.001
3.45	5.46	0.034	0.001
3.46	5.47	0.034	0.001
3.47	5.48	0.033	0.002
3.48	5.52	0.033	0.002
3.49	5.6	0.033	0.002
3.5	5.69	0.033	0.003
3.51	5.81	0.033	0.004
3.52	5.98	0.033	0.004
3.53	6.18	0.034	0.004
3.54	6.4	0.033	0.006
3.55	6.79	0.033	0.006
3.56	6.95	0.031	0.006
3.57	7.07	0.03	0.006
3.58	7.19	0.03	0.006
3.59	7.28	0.031	0.007
3.6	7.36	0.031	0.007
3.61	7.43	0.034	0.007
3.62	7.38	0.035	0.007
3.63	7.46	0.036	0.007
3.64	7.54	0.037	0.008
3.65	7.6	0.038	0.007
3.66	7.62	0.039	0.007
3.67	7.59	0.04	0.008
3.68	7.55	0.04	0.008
3.69	7.51	0.041	0.008
3.7	7.47	0.042	0.008
3.71	7.43	0.042	0.008
3.72	7.38	0.042	0.008
3.73	7.35	0.042	0.008
3.74	7.34	0.042	0.008
3.75	7.35	0.042	0.008
3.76	7.33	0.042	0.008
3.77	7.33	0.042	0.008
3.78	7.34	0.042	0.008
3.79	7.35	0.042	0.008
3.8	7.37	0.042	0.007
3.81	7.39	0.042	0.01
3.82	7.44	0.042	0.009
3.83	7.46	0.042	0.009
3.84	7.51	0.042	0.009
3.85	7.53	0.042	0.009
3.86	7.54	0.042	0.009
3.87	7.55	0.043	0.009
3.88	7.55	0.043	0.01
3.89	7.53	0.044	0.01
3.9	7.52	0.044	0.01
3.91	7.51	0.044	0.01
3.92	7.5	0.045	0.01
3.93	7.48	0.045	0.011
3.94	7.44	0.046	0.01
3.95	7.39	0.046	0.01
3.96	7.38	0.046	0.009
3.97	7.33	0.046	0.01
3.98	7.28	0.044	0.01
3.99	7.22	0.044	0.01
4	7.15	0.046	0.01
4.01	7.11	0.047	0.009
4.02	7.06	0.051	0.009
4.03	7	0.05	0.009
4.04	6.93	0.048	0.009
4.05	6.96	0.045	0.009
4.06	6.99	0.044	0.01
4.07	7.02	0.043	0.01
4.08	6.97	0.043	0.013
4.09	6.98	0.043	0.012
4.1	6.99	0.043	0.012
4.11	7.12	0.042	0.012
4.12	7.2	0.042	0.012
4.13	7.3	0.043	0.012
4.14	7.39	0.043	0.012
4.15	7.45	0.044	0.013
4.16	7.51	0.044	0.013
4.17	7.57	0.044	0.014
4.18	7.64	0.044	0.014
4.19	7.72	0.044	0.014
4.2	7.81	0.044	0.014
4.21	7.94	0.045	0.014
4.22	8.25	0.045	0.015
4.23	8.4	0.045	0.015
4.24	8.56	0.045	0.015
4.25	8.71	0.046	0.015
4.26	8.84	0.047	0.015
4.27	8.99	0.048	0.015
4.28	9.11	0.049	0.015
4.29	9.28	0.05	0.016
4.3	9.5	0.052	0.016
4.31	9.64	0.052	0.015
4.32	9.77	0.054	0.015
4.33	9.9	0.056	0.016
4.34	10.06	0.058	0.016
4.35	10.18	0.059	0.016
4.36	10.29	0.06	0.015
4.37	10.51	0.062	0.016
4.38	10.63	0.064	0.016
4.39	10.72	0.066	0.016
4.4	10.78	0.068	0.016
4.41	10.83	0.068	0.016
4.42	10.87	0.069	0.016
4.43	10.91	0.069	0.017
4.44	10.99	0.069	0.017
4.45	11.08	0.068	0.017
4.46	11.31	0.068	0.017
4.47	11.32	0.068	0.016
4.48	11.44	0.069	0.017
4.49	11.49	0.068	0.017
4.5	11.51	0.066	0.017
4.51	11.58	0.062	0.017
4.52	11.55	0.061	0.017
4.53	11.54	0.061	0.017
4.54	11.49	0.062	0.017
4.55	11.42	0.063	0.018
4.56	11.34	0.064	0.017
4.57	11.03	0.065	0.017
4.58	10.72	0.065	0.017
4.59	10.74	0.066	0.017
4.6	10.63	0.066	0.017
4.61	10.39	0.065	0.017
4.62	10.27	0.065	0.017
4.63	10.16	0.064	0.017
4.64	10.07	0.064	0.018
4.65	10.02	0.064	0.019
4.66	10	0.064	0.019
4.67	10	0.064	0.019
4.68	10.03	0.064	0.018
4.69	10.06	0.064	0.019
4.7	10.1	0.064	0.02
4.71	10.17	0.063	0.02
4.72	10.23	0.062	0.02
4.73	10.26	0.061	0.02
4.74	10.26	0.062	0.02
4.75	10.28	0.063	0.02
4.76	10.29	0.064	0.02
4.77	10.29	0.063	0.021
4.78	10.24	0.065	0.02
4.79	10.19	0.065	0.02
4.8	10.12	0.065	0.021
4.81	10.07	0.065	0.02
4.82	10.01	0.065	0.021
4.83	9.98	0.065	0.021
4.84	9.94	0.065	0.021
4.85	9.91	0.064	0.022
4.86	9.92	0.062	0.022
4.87	9.92	0.062	0.021
4.88	9.94	0.061	0.021
4.89	10.01	0.061	0.021
4.9	10.05	0.061	0.021
4.91	10.1	0.061	0.021
4.92	10.21	0.061	0.021
4.93	10.29	0.061	0.022
4.94	10.37	0.061	0.022
4.95	10.41	0.062	0.022
4.96	10.49	0.062	0.022
4.97	10.56	0.063	0.023
4.98	10.62	0.063	0.023
4.99	10.68	0.064	0.023
5	10.82	0.065	0.023
5.01	10.93	0.065	0.022
5.02	11.01	0.066	0.022
5.03	11.09	0.067	0.022
5.04	11.18	0.067	0.022
5.05	11.25	0.068	0.023
5.06	11.38	0.068	0.023
5.07	11.43	0.07	0.023
5.08	11.47	0.07	0.023
5.09	11.53	0.071	0.023
5.1	11.6	0.071	0.023
5.11	11.63	0.071	0.023
5.12	11.65	0.071	0.023
5.13	11.66	0.072	0.023
5.14	11.66	0.072	0.024
5.15	11.65	0.075	0.024
5.16	11.65	0.076	0.024
5.17	11.65	0.077	0.024
5.18	11.66	0.077	0.024
5.19	11.7	0.077	0.025
5.2	11.79	0.077	0.025
5.21	11.88	0.075	0.025
5.22	11.97	0.074	0.025
5.23	12.07	0.074	0.025
5.24	12.14	0.074	0.025
5.25	12.17	0.074	0.025
5.26	12.28	0.074	0.025
5.27	12.39	0.074	0.025
5.28	12.61	0.074	0.025
5.29	12.74	0.074	0.025
5.3	12.82	0.075	0.026
5.31	12.82	0.075	0.027
5.32	12.83	0.077	0.026
5.33	12.87	0.077	0.026
5.34	12.84	0.077	0.026
5.35	12.85	0.077	0.026
5.36	12.78	0.079	0.026
5.37	12.73	0.081	0.026
5.38	12.68	0.082	0.026
5.39	12.62	0.082	0.027
5.4	12.53	0.082	0.027
5.41	12.5	0.082	0.027
5.42	12.48	0.082	0.027
5.43	12.47	0.081	0.027
5.44	12.48	0.081	0.027
5.45	12.49	0.081	0.027
5.46	12.49	0.08	0.027
5.47	12.52	0.076	0.027
5.48	12.54	0.071	0.027
5.49	12.63	0.069	0.027
5.5	12.71	0.068	0.027
5.51	12.76	0.069	0.027
5.52	12.83	0.07	0.027
5.53	12.88	0.07	0.027
5.54	12.59	0.07	0.033
5.55	12.65	0.071	0.029
5.56	12.72	0.072	0.025
5.57	12.9	0.073	0.026
5.58	13.1	0.076	0.027
5.59	13.21	0.078	0.027
5.6	13.32	0.078	0.028
5.61	13.42	0.08	0.028
5.62	13.51	0.081	0.028
5.63	13.6	0.083	0.027
5.64	13.64	0.084	0.028
5.65	13.61	0.084	0.028
5.66	13.57	0.087	0.028
5.67	13.52	0.088	0.028
5.68	13.51	0.089	0.029
5.69	13.46	0.089	0.029
5.7	13.41	0.091	0.029
5.71	13.27	0.093	0.028
5.72	13.17	0.094	0.028
5.73	13.12	0.095	0.029
5.74	12.98	0.095	0.029
5.75	12.85	0.095	0.029
5.76	12.73	0.095	0.029
5.77	12.67	0.095	0.029
5.78	12.61	0.095	0.029
5.79	12.52	0.095	0.03
5.8	12.53	0.093	0.029
5.81	12.52	0.093	0.029
5.82	12.52	0.092	0.029
5.83	12.51	0.094	0.029
5.84	12.51	0.095	0.029
5.85	12.45	0.095	0.029
5.86	12.41	0.095	0.029
5.87	12.35	0.094	0.029
5.88	12.3	0.095	0.03
5.89	12.23	0.094	0.029
5.9	12.15	0.094	0.03
5.91	11.97	0.093	0.03
5.92	11.8	0.092	0.03
5.93	11.62	0.09	0.029
5.94	11.42	0.089	0.029
5.95	11.24	0.089	0.03
5.96	11.11	0.088	0.03
5.97	11	0.089	0.03
5.98	10.9	0.089	0.03
5.99	10.83	0.088	0.031
6	10.7	0.087	0.031
6.01	10.61	0.083	0.032
6.02	10.52	0.082	0.034
6.03	10.41	0.082	0.031
6.04	10.23	0.082	0.03
6.05	10.22	0.082	0.03
6.06	10.17	0.08	0.029
6.07	10.04	0.079	0.03
6.08	9.95	0.079	0.03
6.09	9.83	0.075	0.03
6.1	9.7	0.074	0.031
6.11	9.58	0.074	0.031
6.12	9.5	0.073	0.032
6.13	9.52	0.073	0.032
6.14	9.54	0.076	0.032
6.15	9.78	0.076	0.032
6.16	9.88	0.074	0.032
6.17	9.96	0.073	0.032
6.18	10.03	0.072	0.033
6.19	10.1	0.072	0.033
6.2	10.24	0.072	0.033
6.21	10.51	0.072	0.033
6.22	10.54	0.072	0.033
6.23	10.7	0.072	0.033
6.24	10.83	0.072	0.033
6.25	10.95	0.073	0.034
6.26	11.02	0.073	0.034
6.27	11.13	0.074	0.034
6.28	11.24	0.074	0.034
6.29	11.5	0.075	0.034
6.3	11.65	0.075	0.034
6.31	11.75	0.076	0.035
6.32	11.86	0.072	0.034
6.33	11.92	0.069	0.034
6.34	11.99	0.068	0.034
6.35	12.08	0.068	0.034
6.36	12.33	0.075	0.034
6.37	12.4	0.075	0.034
6.38	12.43	0.074	0.034
6.39	12.43	0.069	0.035
6.4	12.54	0.071	0.035
6.41	12.75	0.071	0.034
6.42	12.99	0.071	0.033
6.43	12.95	0.064	0.031
6.44	13.03	0.061	0.031
6.45	13.12	0.061	0.03
6.46	13.02	0.062	0.031
6.47	12.72	0.063	0.032
6.48	12.58	0.059	0.033
6.49	12.57	0.056	0.039
6.5	12.5	0.056	0.036
6.51	12.5	0.057	0.036
6.52	12.5	0.057	0.036
6.53	12.5	0.059	0.034
6.54	12.5	0.061	0.033
6.55	12.61	0.063	0.033
6.56	12.53	0.066	0.031
6.57	12.59	0.067	0.032
6.58	12.65	0.07	0.033
6.59	12.77	0.071	0.033
6.6	12.87	0.071	0.034
6.61	12.93	0.071	0.034
6.62	13	0.071	0.035
6.63	13.07	0.071	0.035
6.64	13.1	0.072	0.036
6.65	13.09	0.076	0.036
6.66	13.06	0.077	0.036
6.67	13.01	0.078	0.036
6.68	12.91	0.079	0.036
6.69	12.79	0.079	0.036
6.7	12.66	0.079	0.036
6.71	12.53	0.078	0.036
6.72	12.26	0.077	0.036
6.73	12.13	0.076	0.036
6.74	11.98	0.075	0.036
6.75	11.85	0.075	0.037
6.76	11.73	0.075	0.037
6.77	11.63	0.074	0.037
6.78	11.56	0.073	0.038
6.79	11.34	0.073	0.037
6.8	11.18	0.072	0.038
6.81	11	0.071	0.038
6.82	10.8	0.07	0.038
6.83	10.65	0.07	0.038
6.84	10.45	0.07	0.038
6.85	10.24	0.069	0.038
6.86	9.94	0.068	0.039
6.87	9.83	0.067	0.038
6.88	9.74	0.067	0.038
6.89	9.68	0.065	0.038
6.9	9.64	0.064	0.038
6.91	9.63	0.063	0.038
6.92	9.59	0.061	0.039
6.93	9.53	0.059	0.039
6.94	9.43	0.057	0.039
6.95	9.41	0.056	0.039
6.96	9.42	0.056	0.039
6.97	9.43	0.055	0.039
6.98	9.48	0.054	0.04
6.99	9.5	0.054	0.04
7	9.56	0.052	0.04
7.01	9.6	0.052	0.04
7.02	9.68	0.052	0.04
7.03	9.99	0.054	0.04
7.04	10.16	0.051	0.04
7.05	10.42	0.05	0.04
7.06	10.57	0.057	0.04
7.07	10.69	0.053	0.04
7.08	11.04	0.056	0.04
7.09	11.35	0.055	0.04
7.1	11.65	0.054	0.04
7.11	11.95	0.046	0.04
7.12	11.68	0.037	0.04
7.13	11.93	0.032	0.04
7.14	12.42	0.034	0.039
7.15	12.67	0.033	0.039
7.16	12.71	0.032	0.039
7.17	12.68	0.032	0.041
7.18	12.97	0.031	0.04
7.19	12.87	0.029	0.041
7.2	13	0.029	0.04
7.21	13.12	0.029	0.04
7.22	13.21	0.03	0.039
7.23	13.42	0.031	0.039
7.24	13.69	0.031	0.04
7.25	13.87	0.031	0.04
7.26	14.12	0.032	0.041
7.27	14.34	0.032	0.041
7.28	14.63	0.034	0.041
7.29	14.83	0.032	0.041
7.3	15.08	0.035	0.042
7.31	15.19	0.036	0.041
7.32	15.24	0.039	0.042
7.33	15.23	0.041	0.042
7.34	15.24	0.042	0.041
7.35	15.12	0.042	0.042
7.36	15.02	0.044	0.042
7.37	15.05	0.055	0.044
7.38	14.94	0.054	0.044
7.39	14.93	0.05	0.044
7.4	14.93	0.048	0.045
7.41	14.95	0.049	0.044
7.42	14.97	0.049	0.044
7.43	14.94	0.05	0.044
7.44	14.77	0.052	0.046
7.45	14.75	0.054	0.045
7.46	14.75	0.056	0.043
7.47	14.55	0.056	0.063
7.48	14.51	0.058	0.053
7.49	14.52	0.06	0.048
7.5	14.54	0.06	0.045
7.51	14.53	0.059	0.045
7.52	14.53	0.061	0.045
7.53	14.56	0.06	0.045
7.54	14.59	0.06	0.045
7.55	14.59	0.059	0.045
7.56	14.58	0.06	0.044
7.57	14.55	0.06	0.044
7.58	14.52	0.06	0.045
7.59	14.43	0.06	0.047
7.6	14.42	0.061	0.046
7.61	14.39	0.061	0.045
7.62	14.35	0.061	0.045
7.63	14.32	0.061	0.045
7.64	14.28	0.061	0.045
7.65	14.28	0.061	0.045
7.66	14.26	0.063	0.045
7.67	14.21	0.063	0.046
7.68	14.12	0.063	0.046
7.69	14.05	0.062	0.046
7.7	13.99	0.062	0.046
7.71	13.92	0.062	0.046
7.72	13.87	0.063	0.046
7.73	13.79	0.063	0.046
7.74	13.7	0.063	0.046
7.75	13.62	0.063	0.046
7.76	13.35	0.064	0.046
7.77	13.22	0.065	0.046
7.78	13.04	0.069	0.047
7.79	12.79	0.074	0.047
7.8	12.44	0.078	0.047
7.81	12.04	0.081	0.047
7.82	11.48	0.084	0.047
7.83	10.13	0.089	0.047
7.84	9.33	0.092	0.047
7.85	8.44	0.097	0.047
7.86	7.51	0.105	0.049
7.87	6.65	0.108	0.048
7.88	5.83	0.11	0.048
7.89	5.06	0.109	0.048
7.9	4.3	0.108	0.048
7.91	3.77	0.104	0.049
7.92	3.3	0.099	0.049
7.93	2.74	0.094	0.049
7.94	2.62	0.089	0.052
7.95	2.66	0.084	0.054
7.96	2.69	0.073	0.135
7.97	2.77	0.069	0.298
7.98	2.89	0.068	0.404
7.99	2.95	0.07	0.501
8	3.01	0.073	0.592
8.01	3.11	0.078	0.634
8.02	3.17	0.088	0.651
8.03	3.26	0.107	0.69
8.04	3.41	0.112	0.696
8.05	3.56	0.114	0.731
8.06	4.13	0.113	0.691
8.07	5.12	0.112	0.615
8.08	6.13	0.108	0.597
8.09	7.12	0.102	0.67
8.1	8.94	0.094	0.353
8.11	9.8	0.079	0.043
8.12	10.41	0.075	0.027
8.13	10.83	0.072	0.021
8.14	11.15	0.066	0.026
8.15	11.36	0.06	0.031
8.16	11.65	0.058	0.038
8.17	11.77	0.055	0.042
8.18	11.81	0.054	0.045
8.19	11.84	0.054	0.045
8.2	11.86	0.053	0.045
8.21	11.82	0.053	0.046
8.22	11.77	0.053	0.047
8.23	11.75	0.053	0.047
8.24	11.68	0.053	0.048
8.25	11.53	0.054	0.048
8.26	11.44	0.054	0.048
8.27	11.34	0.055	0.048
8.28	11.21	0.057	0.048
8.29	11.06	0.058	0.048
8.3	10.84	0.06	0.048
8.31	10.58	0.062	0.048
8.32	10.26	0.066	0.048
8.33	9.86	0.07	0.047
8.34	8.79	0.073	0.045
8.35	8.15	0.076	0.044
8.36	7.47	0.079	0.043
8.37	6.73	0.082	0.042
8.38	6	0.04	0.041
8.39	5.24	0.06	0.039
8.4	4.53	0.08	0.038
8.41	3.9	0.084	0.037
8.42	3.39	0.087	0.036
8.43	3.02	0.089	0.036
8.44	2.77	0.088	0.037
8.45	2.62	0.088	0.043
8.46	2.48	0.085	0.045
8.47	2.35	0.08	0.05
8.48	2.23	0.076	0.052
8.49	2.11	0.074	0.053
8.5	1.95	0.071	0.053
8.51	1.81	0.065	0.053
8.52	1.67	0.06	0.053
8.53	1.51	0.054	0.081
8.54	1.3	0.043	0.101
8.55	1.19	0.036	0.116
8.56	1.1	0.03	0.129
8.57	1.05	0.025	0.14
8.58	0.98	0.021	0.152
8.59	0.85	0.017	0.163
8.6	0.85	0.013	0.17
8.61	0.82	0.011	0.179
8.62	0.81	0.01	0.188
8.63	0.78	0.01	0.207
8.64	0.77	0.009	0.219
8.65	0.76	0.009	0.228
8.66	0.77	0.009	0.237
8.67	0.76	0.009	0.244
8.68	0.73	0.009	0.249
8.69	0.72	0.009	0.253
8.7	0.72	0.009	0.258
8.71	0.72	0.009	0.262
8.72	0.72	0.009	0.269
8.73	0.72	0.009	0.274
8.74	0.72	0.01	0.279
8.75	0.73	0.012	0.283
8.76	0.74	0.012	0.289
8.77	0.75	0.013	0.296
8.78	0.77	0.014	0.303
8.79	0.86	0.014	0.32
8.8	1.23	0.016	0.358
8.81	2.84	0.019	0.394
8.82	3.82	0.022	0.383
8.83	4.48	0.026	0.225
8.84	4.88	0.03	0.08
8.85	5.31	0.038	0.066
8.86	5.87	0.042	0.06
8.87	6.58	0.043	0.057
8.88	7.35	0.043	0.054
8.89	8.14	0.044	0.057
8.9	8.95	0.043	0.047
8.91	9.63	0.042	0.013
8.92	10.83	0.041	-0.023
8.93	11.28	0.04	-0.058
8.94	11.4	0.042	-0.06
8.95	11.36	0.043	-0.059
8.96	11.28	0.046	-0.058
8.97	11.25	0.047	-0.057
8.98	11.25	0.049	-0.055
8.99	11.2	0.052	-0.052
9	11.16	0.054	-0.052
9.01	11	0.057	-0.052
9.02	10.89	0.059	-0.05
9.03	10.73	0.061	-0.049
9.04	10.48	0.064	-0.048
9.05	10.22	0.068	-0.046
9.06	9.91	0.07	-0.046
9.07	9.61	0.073	-0.045
9.08	9.29	0.077	-0.045
9.09	8.98	0.078	-0.044
9.1	8.72	0.078	-0.043
9.11	8.49	0.078	-0.044
9.12	8.31	0.078	-0.042
9.13	8.23	0.078	-0.043
9.14	8.22	0.078	-0.041
9.15	8.3	0.077	-0.04
9.16	8.38	0.076	-0.039
9.17	8.55	0.075	-0.037
9.18	8.73	0.076	-0.037
9.19	8.91	0.076	-0.036
9.2	9.03	0.078	-0.034
9.21	9.13	0.08	-0.033
9.22	9.21	0.083	-0.032
9.23	9.28	0.083	-0.031
9.24	9.39	0.08	-0.031
9.25	9.75	0.077	-0.03
9.26	9.99	0.074	-0.028
9.27	10.27	0.072	-0.026
9.28	10.52	0.056	-0.018
9.29	11.09	0.056	-0.016
9.3	11.8	0.056	-0.015
9.31	12.59	0.06	-0.013
9.32	14.17	0.066	-0.011
9.33	14.87	0.066	-0.01
9.34	15.54	0.068	-0.007
9.35	15.92	0.07	0.009
9.36	16.31	0.072	0.01
9.37	17.01	0.074	0.01
9.38	17.3	0.077	0.009
9.39	17.3	0.084	0.008
9.4	17.26	0.092	0.008
9.41	17.18	0.1	0.009
9.42	17.14	0.102	0.009
9.43	17.2	0.104	0.009
9.44	17.27	0.107	0.009
9.45	17.42	0.101	0.012
9.46	17.28	0.1	0.015
9.47	17.19	0.099	0.019
9.48	17.17	0.102	0.02
9.49	17.19	0.105	0.021
9.5	17.06	0.109	0.022
9.51	16.84	0.114	0.024
9.52	16.73	0.119	0.024
9.53	16.42	0.125	0.02
9.54	16.27	0.127	0.024
9.55	16.2	0.129	0.027
9.56	16.2	0.132	0.029
9.57	16.21	0.134	0.03
9.58	16.23	0.135	0.032
9.59	16.37	0.136	0.035
9.6	16.7	0.141	0.036
9.61	16.83	0.142	0.039
9.62	16.84	0.145	0.04
9.63	16.93	0.146	0.04
9.64	17.02	0.149	0.041
9.65	17.04	0.152	0.043
9.66	17.12	0.153	0.043
9.67	17.39	0.154	0.043
9.68	17.48	0.154	0.044
9.69	17.63	0.155	0.039
9.7	17.71	0.154	0.04
9.71	17.77	0.155	0.04
9.72	17.87	0.155	0.039
9.73	17.93	0.157	0.039
9.74	17.96	0.155	0.039
9.75	18.05	0.158	0.038
9.76	18.16	0.162	0.035
9.77	18.29	0.161	0.033
9.78	18.37	0.161	0.032
9.79	18.54	0.158	0.031
9.8	18.54	0.158	0.03
9.81	18.46	0.157	0.017
9.82	18.36	0.158	0.016
9.83	18.24	0.158	0.011
9.84	18.23	0.158	0.011
9.85	18.22	0.16	0.011
9.86	18.22	0.159	0.012
9.87	18.16	0.159	0.017
9.88	18.08	0.159	0.018
9.89	17.94	0.16	0.02
9.9	17.85	0.161	0.021
9.91	17.7	0.167	0.022
9.92	17.49	0.167	0.023
9.93	17.32	0.167	0.024
9.94	17.12	0.167	0.024
9.95	16.84	0.168	0.025
9.96	16.53	0.17	0.027
9.97	15.87	0.17	0.027
9.98	15.5	0.171	0.029
9.99	15.18	0.172	0.029
10	15.01	0.172	0.03
10.01	14.79	0.171	0.031
10.02	14.75	0.17	0.032
10.03	14.76	0.168	0.034
10.04	14.77	0.167	0.035
10.05	14.83	0.166	0.037
10.06	14.99	0.164	0.038
10.07	15.13	0.163	0.039
10.08	15.25	0.163	0.04
10.09	15.43	0.163	0.04
10.1	15.74	0.163	0.042
10.11	15.89	0.164	0.044
10.12	16.02	0.165	0.044
10.13	16.17	0.166	0.043
10.14	16.3	0.166	0.041
10.15	16.42	0.168	0.041
10.16	16.62	0.168	0.04
10.17	16.71	0.169	0.039
10.18	16.73	0.17	0.039
10.19	16.76	0.17	0.039
10.2	16.66	0.17	0.038
10.21	16.52	0.17	0.038
10.22	16.39	0.17	0.039
10.23	16.24	0.17	0.038
10.24	16.03	0.17	0.038
10.25	15.9	0.17	0.038
10.26	15.49	0.171	0.039
10.27	15.3	0.17	0.039
10.28	15.07	0.171	0.04
10.29	14.83	0.171	0.041
10.3	14.66	0.172	0.042
10.31	14.44	0.171	0.042
10.32	14.04	0.172	0.043
10.33	13.87	0.172	0.044
10.34	13.65	0.172	0.044
10.35	13.46	0.171	0.044
10.36	13.27	0.17	0.045
10.37	13.08	0.169	0.045
10.38	12.93	0.168	0.045
10.39	12.64	0.164	0.046
10.4	12.54	0.163	0.047
10.41	12.39	0.162	0.047
10.42	12.27	0.16	0.047
10.43	12.15	0.159	0.048
10.44	12.05	0.159	0.048
10.45	11.81	0.158	0.049
10.46	11.74	0.157	0.049
10.47	11.66	0.155	0.05
10.48	11.58	0.154	0.05
10.49	11.55	0.154	0.05
10.5	11.49	0.153	0.051
10.51	11.47	0.151	0.051
10.52	11.46	0.15	0.051
10.53	11.46	0.148	0.051
10.54	11.46	0.147	0.051
10.55	11.47	0.145	0.052
10.56	11.46	0.143	0.052
10.57	11.47	0.142	0.053
10.58	11.46	0.131	0.052
10.59	11.51	0.121	0.053
10.6	11.57	0.119	0.053
10.61	11.58	0.118	0.054
10.62	11.64	0.118	0.054
10.63	11.67	0.119	0.055
10.64	11.74	0.12	0.054
10.65	11.52	0.121	0.066
10.66	11.48	0.122	0.055
10.67	11.49	0.124	0.05
10.68	11.5	0.125	0.049
10.69	11.53	0.127	0.047
10.7	11.62	0.13	0.048
10.71	11.67	0.131	0.048
10.72	11.77	0.132	0.048
10.73	11.87	0.134	0.049
10.74	11.95	0.135	0.049
10.75	12.06	0.137	0.05
10.76	12.14	0.138	0.05
10.77	12.26	0.14	0.051
10.78	12.3	0.141	0.052
10.79	12.35	0.143	0.052
10.8	12.35	0.143	0.051
10.81	12.4	0.144	0.052
10.82	12.41	0.144	0.053
10.83	12.61	0.144	0.053
10.84	12.71	0.146	0.054
10.85	12.86	0.146	0.055
10.86	13.07	0.147	0.056
10.87	13.38	0.148	0.058
10.88	13.64	0.15	0.059
10.89	13.91	0.15	0.06
10.9	14.17	0.152	0.06
10.91	14.52	0.155	0.063
10.92	14.66	0.157	0.062
10.93	14.78	0.159	0.063
10.94	14.86	0.161	0.065
10.95	14.82	0.162	0.065
10.96	14.83	0.165	0.065
10.97	14.84	0.167	0.065
10.98	14.86	0.169	0.065
10.99	14.93	0.169	0.065
11	15.14	0.17	0.065
11.01	15.38	0.17	0.065
11.02	15.57	0.17	0.066
11.03	15.88	0.17	0.066
11.04	15.89	0.171	0.066
11.05	15.88	0.173	0.066
11.06	15.87	0.175	0.067
11.07	15.87	0.177	0.066
11.08	15.88	0.179	0.066
11.09	16	0.18	0.065
11.1	16.22	0.181	0.065
11.11	16.22	0.181	0.064
11.12	16.17	0.182	0.062
11.13	16.13	0.182	0.063
11.14	16.15	0.182	0.063
11.15	16.03	0.184	0.063
11.16	16.01	0.185	0.063
11.17	15.94	0.185	0.062
11.18	15.83	0.186	0.062
11.19	15.76	0.185	0.062
11.2	15.67	0.185	0.062
11.21	15.58	0.185	0.063
11.22	15.46	0.185	0.064
11.23	15.31	0.183	0.063
11.24	15.23	0.183	0.062
11.25	15.23	0.183	0.063
11.26	15.24	0.182	0.063
11.27	15.31	0.182	0.064
11.28	15.52	0.179	0.064
11.29	15.56	0.179	0.064
11.3	15.62	0.178	0.065
11.31	15.69	0.178	0.065
11.32	15.71	0.178	0.065
11.33	15.73	0.178	0.066
11.34	15.71	0.179	0.067
11.35	15.71	0.18	0.065
11.36	15.72	0.181	0.065
11.37	15.76	0.182	0.066
11.38	15.8	0.183	0.067
11.39	15.83	0.183	0.066
11.4	15.78	0.184	0.067
11.41	15.54	0.187	0.068
11.42	15.42	0.093	0.067
11.43	15.27	0.136	0.067
11.44	15.27	0.15	0.068
11.45	15.25	0.156	0.068
11.46	15.33	0.159	0.068
11.47	15.41	0.159	0.069
11.48	15.61	0.16	0.069
11.49	15.82	0.16	0.07
11.5	15.28	0.161	0.088
11.51	15.79	0.163	0.075
11.52	16.3	0.166	0.069
11.53	16.52	0.169	0.068
11.54	16.71	0.17	0.067
11.55	16.93	0.172	0.067
11.56	17.09	0.173	0.067
11.57	17.32	0.177	0.069
11.58	17.44	0.18	0.069
11.59	17.56	0.182	0.072
11.6	17.63	0.182	0.07
11.61	17.73	0.184	0.069
11.62	17.78	0.185	0.069
11.63	17.82	0.186	0.069
11.64	17.8	0.187	0.068
11.65	17.88	0.188	0.066
11.66	17.95	0.19	0.066
11.67	17.97	0.192	0.066
11.68	18.01	0.194	0.066
11.69	18	0.196	0.066
11.7	17.94	0.196	0.066
11.71	17.85	0.196	0.065
11.72	17.71	0.196	0.065
11.73	17.59	0.196	0.064
11.74	17.38	0.197	0.065
11.75	17.07	0.197	0.065
11.76	17.01	0.197	0.064
11.77	16.93	0.197	0.065
11.78	16.92	0.196	0.065
11.79	16.89	0.195	0.065
11.8	16.9	0.193	0.066
11.81	16.9	0.192	0.066
11.82	16.9	0.191	0.066
11.83	16.91	0.189	0.066
11.84	16.84	0.187	0.069
11.85	16.77	0.187	0.068
11.86	16.69	0.187	0.068
11.87	16.51	0.187	0.067
11.88	16.51	0.187	0.066
11.89	16.51	0.187	0.066
11.9	16.53	0.187	0.067
11.91	16.66	0.187	0.067
11.92	16.62	0.187	0.068
11.93	16.62	0.186	0.068
11.94	16.62	0.186	0.067
11.95	16.64	0.187	0.068
11.96	16.67	0.187	0.068
11.97	16.69	0.187	0.068
11.98	16.68	0.187	0.069
11.99	16.49	0.186	0.068
12	16.39	0.185	0.068
12.01	16.24	0.186	0.067
12.02	16.15	0.185	0.067
12.03	16.06	0.184	0.068
12.04	16.04	0.185	0.068
12.05	16.04	0.184	0.068
12.06	16.06	0.183	0.068
12.07	16.08	0.182	0.069
12.08	16.09	0.181	0.07
12.09	16.09	0.181	0.069
12.1	16	0.179	0.07
12.11	16	0.178	0.071
12.12	16.07	0.178	0.072
12.13	16.13	0.178	0.073
12.14	16.25	0.179	0.073
12.15	16.46	0.18	0.074
12.16	16.57	0.179	0.074
12.17	16.88	0.179	0.076
12.18	16.98	0.179	0.076
12.19	17.05	0.18	0.076
12.2	17.04	0.181	0.077
12.21	16.99	0.183	0.077
12.22	16.95	0.187	0.075
12.23	16.9	0.188	0.075
12.24	16.89	0.189	0.075
12.25	16.86	0.189	0.076
12.26	16.84	0.19	0.077
12.27	16.81	0.189	0.076
12.28	16.66	0.189	0.076
12.29	16.53	0.188	0.076
12.3	16.44	0.187	0.074
12.31	16.45	0.187	0.075
12.32	16.46	0.187	0.075
12.33	16.51	0.186	0.075
12.34	16.8	0.185	0.074
12.35	16.96	0.185	0.074
12.36	16.99	0.184	0.075
12.37	17.03	0.184	0.075
12.38	17	0.184	0.074
12.39	17.04	0.185	0.074
12.4	17.11	0.187	0.074
12.41	17.17	0.188	0.075
12.42	17.21	0.19	0.076
12.43	17.16	0.191	0.076
12.44	17.1	0.191	0.075
12.45	17	0.191	0.075
12.46	16.79	0.191	0.075
12.47	16.72	0.19	0.075
12.48	16.63	0.19	0.074
12.49	16.52	0.19	0.074
12.5	16.51	0.18	0.074
12.51	16.52	0.17	0.074
12.52	16.54	0.164	0.074
12.53	16.68	0.164	0.074
12.54	16.81	0.164	0.076
12.55	16.88	0.164	0.076
12.56	16.97	0.164	0.076
12.57	16.91	0.164	0.069
12.58	17.11	0.166	0.067
12.59	17.31	0.171	0.068
12.6	17.8	0.173	0.07
12.61	17.89	0.176	0.07
12.62	17.95	0.177	0.071
12.63	17.94	0.178	0.071
12.64	17.88	0.182	0.074
12.65	17.73	0.186	0.073
12.66	17.43	0.191	0.074
12.67	17.34	0.191	0.074
12.68	17.19	0.191	0.074
12.69	17.04	0.192	0.073
12.7	16.89	0.191	0.074
12.71	16.47	0.189	0.074
12.72	16.24	0.188	0.073
12.73	16.18	0.187	0.072
12.74	16.07	0.185	0.071
12.75	15.97	0.184	0.072
12.76	15.93	0.183	0.072
12.77	15.94	0.182	0.072
12.78	15.95	0.179	0.073
12.79	15.89	0.178	0.073
12.8	15.8	0.178	0.075
12.81	15.82	0.178	0.076
12.82	15.84	0.178	0.076
12.83	15.98	0.178	0.077
12.84	16.29	0.178	0.077
12.85	16.35	0.178	0.077
12.86	16.36	0.178	0.078
12.87	16.41	0.177	0.078
12.88	16.46	0.177	0.079
12.89	16.57	0.176	0.08
12.9	16.62	0.176	0.081
12.91	16.7	0.176	0.081
12.92	16.79	0.178	0.081
12.93	16.95	0.179	0.081
12.94	17.1	0.18	0.083
12.95	17.3	0.181	0.081
12.96	17.3	0.182	0.083
12.97	17.28	0.183	0.084
12.98	17.21	0.183	0.084
12.99	17.08	0.184	0.083
13	16.88	0.185	0.083
13.01	16.65	0.184	0.082
13.02	16.39	0.184	0.082
13.03	16.28	0.184	0.082
13.04	16.27	0.184	0.081
13.05	16.28	0.185	0.082
13.06	16.28	0.185	0.081
13.07	16.32	0.184	0.081
13.08	16.49	0.182	0.082
13.09	16.63	0.182	0.082
13.1	16.81	0.181	0.082
13.11	17	0.182	0.083
13.12	17.11	0.182	0.083
13.13	17.22	0.183	0.083
13.14	17.23	0.183	0.084
13.15	17.26	0.184	0.082
13.16	17.28	0.185	0.082
13.17	17.3	0.185	0.083
13.18	17.22	0.187	0.083
13.19	17.22	0.187	0.082
13.2	17.05	0.187	0.082
13.21	16.95	0.188	0.082
13.22	16.84	0.188	0.081
13.23	16.77	0.189	0.081
13.24	16.71	0.189	0.081
13.25	16.67	0.188	0.08
13.26	16.52	0.187	0.08
13.27	16.49	0.186	0.08
13.28	16.48	0.186	0.08
13.29	16.4	0.185	0.08
13.3	16.37	0.185	0.081
13.31	16.33	0.184	0.081
13.32	16.27	0.184	0.081
13.33	16.22	0.183	0.081
13.34	16.18	0.183	0.081
13.35	16.2	0.183	0.082
13.36	16.11	0.182	0.083
13.37	16.07	0.182	0.082
13.38	15.97	0.182	0.084
13.39	15.88	0.182	0.084
13.4	15.82	0.182	0.084
13.41	15.77	0.181	0.084
13.42	15.77	0.164	0.084
13.43	15.76	0.157	0.085
13.44	15.71	0.155	0.085
13.45	15.59	0.155	0.086
13.46	15.39	0.155	0.085
13.47	15.38	0.155	0.085
13.48	15.41	0.155	0.084
13.49	15.31	0.156	0.077
13.5	15.31	0.155	0.075
13.51	15.34	0.155	0.074
13.52	15.37	0.155	0.075
13.53	15.41	0.153	0.076
13.54	15.45	0.152	0.076
13.55	15.58	0.152	0.077
13.56	15.66	0.151	0.077
13.57	15.87	0.151	0.079
13.58	16.13	0.15	0.079
13.59	16.22	0.147	0.08
13.6	16.22	0.144	0.078
13.61	16.15	0.141	0.081
13.62	16	0.136	0.078
13.63	15.74	0.133	0.077
13.64	15.43	0.128	0.078
13.65	15.12	0.126	0.075
13.66	14.37	0.112	0.073
13.67	13.71	0.112	0.067
13.68	13.29	0.109	0.067
13.69	13.19	0.103	0.07
13.7	12.92	0.103	0.074
13.71	12.72	0.103	0.073
13.72	12.81	0.102	0.072
13.73	12.9	0.101	0.071
13.74	13.17	0.101	0.077
13.75	13.77	0.101	0.083
13.76	14.43	0.102	0.082
13.77	15.07	0.106	0.085
13.78	15.69	0.114	0.088
13.79	16.49	0.122	0.092
13.8	17.94	0.141	0.095
13.81	18.66	0.15	0.098
13.82	19.19	0.161	0.097
13.83	19.66	0.172	0.099
13.84	20.09	0.185	0.102
13.85	20.67	0.204	0.104
13.86	20.95	0.211	0.099
13.87	21.28	0.22	0.096
13.88	21.52	0.229	0.096
13.89	21.79	0.237	0.096
13.9	21.97	0.25	0.096
13.91	22.45	0.253	0.095
13.92	22.68	0.257	0.096
13.93	22.8	0.26	0.095
13.94	23.06	0.263	0.094
13.95	23.11	0.269	0.093
13.96	23.24	0.272	0.093
13.97	23.29	0.273	0.093
13.98	23.29	0.274	0.091
13.99	23.33	0.274	0.088
14	23.53	0.276	0.088
14.01	23.56	0.277	0.087
14.02	23.62	0.277	0.084
14.03	23.59	0.277	0.083
14.04	23.66	0.277	0.082
14.05	23.6	0.277	0.08
14.06	23.62	0.277	0.077
14.07	23.54	0.277	0.078
14.08	23.32	0.278	0.076
14.09	23.26	0.278	0.075
14.1	23.16	0.278	0.074
14.11	23.06	0.28	0.074
14.12	22.94	0.281	0.073
14.13	22.6	0.283	0.073
14.14	22.45	0.283	0.071
14.15	22.26	0.283	0.071
14.16	22	0.283	0.071
14.17	21.76	0.282	0.071
14.18	21.36	0.281	0.07
14.19	20.72	0.279	0.07
14.2	20.5	0.275	0.071
14.21	20.2	0.273	0.071
14.22	19.92	0.27	0.071
14.23	19.71	0.267	0.071
14.24	19.59	0.266	0.071
14.25	19.19	0.264	0.073
14.26	18.97	0.258	0.073
14.27	18.8	0.256	0.074
14.28	18.63	0.253	0.074
14.29	18.54	0.252	0.074
14.3	18.36	0.25	0.075
14.31	18.17	0.247	0.075
14.32	17.95	0.241	0.075
14.33	17.47	0.237	0.076
14.34	17.28	0.235	0.076
14.35	17.09	0.232	0.077
14.36	16.85	0.229	0.077
14.37	16.59	0.226	0.079
14.38	16.18	0.218	0.079
14.39	15.98	0.216	0.08
14.4	15.77	0.212	0.079
14.41	15.56	0.209	0.079
14.42	15.4	0.205	0.079
14.43	15.25	0.201	0.079
14.44	15	0.187	0.08
14.45	14.82	0.167	0.08
14.46	14.6	0.16	0.079
14.47	14.35	0.156	0.079
14.48	14.07	0.153	0.079
14.49	13.81	0.153	0.079
14.5	13.49	0.153	0.078
14.51	12.81	0.153	0.068
14.52	12.13	0.152	0.069
14.53	11.82	0.149	0.069
14.54	11.31	0.149	0.069
14.55	10.68	0.15	0.068
14.56	9.28	0.152	0.067
14.57	8.54	0.163	0.067
14.58	7.86	0.162	0.066
14.59	7.22	0.161	0.065
14.6	6.59	0.158	0.063
14.61	5.96	0.151	0.062
14.62	5.25	0.142	0.062
14.63	4.55	0.139	0.062
14.64	3.94	0.141	0.064
14.65	3.18	0.142	0.061
14.66	2.84	0.145	0.06
14.67	2.63	0.14	0.061
14.68	2.42	0.135	0.062
14.69	2.36	0.129	0.084
14.7	2.5	0.123	0.092
14.71	2.64	0.115	0.175
14.72	3.31	0.112	0.321
14.73	5.11	0.107	0.329
14.74	5.46	0.088	0.291
14.75	5.72	0.091	0.161
14.76	5.94	0.094	0.121
14.77	6.2	0.105	0.115
14.78	6.42	0.108	0.106
14.79	6.69	0.107	0.106
14.8	7	0.106	0.105
14.81	8.21	0.104	0.105
14.82	8.86	0.096	0.103
14.83	9.3	0.092	0.099
14.84	9.77	0.09	0.095
14.85	10.14	0.089	0.095
14.86	10.42	0.089	0.092
14.87	10.65	0.088	0.083
14.88	10.72	0.088	0.086
14.89	10.79	0.088	0.082
14.9	10.89	0.09	0.077
14.91	10.92	0.093	0.077
14.92	10.94	0.095	0.078
14.93	10.99	0.097	0.079
14.94	11.06	0.097	0.085
14.95	11.16	0.097	0.086
14.96	11.37	0.098	0.089
14.97	11.48	0.099	0.091
14.98	11.59	0.103	0.093
14.99	11.76	0.108	0.094
15	12.04	0.111	0.095
15.01	12.35	0.112	0.096
15.02	12.69	0.113	0.097
15.03	13.01	0.114	0.098
15.04	13.3	0.115	0.1
15.05	13.74	0.117	0.101
15.06	13.96	0.12	0.104
15.07	14.13	0.123	0.103
15.08	14.34	0.126	0.105
15.09	14.53	0.13	0.105
15.1	14.68	0.136	0.106
15.11	14.79	0.139	0.107
15.12	14.89	0.141	0.106
15.13	14.92	0.143	0.109
15.14	15.01	0.147	0.109
15.15	15.03	0.15	0.11
15.16	15.04	0.151	0.111
15.17	14.95	0.153	0.11
15.18	14.86	0.154	0.109
15.19	14.75	0.157	0.109
15.2	14.57	0.157	0.11
15.21	14.4	0.157	0.11
15.22	14.23	0.157	0.111
15.23	14.11	0.157	0.11
15.24	13.94	0.157	0.111
15.25	13.88	0.157	0.11
15.26	13.84	0.157	0.111
15.27	13.83	0.157	0.113
15.28	13.81	0.157	0.112
15.29	13.78	0.157	0.114
15.3	13.78	0.156	0.113
15.31	13.72	0.156	0.114
15.32	13.69	0.156	0.115
15.33	13.4	0.155	0.116
15.34	13.2	0.154	0.116
15.35	13.07	0.153	0.116
15.36	12.96	0.153	0.115
15.37	12.9	0.153	0.116
15.38	12.89	0.153	0.116
15.39	12.91	0.144	0.116
15.4	12.94	0.135	0.116
15.41	13.15	0.133	0.116
15.42	13.26	0.133	0.117
15.43	13.35	0.133	0.117
15.44	13.4	0.134	0.119
15.45	13.42	0.135	0.12
15.46	13.25	0.136	0.117
15.47	13.07	0.136	0.117
15.48	12.99	0.136	0.116
15.49	12.95	0.136	0.117
15.5	12.89	0.138	0.117
15.51	12.9	0.138	0.119
15.52	12.9	0.138	0.12
15.53	13.02	0.139	0.12
15.54	13.34	0.14	0.121
15.55	13.53	0.141	0.122
15.56	13.69	0.143	0.124
15.57	13.9	0.145	0.126
15.58	14.06	0.146	0.125
15.59	14.25	0.148	0.125
15.6	14.5	0.149	0.126
15.61	14.91	0.15	0.127
15.62	15.14	0.151	0.13
15.63	15.45	0.153	0.13
15.64	15.72	0.154	0.132
15.65	15.99	0.157	0.133
15.66	16.22	0.16	0.133
15.67	16.4	0.164	0.132
15.68	16.56	0.166	0.131
15.69	16.9	0.173	0.132
15.7	17.09	0.175	0.131
15.71	17.19	0.179	0.132
15.72	17.32	0.182	0.129
15.73	17.34	0.184	0.129
15.74	17.31	0.186	0.129
15.75	17.27	0.188	0.126
15.76	17.21	0.192	0.124
15.77	17.17	0.193	0.123
15.78	17.08	0.195	0.125
15.79	16.98	0.195	0.122
15.8	16.88	0.194	0.122
15.81	16.75	0.194	0.122
15.82	16.62	0.194	0.122
15.83	16.51	0.192	0.122
15.84	16.43	0.19	0.122
15.85	16.34	0.189	0.122
15.86	16.18	0.189	0.122
15.87	16.02	0.189	0.122
15.88	15.83	0.189	0.122
15.89	15.67	0.187	0.122
15.9	15.51	0.186	0.123
15.91	15.42	0.186	0.124
15.92	15.36	0.185	0.124
15.93	15.27	0.185	0.124
15.94	15.17	0.183	0.124
15.95	15.05	0.182	0.125
15.96	14.92	0.182	0.125
15.97	14.74	0.182	0.125
15.98	14.53	0.181	0.126
15.99	14.03	0.181	0.127
16	13.74	0.178	0.126
16.01	13.55	0.176	0.125
16.02	13.31	0.175	0.126
16.03	13.22	0.174	0.126
16.04	13.06	0.173	0.127
16.05	12.98	0.171	0.128
16.06	12.92	0.169	0.13
16.07	12.77	0.166	0.13
16.08	12.67	0.162	0.131
16.09	12.58	0.162	0.131
16.1	12.5	0.16	0.131
16.11	12.43	0.158	0.131
16.12	12.3	0.157	0.131
16.13	12.19	0.157	0.13
16.14	12.09	0.156	0.126
16.15	11.89	0.155	0.125
16.16	11.83	0.152	0.125
16.17	11.72	0.149	0.125
16.18	11.61	0.145	0.126
16.19	11.53	0.144	0.127
16.2	11.4	0.142	0.129
16.21	11.18	0.141	0.13
16.22	11.11	0.14	0.131
16.23	11.03	0.14	0.131
16.24	10.96	0.14	0.131
16.25	10.92	0.14	0.131
16.26	10.86	0.14	0.132
16.27	10.82	0.139	0.132
16.28	10.75	0.139	0.131
16.29	10.69	0.14	0.13
16.3	10.53	0.14	0.13
16.31	10.44	0.141	0.13
16.32	10.28	0.142	0.13
16.33	10.21	0.144	0.13
16.34	10.03	0.144	0.129
16.35	9.81	0.144	0.129
16.36	9.6	0.117	0.129
16.37	9.39	0.123	0.129
16.38	9.09	0.123	0.129
16.39	8.96	0.122	0.128
16.4	8.93	0.117	0.128
16.41	8.94	0.114	0.128
16.42	8.94	0.113	0.128
16.43	9.09	0.112	0.128
16.44	9.22	0.109	0.107
16.45	9.35	0.107	0.108
16.46	9.74	0.105	0.11
16.47	10.14	0.106	0.112
16.48	10.47	0.106	0.114
16.49	11.13	0.106	0.117
16.5	11.39	0.106	0.117
16.51	11.53	0.107	0.116
16.52	11.62	0.108	0.117
16.53	11.63	0.11	0.119
16.54	11.57	0.111	0.121
16.55	11.5	0.112	0.121
16.56	11.34	0.112	0.121
16.57	11.17	0.112	0.123
16.58	11.16	0.112	0.125
16.59	11.18	0.112	0.126
16.6	11.19	0.113	0.127
16.61	11.23	0.115	0.127
16.62	11.28	0.117	0.128
16.63	11.38	0.118	0.128
16.64	11.51	0.119	0.128
16.65	11.64	0.119	0.129
16.66	11.79	0.119	0.13
16.67	12.01	0.119	0.13
16.68	12.07	0.12	0.131
16.69	12.08	0.121	0.131
16.7	11.97	0.123	0.131
16.71	11.85	0.125	0.131
16.72	11.73	0.13	0.132
16.73	11.64	0.132	0.132
16.74	11.55	0.134	0.132
16.75	11.47	0.135	0.132
16.76	11.42	0.136	0.132
16.77	11.38	0.136	0.132
16.78	11.15	0.136	0.132
16.79	10.92	0.136	0.133
16.8	10.72	0.137	0.133
16.81	10.52	0.138	0.133
16.82	10.39	0.138	0.132
16.83	10.42	0.137	0.132
16.84	10.45	0.136	0.132
16.85	10.67	0.134	0.132
16.86	10.93	0.132	0.133
16.87	11.69	0.129	0.135
16.88	12.07	0.126	0.137
16.89	12.37	0.127	0.137
16.9	12.63	0.128	0.12
16.91	12.78	0.13	0.119
16.92	12.9	0.132	0.12
16.93	13.09	0.133	0.12
16.94	13.21	0.133	0.122
16.95	13.34	0.132	0.122
16.96	13.52	0.132	0.125
16.97	13.74	0.131	0.127
16.98	13.9	0.131	0.137
16.99	14.03	0.131	0.138
17	14.11	0.131	0.139
17.01	14.15	0.132	0.139
17.02	14.23	0.133	0.14
17.03	14.37	0.134	0.142
17.04	14.41	0.135	0.142
17.05	14.43	0.136	0.142
17.06	14.44	0.14	0.143
17.07	14.45	0.141	0.142
17.08	14.45	0.143	0.142
17.09	14.46	0.146	0.142
17.1	14.46	0.147	0.142
17.11	14.48	0.149	0.142
17.12	14.51	0.15	0.143
17.13	14.55	0.154	0.142
17.14	14.61	0.155	0.142
17.15	14.66	0.156	0.142
17.16	14.7	0.158	0.142
17.17	14.77	0.158	0.142
17.18	14.76	0.16	0.142
17.19	14.76	0.162	0.143
17.2	14.63	0.164	0.144
17.21	14.54	0.167	0.142
17.22	14.42	0.168	0.142
17.23	14.38	0.169	0.141
17.24	14.26	0.17	0.142
17.25	14.23	0.172	0.142
17.26	14.19	0.171	0.142
17.27	14.15	0.171	0.142
17.28	14.1	0.171	0.142
17.29	14.08	0.17	0.142
17.3	14.11	0.17	0.142
17.31	14.13	0.17	0.144
17.32	14.22	0.17	0.145
17.33	14.31	0.17	0.144
17.34	14.45	0.171	0.146
17.35	14.66	0.171	0.145
17.36	15.06	0.171	0.146
17.37	15.28	0.171	0.148
17.38	15.51	0.172	0.149
17.39	15.74	0.172	0.149
17.4	15.94	0.173	0.149
17.41	16.21	0.173	0.149
17.42	16.56	0.174	0.149
17.43	16.78	0.175	0.15
17.44	16.95	0.168	0.149
17.45	17.15	0.161	0.149
17.46	17.34	0.161	0.149
17.47	17.5	0.161	0.148
17.48	17.59	0.165	0.148
17.49	17.67	0.17	0.148
17.5	17.75	0.173	0.147
17.51	17.62	0.176	0.14
17.52	17.66	0.178	0.137
17.53	17.71	0.181	0.137
17.54	17.83	0.181	0.137
17.55	17.89	0.184	0.138
17.56	18	0.188	0.138
17.57	18.04	0.189	0.139
17.58	18.08	0.193	0.138
17.59	18.12	0.196	0.14
17.6	18.16	0.197	0.139
17.61	18.18	0.199	0.14
17.62	18.25	0.202	0.14
17.63	18.4	0.203	0.14
17.64	18.55	0.205	0.14
17.65	18.68	0.207	0.141
17.66	18.77	0.209	0.141
17.67	18.82	0.211	0.14
17.68	18.97	0.212	0.14
17.69	19.18	0.213	0.14
17.7	19.23	0.217	0.14
17.71	19.19	0.219	0.142
17.72	19.12	0.221	0.142
17.73	19.06	0.223	0.142
17.74	19	0.224	0.142
17.75	19	0.227	0.139
17.76	19	0.23	0.139
17.77	19.04	0.231	0.139
17.78	19.01	0.231	0.139
17.79	19.05	0.232	0.139
17.8	19.12	0.231	0.139
17.81	19.17	0.231	0.139
17.82	19.03	0.23	0.139
17.83	18.94	0.229	0.14
17.84	18.93	0.228	0.139
17.85	18.9	0.229	0.139
17.86	18.91	0.227	0.139
17.87	18.92	0.227	0.138
17.88	19.09	0.225	0.137
17.89	19.29	0.225	0.137
17.9	19.44	0.225	0.137
17.91	19.59	0.223	0.138
17.92	19.81	0.222	0.137
17.93	19.93	0.221	0.136
17.94	20.22	0.221	0.136
17.95	20.35	0.221	0.136
17.96	20.29	0.222	0.134
17.97	20.43	0.223	0.132
17.98	20.58	0.223	0.131
17.99	20.7	0.224	0.13
18	20.93	0.224	0.129
18.01	21.04	0.226	0.128
18.02	21.15	0.227	0.128
18.03	21.2	0.227	0.127
18.04	21.3	0.226	0.128
18.05	21.32	0.226	0.126
18.06	21.38	0.225	0.125
18.07	21.32	0.226	0.124
18.08	21.28	0.226	0.125
18.09	21.25	0.226	0.123
18.1	21.15	0.228	0.122
18.11	20.91	0.23	0.12
18.12	20.66	0.23	0.117
18.13	20.38	0.23	0.118
18.14	20.05	0.23	0.117
18.15	19.61	0.23	0.116
18.16	19.14	0.229	0.116
18.17	18.16	0.227	0.114
18.18	17.77	0.226	0.117
18.19	17.36	0.221	0.111
18.2	16.96	0.216	0.111
18.21	16.7	0.212	0.112
18.22	16.49	0.207	0.112
18.23	16.52	0.198	0.113
18.24	16.55	0.194	0.113
18.25	16.88	0.191	0.113
18.26	17.31	0.19	0.113
18.27	17.74	0.19	0.119
18.28	18.16	0.19	0.121
18.29	19.06	0.191	0.124
18.3	19.52	0.192	0.128
18.31	19.92	0.195	0.131
18.32	20.29	0.198	0.132
18.33	20.56	0.204	0.135
18.34	20.84	0.213	0.136
18.35	21.15	0.217	0.137
18.36	21.11	0.221	0.137
18.37	21.2	0.223	0.135
18.38	21.18	0.227	0.136
18.39	21.2	0.232	0.135
18.4	21.2	0.233	0.135
18.41	21.27	0.233	0.134
18.42	21.22	0.234	0.133
18.43	21.29	0.235	0.132
18.44	21.37	0.235	0.132
18.45	21.45	0.235	0.132
18.46	21.71	0.236	0.131
18.47	21.87	0.236	0.13
18.48	21.86	0.236	0.131
18.49	21.9	0.233	0.131
18.5	21.99	0.23	0.131
18.51	22.01	0.219	0.131
18.52	22.02	0.213	0.127
18.53	22	0.213	0.128
18.54	21.95	0.214	0.128
18.55	21.82	0.217	0.127
18.56	21.47	0.217	0.126
18.57	21.12	0.219	0.167
18.58	21.04	0.22	0.14
18.59	21.03	0.223	0.128
18.6	21.02	0.227	0.116
18.61	20.98	0.228	0.117
18.62	21.01	0.23	0.117
18.63	20.93	0.231	0.119
18.64	20.95	0.231	0.118
18.65	20.87	0.232	0.12
18.66	20.82	0.234	0.12
18.67	20.65	0.235	0.121
18.68	20.45	0.235	0.122
18.69	20.34	0.235	0.122
18.7	20.32	0.235	0.122
18.71	20.33	0.236	0.122
18.72	20.34	0.237	0.123
18.73	20.58	0.239	0.124
18.74	20.59	0.239	0.125
18.75	20.66	0.239	0.126
18.76	20.65	0.238	0.126
18.77	20.71	0.237	0.126
18.78	20.78	0.237	0.128
18.79	20.84	0.237	0.129
18.8	20.82	0.238	0.13
18.81	20.69	0.24	0.131
18.82	20.61	0.238	0.13
18.83	20.6	0.237	0.13
18.84	20.62	0.236	0.131
18.85	20.65	0.235	0.132
18.86	20.74	0.235	0.131
18.87	20.76	0.236	0.132
18.88	20.81	0.237	0.133
18.89	20.83	0.238	0.133
18.9	20.95	0.239	0.133
18.91	21.27	0.239	0.133
18.92	21.36	0.239	0.134
18.93	21.35	0.24	0.135
18.94	21.46	0.24	0.135
18.95	21.41	0.241	0.135
18.96	21.44	0.241	0.136
18.97	21.47	0.241	0.135
18.98	21.59	0.241	0.134
18.99	21.72	0.241	0.134
19	21.73	0.242	0.134
19.01	21.95	0.242	0.135
19.02	22.08	0.243	0.136
19.03	22.19	0.243	0.135
19.04	22.39	0.244	0.137
19.05	22.52	0.246	0.137
19.06	22.64	0.249	0.137
19.07	22.71	0.251	0.135
19.08	22.73	0.253	0.135
19.09	22.74	0.253	0.134
19.1	22.85	0.253	0.135
19.11	22.93	0.252	0.135
19.12	22.95	0.252	0.135
19.13	22.87	0.252	0.135
19.14	22.83	0.252	0.132
19.15	22.66	0.252	0.132
19.16	22.59	0.252	0.132
19.17	22.59	0.253	0.132
19.18	22.59	0.255	0.13
19.19	22.67	0.256	0.131
19.2	23	0.255	0.131
19.21	23.11	0.255	0.131
19.22	23.22	0.253	0.132
19.23	23.34	0.252	0.131
19.24	23.49	0.247	0.132
19.25	23.45	0.248	0.132
19.26	23.47	0.248	0.131
19.27	23.38	0.248	0.131
19.28	23.36	0.248	0.13
19.29	23.37	0.251	0.13
19.3	23.38	0.251	0.13
19.31	23.49	0.252	0.13
19.32	23.61	0.253	0.131
19.33	23.7	0.255	0.131
19.34	23.84	0.256	0.13
19.35	24.03	0.256	0.128
19.36	24.21	0.255	0.131
19.37	24.31	0.254	0.129
19.38	24.38	0.251	0.129
19.39	24.46	0.24	0.128
19.4	24.52	0.23	0.13
19.41	24.52	0.228	0.127
19.42	24.67	0.228	0.127
19.43	24.75	0.229	0.126
19.44	24.92	0.229	0.126
19.45	24.92	0.233	0.125
19.46	24.67	0.234	0.125
19.47	24.67	0.237	0.117
19.48	24.67	0.237	0.117
19.49	24.72	0.24	0.118
19.5	24.74	0.242	0.119
19.51	24.76	0.243	0.118
19.52	24.91	0.244	0.119
19.53	24.93	0.248	0.119
19.54	25.06	0.249	0.122
19.55	25.2	0.252	0.122
19.56	25.21	0.254	0.125
19.57	25.39	0.254	0.122
19.58	25.51	0.255	0.122
19.59	25.75	0.255	0.123
19.6	25.84	0.256	0.124
19.61	25.87	0.257	0.124
19.62	26.28	0.258	0.125
19.63	26.52	0.258	0.124
19.64	26.83	0.258	0.124
19.65	27.04	0.258	0.125
19.66	27.47	0.258	0.125
19.67	27.68	0.26	0.126
19.68	27.86	0.26	0.126
19.69	27.97	0.262	0.124
19.7	28.1	0.264	0.124
19.71	27.99	0.266	0.121
19.72	27.99	0.268	0.121
19.73	27.76	0.269	0.121
19.74	27.53	0.27	0.121
19.75	27.01	0.272	0.119
19.76	26.73	0.271	0.12
19.77	26.45	0.273	0.117
19.78	26.06	0.272	0.115
19.79	25.75	0.27	0.114
19.8	25.1	0.269	0.115
19.81	24.86	0.267	0.115
19.82	24.61	0.264	0.114
19.83	24.6	0.258	0.115
19.84	24.25	0.257	0.116
19.85	23.99	0.254	0.114
19.86	23.68	0.251	0.113
19.87	23.54	0.248	0.113
19.88	23.42	0.247	0.113
19.89	23.23	0.24	0.113
19.9	23	0.24	0.113
19.91	22.79	0.239	0.113
19.92	22.61	0.237	0.114
19.93	22.41	0.234	0.115
19.94	22.31	0.228	0.115
19.95	22.17	0.226	0.116
19.96	21.99	0.226	0.115
19.97	21.92	0.225	0.116
19.98	21.84	0.224	0.118
19.99	21.72	0.22	0.117
20	21.67	0.219	0.118
20.01	21.5	0.217	0.118
20.02	21.38	0.216	0.119
20.03	21.31	0.215	0.119
20.04	21.28	0.215	0.119
20.05	21.32	0.215	0.119
20.06	21.37	0.214	0.12
20.07	21.38	0.214	0.122
20.08	21.42	0.213	0.123
20.09	21.42	0.209	0.124
20.1	21.31	0.208	0.124
20.11	21.12	0.207	0.125
20.12	21.03	0.206	0.125
20.13	20.82	0.204	0.126
20.14	20.75	0.204	0.126
20.15	20.63	0.202	0.127
20.16	20.63	0.201	0.127
20.17	20.63	0.2	0.127
20.18	20.64	0.198	0.127
20.19	20.8	0.196	0.128
20.2	20.87	0.193	0.129
20.21	21.04	0.191	0.129
20.22	21.15	0.19	0.13
20.23	21.31	0.188	0.131
20.24	21.42	0.188	0.132
20.25	21.61	0.188	0.13
20.26	21.95	0.189	0.132
20.27	22.19	0.189	0.134
20.28	22.35	0.19	0.134
20.29	22.65	0.192	0.132
20.3	22.85	0.194	0.132
20.31	23.27	0.195	0.132
20.32	23.39	0.196	0.134
20.33	23.54	0.2	0.132
20.34	23.57	0.202	0.136
20.35	23.74	0.203	0.136
20.36	23.82	0.204	0.136
20.37	23.63	0.207	0.135
20.38	23.56	0.209	0.134
20.39	23.44	0.209	0.134
20.4	23.31	0.202	0.134
20.41	23.11	0.194	0.134
20.42	23.06	0.189	0.132
20.43	22.95	0.189	0.131
20.44	22.96	0.19	0.131
20.45	22.85	0.191	0.132
20.46	22.51	0.191	0.13
20.47	22.13	0.193	0.12
20.48	21.75	0.195	0.118
20.49	21.62	0.195	0.117
20.5	21.5	0.196	0.118
20.51	21.44	0.198	0.119
20.52	21.37	0.198	0.12
20.53	21.39	0.199	0.12
20.54	21.37	0.2	0.124
20.55	21.44	0.201	0.125
20.56	21.51	0.201	0.125
20.57	21.54	0.201	0.128
20.58	21.69	0.201	0.13
20.59	21.77	0.202	0.131
20.6	21.91	0.203	0.132
20.61	22.09	0.203	0.133
20.62	22.12	0.204	0.136
20.63	22.15	0.204	0.137
20.64	22.34	0.206	0.136
20.65	22.39	0.207	0.137
20.66	22.48	0.208	0.139
20.67	22.43	0.209	0.139
20.68	22.35	0.211	0.139
20.69	22.26	0.21	0.14
20.7	22.26	0.21	0.138
20.71	22.28	0.211	0.137
20.72	22.31	0.213	0.137
20.73	22.38	0.213	0.137
20.74	22.51	0.213	0.138
20.75	22.63	0.213	0.139
20.76	22.78	0.213	0.139
20.77	22.74	0.213	0.141
20.78	22.59	0.213	0.142
20.79	22.51	0.213	0.144
20.8	22.38	0.213	0.144
20.81	22.34	0.214	0.143
20.82	22.14	0.215	0.145
20.83	22.16	0.217	0.146
20.84	22.14	0.219	0.146
20.85	22.14	0.221	0.146
20.86	22.14	0.222	0.147
20.87	22.29	0.221	0.148
20.88	22.34	0.221	0.148
20.89	22.45	0.221	0.15
20.9	22.52	0.221	0.151
20.91	22.6	0.223	0.149
20.92	22.87	0.225	0.15
20.93	22.96	0.226	0.151
20.94	23.08	0.228	0.154
20.95	23.26	0.23	0.153
20.96	23.32	0.23	0.154
20.97	23.5	0.232	0.155
20.98	23.59	0.234	0.155
20.99	23.68	0.234	0.156
21	23.75	0.236	0.157
21.01	23.75	0.237	0.157
21.02	23.78	0.239	0.158
21.03	23.86	0.24	0.156
21.04	23.88	0.241	0.155
21.05	24.03	0.242	0.153
21.06	24.1	0.243	0.154
21.07	24.2	0.244	0.154
21.08	24.14	0.246	0.156
21.09	24.08	0.247	0.155
21.1	24.04	0.25	0.153
21.11	24.02	0.25	0.152
21.12	23.79	0.251	0.148
21.13	23.55	0.251	0.149
21.14	23.32	0.251	0.148
21.15	22.99	0.252	0.148
21.16	22.64	0.252	0.148
21.17	22.16	0.251	0.147
21.18	21.86	0.249	0.145
21.19	21.7	0.246	0.145
21.2	21.66	0.243	0.145
21.21	21.6	0.233	0.146
21.22	21.64	0.23	0.145
21.23	21.68	0.225	0.145
21.24	21.88	0.219	0.146
21.25	22.15	0.215	0.147
21.26	22.51	0.21	0.146
21.27	22.9	0.21	0.15
21.28	23.55	0.21	0.154
21.29	23.93	0.211	0.154
21.3	24.23	0.214	0.154
21.31	24.63	0.216	0.154
21.32	24.85	0.217	0.158
21.33	25.3	0.22	0.157
21.34	25.49	0.22	0.162
21.35	25.61	0.224	0.161
21.36	25.55	0.227	0.161
21.37	25.53	0.144	0.16
21.38	25.54	0.185	0.16
21.39	25.55	0.2	0.158
21.4	25.55	0.215	0.156
21.41	25.59	0.214	0.153
21.42	25.54	0.215	0.153
21.43	25.52	0.216	0.155
21.44	25.54	0.216	0.151
21.45	24.74	0.217	0.138
21.46	24.67	0.22	0.135
21.47	24.6	0.222	0.135
21.48	24.44	0.223	0.136
21.49	24.2	0.224	0.139
21.5	23.93	0.224	0.138
21.51	23.62	0.224	0.138
21.52	23.18	0.225	0.138
21.53	23	0.225	0.138
21.54	22.87	0.225	0.14
21.55	22.75	0.225	0.143
21.56	22.73	0.224	0.145
21.57	22.72	0.225	0.144
21.58	22.77	0.224	0.145
21.59	22.81	0.223	0.146
21.6	22.88	0.224	0.146
21.61	22.99	0.224	0.146
21.62	23.15	0.225	0.146
21.63	23.42	0.226	0.148
21.64	23.54	0.226	0.147
21.65	23.67	0.227	0.149
21.66	23.87	0.228	0.151
21.67	24.06	0.23	0.15
21.68	24.23	0.231	0.151
21.69	24.45	0.232	0.154
21.7	24.52	0.232	0.157
21.71	24.53	0.234	0.157
21.72	24.59	0.235	0.154
21.73	24.41	0.236	0.155
21.74	24.32	0.238	0.153
21.75	24.24	0.24	0.153
21.76	24.13	0.242	0.153
21.77	23.99	0.24	0.154
21.78	23.91	0.242	0.155
21.79	23.6	0.244	0.155
21.8	23.34	0.245	0.154
21.81	23.14	0.245	0.154
21.82	23.02	0.243	0.155
21.83	22.8	0.24	0.153
21.84	22.68	0.239	0.155
21.85	22.63	0.237	0.153
21.86	22.63	0.234	0.153
21.87	22.54	0.233	0.153
21.88	22.32	0.23	0.153
21.89	22.18	0.227	0.153
21.9	21.97	0.226	0.154
21.91	21.72	0.227	0.151
21.92	21.39	0.226	0.15
21.93	20.95	0.221	0.151
21.94	20.7	0.219	0.151
21.95	20.51	0.218	0.151
21.96	20.33	0.217	0.151
21.97	20.22	0.215	0.152
21.98	20.07	0.214	0.153
21.99	19.79	0.209	0.153
22	19.7	0.206	0.152
22.01	19.56	0.205	0.154
22.02	19.56	0.203	0.155
22.03	19.56	0.2	0.156
22.04	19.57	0.196	0.159
22.05	19.69	0.192	0.159
22.06	19.83	0.187	0.16
22.07	19.93	0.186	0.16
22.08	20.07	0.185	0.162
22.09	20.15	0.185	0.164
22.1	20.25	0.185	0.166
22.11	20.48	0.185	0.165
22.12	20.55	0.184	0.167
22.13	20.62	0.184	0.169
22.14	20.6	0.182	0.171
22.15	20.7	0.184	0.169
22.16	20.75	0.186	0.169
22.17	21.02	0.186	0.169
22.18	21.18	0.186	0.171
22.19	21.31	0.186	0.171
22.2	21.42	0.186	0.174
22.21	21.54	0.185	0.172
22.22	21.47	0.186	0.172
22.23	21.19	0.185	0.173
22.24	21.06	0.185	0.174
22.25	20.82	0.185	0.173
22.26	20.59	0.184	0.173
22.27	20.43	0.184	0.173
22.28	20.29	0.184	0.173
22.29	20.05	0.184	0.171
22.3	19.9	0.183	0.171
22.31	19.76	0.181	0.171
22.32	19.62	0.179	0.171
22.33	19.41	0.178	0.17
22.34	19.08	0.177	0.169
22.35	18.85	0.178	0.169
22.36	18.6	0.181	0.169
22.37	18.39	0.185	0.169
22.38	18.16	0.184	0.168
22.39	17.93	0.183	0.169
22.4	17.68	0.178	0.17
22.41	17.39	0.174	0.17
22.42	16.91	0.173	0.17
22.43	15.43	0.17	0.169
22.44	14.34	0.165	0.168
22.45	14.02	0.163	0.168
22.46	13.72	0.161	0.164
22.47	13.51	0.159	0.164
22.48	13.33	0.158	0.163
22.49	12.99	0.142	0.162
22.5	12.75	0.127	0.159
22.51	12.38	0.123	0.158
22.52	12.4	0.122	0.157
22.53	12.41	0.119	0.157
22.54	12.55	0.107	0.157
22.55	12.76	0.101	0.159
22.56	12.87	0.096	0.179
22.57	12.98	0.096	0.154
22.58	13.52	0.096	0.154
22.59	14	0.096	0.155
22.6	14.52	0.094	0.155
22.61	15.3	0.09	0.157
22.62	15.59	0.089	0.159
22.63	15.78	0.088	0.162
22.64	15.88	0.088	0.16
22.65	15.88	0.089	0.155
22.66	15.8	0.091	0.147
22.67	15.73	0.093	0.137
22.68	15.53	0.096	0.14
22.69	15.49	0.1	0.143
22.7	15.49	0.102	0.144
22.71	15.51	0.103	0.145
22.72	15.52	0.104	0.147
22.73	15.61	0.105	0.149
22.74	15.69	0.105	0.151
22.75	15.79	0.105	0.15
22.76	15.77	0.106	0.151
22.77	15.8	0.108	0.152
22.78	15.83	0.109	0.154
22.79	15.87	0.11	0.154
22.8	15.96	0.111	0.155
22.81	16.1	0.112	0.156
22.82	16.33	0.112	0.156
22.83	16.51	0.115	0.156
22.84	16.64	0.117	0.157
22.85	16.8	0.12	0.158
22.86	16.95	0.122	0.159
22.87	17.11	0.123	0.159
22.88	17.25	0.125	0.16
22.89	17.34	0.128	0.162
22.9	17.39	0.131	0.162
22.91	17.35	0.135	0.164
22.92	17.26	0.139	0.164
22.93	17.21	0.141	0.164
22.94	17.2	0.142	0.165
22.95	17.2	0.145	0.165
22.96	17.21	0.148	0.166
22.97	17.23	0.15	0.167
22.98	17.23	0.15	0.167
22.99	17.34	0.152	0.169
23	17.4	0.152	0.169
23.01	17.48	0.153	0.17
23.02	17.45	0.157	0.171
23.03	17.42	0.159	0.171
23.04	17.37	0.159	0.171
23.05	17.35	0.158	0.172
23.06	17.38	0.157	0.174
23.07	17.33	0.157	0.172
23.08	17.15	0.157	0.171
23.09	16.88	0.158	0.171
23.1	16.59	0.162	0.17
23.11	16.48	0.162	0.165
23.12	16.33	0.16	0.152
23.13	16.41	0.157	0.143
23.14	16.48	0.153	0.141
23.15	17.55	0.15	0.145
23.16	18.07	0.138	0.148
23.17	18.62	0.129	0.158
23.18	19.15	0.121	0.153
23.19	19.44	0.119	0.129
23.2	19.67	0.119	0.103
23.21	19.83	0.119	0.054
23.22	20.05	0.119	0.03
23.23	20.39	0.125	0.024
23.24	20.6	0.132	0.022
23.25	20.76	0.136	0.022
23.26	20.92	0.137	0.022
23.27	21.05	0.142	0.025
23.28	21.36	0.151	0.027
23.29	21.5	0.157	0.029
23.3	21.69	0.16	0.03
23.31	21.96	0.164	0.035
23.32	22.2	0.166	0.036
23.33	22.5	0.168	0.039
23.34	22.84	0.174	0.042
23.35	23.62	0.179	0.044
23.36	24.17	0.181	0.046
23.37	24.78	0.182	0.049
23.38	25.51	0.19	0.051
23.39	26.07	0.192	0.053
23.4	26.78	0.196	0.055
23.41	27.64	0.199	0.056
23.42	28.07	0.2	0.063
23.43	28.5	0.203	0.065
23.44	28.77	0.204	0.068
23.45	29.01	0.207	0.07
23.46	29.17	0.209	0.07
23.47	29.38	0.213	0.073
23.48	29.37	0.214	0.075
23.49	29.3	0.216	0.075
23.5	29.22	0.217	0.078
23.51	29.14	0.216	0.079
23.52	29.06	0.218	0.083
23.53	29.01	0.211	0.084
23.54	28.96	0.203	0.083
23.55	28.86	0.196	0.086
23.56	28.5	0.192	0.088
23.57	28.33	0.191	0.089
23.58	28.13	0.193	0.092
23.59	27.89	0.194	0.092
23.6	27.38	0.195	0.096
23.61	26.87	0.198	0.099
23.62	26.81	0.199	0.103
23.63	26.62	0.205	0.104
23.64	26.44	0.213	0.108
23.65	26.07	0.217	0.11
23.66	26.03	0.221	0.116
23.67	25.91	0.224	0.117
23.68	25.88	0.228	0.121
23.69	26.02	0.233	0.123
23.7	26.16	0.235	0.125
23.71	26.42	0.236	0.128
23.72	26.65	0.237	0.132
23.73	26.81	0.238	0.133
23.74	26.86	0.24	0.138
23.75	26.98	0.24	0.138
23.76	27.14	0.242	0.14
23.77	27.31	0.241	0.143
23.78	27.41	0.243	0.145
23.79	27.51	0.247	0.146
23.8	27.56	0.248	0.146
23.81	27.75	0.25	0.147
23.82	27.8	0.251	0.151
23.83	27.93	0.252	0.15
23.84	28.03	0.252	0.15
23.85	28.22	0.253	0.152
23.86	28.34	0.253	0.151
23.87	28.37	0.253	0.152
23.88	28.25	0.253	0.154
23.89	28.26	0.252	0.153
23.9	28.06	0.251	0.155
23.91	28.04	0.249	0.152
23.92	27.84	0.247	0.151
23.93	27.7	0.243	0.153
23.94	27.46	0.242	0.154
23.95	27.27	0.238	0.153
23.96	27.17	0.237	0.153
23.97	27.02	0.232	0.153
23.98	26.84	0.23	0.153
23.99	26.66	0.227	0.154
24	26.48	0.226	0.156
24.01	26.29	0.221	0.154
24.02	26.13	0.218	0.154
24.03	25.95	0.215	0.155
24.04	25.68	0.214	0.156
24.05	25.4	0.209	0.156
24.06	25.24	0.207	0.157
24.07	25.04	0.207	0.158
24.08	24.64	0.206	0.16
24.09	24.41	0.204	0.16
24.1	24.15	0.202	0.16
24.11	23.91	0.202	0.161
24.12	23.3	0.202	0.162
24.13	23.02	0.201	0.164
24.14	22.59	0.198	0.166
24.15	22.31	0.197	0.166
24.16	21.83	0.197	0.165
24.17	21.43	0.197	0.166
24.18	20.54	0.198	0.167
24.19	20.12	0.2	0.169
24.2	19.7	0.2	0.168
24.21	19.4	0.201	0.167
24.22	19.06	0.201	0.168
24.23	18.44	0.201	0.168
24.24	18.19	0.201	0.169
24.25	17.76	0.2	0.171
24.26	17.38	0.199	0.173
24.27	17.09	0.199	0.172
24.28	16.75	0.199	0.172
24.29	16.51	0.197	0.171
24.3	16.5	0.197	0.171
24.31	16.52	0.197	0.172
24.32	16.54	0.197	0.172
24.33	16.57	0.196	0.175
24.34	16.53	0.194	0.177
24.35	16.45	0.192	0.176
24.36	16.24	0.192	0.175
24.37	16.12	0.192	0.173
24.38	16.05	0.191	0.173
24.39	16.02	0.192	0.173
24.4	15.99	0.19	0.174
24.41	16.01	0.188	0.174
24.42	16.03	0.186	0.175
24.43	16.2	0.185	0.177
24.44	16.4	0.184	0.177
24.45	16.64	0.183	0.179
24.46	16.91	0.181	0.181
24.47	17.39	0.18	0.183
24.48	17.59	0.18	0.185
24.49	17.68	0.18	0.186
24.5	17.77	0.182	0.186
24.51	17.78	0.178	0.186
24.52	17.76	0.173	0.186
24.53	17.84	0.166	0.185
24.54	17.92	0.163	0.186
24.55	18.11	0.162	0.187
24.56	18.3	0.161	0.188
24.57	18.58	0.161	0.19
24.58	18.83	0.161	0.193
24.59	19.1	0.164	0.188
24.6	19.38	0.168	0.187
24.61	19.73	0.175	0.188
24.62	20.03	0.18	0.189
24.63	20.36	0.187	0.192
24.64	20.64	0.192	0.192
24.65	20.94	0.197	0.193
24.66	21.22	0.205	0.193
24.67	21.2	0.213	0.193
24.68	21.11	0.215	0.194
24.69	20.98	0.216	0.193
24.7	20.75	0.22	0.192
24.71	20.57	0.222	0.192
24.72	20.24	0.224	0.192
24.73	20.02	0.225	0.192
24.74	19.83	0.226	0.191
24.75	19.69	0.226	0.19
24.76	19.58	0.226	0.189
24.77	19.55	0.225	0.19
24.78	19.53	0.225	0.19
24.79	19.59	0.224	0.191
24.8	19.65	0.223	0.191
24.81	19.75	0.223	0.191
24.82	19.8	0.221	0.192
24.83	19.73	0.22	0.193
24.84	19.68	0.219	0.195
24.85	19.6	0.219	0.197
24.86	19.55	0.219	0.196
24.87	19.62	0.219	0.197
24.88	19.69	0.22	0.198
24.89	19.83	0.221	0.199
24.9	20.08	0.222	0.199
24.91	20.37	0.224	0.2
24.92	20.71	0.225	0.201
24.93	21.06	0.228	0.203
24.94	21.96	0.23	0.206
24.95	22.43	0.231	0.206
24.96	22.85	0.234	0.208
24.97	23.23	0.237	0.208
24.98	23.59	0.241	0.21
24.99	23.84	0.246	0.208
25	24.04	0.255	0.208
25.01	24.17	0.258	0.204
25.02	24.06	0.26	0.204
25.03	23.87	0.261	0.205
25.04	23.65	0.261	0.199
25.05	23.4	0.261	0.198
25.06	22.76	0.261	0.196
25.07	22.58	0.258	0.191
25.08	22.31	0.257	0.19
25.09	22.08	0.253	0.189
25.1	21.94	0.244	0.188
25.11	21.71	0.237	0.189
25.12	21.66	0.232	0.189
25.13	21.61	0.227	0.191
25.14	21.51	0.225	0.19
25.15	21.39	0.219	0.193
25.16	21.2	0.219	0.19
25.17	21.11	0.22	0.19
25.18	20.98	0.22	0.188
25.19	20.92	0.22	0.187
25.2	20.91	0.222	0.188
25.21	21.08	0.223	0.189
25.22	21.24	0.223	0.191
25.23	21.48	0.225	0.191
25.24	21.79	0.225	0.193
25.25	22.03	0.225	0.194
25.26	22.28	0.228	0.196
25.27	22.5	0.232	0.198
25.28	22.8	0.234	0.197
25.29	22.84	0.237	0.198
25.3	22.93	0.241	0.198
25.31	22.98	0.241	0.197
25.32	23	0.246	0.196
25.33	23.02	0.246	0.196
25.34	23.14	0.247	0.196
25.35	23.19	0.248	0.195
25.36	23.18	0.248	0.195
25.37	23.21	0.247	0.195
25.38	23.17	0.245	0.195
25.39	23.15	0.243	0.195
25.4	23.07	0.242	0.193
25.41	23.11	0.24	0.192
25.42	23.07	0.238	0.192
25.43	22.88	0.238	0.192
25.44	22.89	0.228	0.192
25.45	22.81	0.218	0.191
25.46	22.69	0.213	0.191
25.47	22.55	0.209	0.19
25.48	22.4	0.208	0.19
25.49	22.29	0.208	0.191
25.5	22.21	0.209	0.189
25.51	21.86	0.209	0.179
25.52	21.74	0.209	0.176
25.53	21.61	0.209	0.176
25.54	21.62	0.208	0.177
25.55	21.49	0.208	0.179
25.56	21.51	0.208	0.18
25.57	21.49	0.206	0.183
25.58	21.49	0.206	0.186
25.59	21.48	0.206	0.187
25.6	21.57	0.206	0.188
25.61	21.66	0.207	0.19
25.62	21.84	0.208	0.191
25.63	21.93	0.209	0.194
25.64	22.06	0.209	0.196
25.65	22.21	0.21	0.197
25.66	22.51	0.212	0.197
25.67	22.58	0.213	0.2
25.68	22.8	0.216	0.198
25.69	22.9	0.218	0.2
25.7	23.04	0.22	0.199
25.71	23.17	0.222	0.199
25.72	23.42	0.223	0.199
25.73	23.55	0.223	0.199
25.74	23.64	0.223	0.2
25.75	23.81	0.223	0.2
25.76	23.86	0.223	0.2
25.77	24.12	0.223	0.2
25.78	24.2	0.224	0.2
25.79	24.32	0.226	0.2
25.8	24.39	0.226	0.201
25.81	24.41	0.227	0.201
25.82	24.67	0.227	0.199
25.83	24.66	0.227	0.2
25.84	24.69	0.226	0.201
25.85	24.72	0.226	0.2
25.86	24.72	0.226	0.2
25.87	24.51	0.224	0.2
25.88	24.45	0.223	0.197
25.89	24.33	0.221	0.197
25.9	24.28	0.22	0.197
25.91	24.25	0.218	0.197
25.92	24.13	0.218	0.196
25.93	24.07	0.216	0.195
25.94	24.05	0.216	0.193
25.95	23.95	0.215	0.196
25.96	23.96	0.213	0.194
25.97	23.97	0.212	0.194
25.98	23.97	0.211	0.195
25.99	24	0.211	0.197
26	24.03	0.209	0.196
26.01	24.06	0.21	0.196
26.02	24.15	0.21	0.195
26.03	24.25	0.21	0.195
26.04	24.66	0.21	0.195
26.05	24.91	0.211	0.197
26.06	25.22	0.212	0.2
26.07	25.44	0.212	0.201
26.08	26.12	0.212	0.202
26.09	26.51	0.212	0.202
26.1	26.86	0.214	0.203
26.11	27.27	0.215	0.204
26.12	27.59	0.219	0.205
26.13	28.17	0.221	0.205
26.14	28.38	0.223	0.207
26.15	28.48	0.224	0.205
26.16	28.55	0.227	0.204
26.17	28.61	0.227	0.202
26.18	28.51	0.227	0.2
26.19	28.42	0.228	0.202
26.2	28.33	0.228	0.198
26.21	28.14	0.227	0.198
26.22	27.76	0.227	0.196
26.23	27.48	0.227	0.194
26.24	27.31	0.226	0.194
26.25	27.06	0.225	0.193
26.26	26.66	0.224	0.192
26.27	26.33	0.223	0.191
26.28	26.1	0.222	0.19
26.29	25.77	0.22	0.19
26.3	25.63	0.217	0.188
26.31	25.17	0.214	0.186
26.32	24.88	0.214	0.187
26.33	24.7	0.211	0.188
26.34	24.42	0.209	0.188
26.35	24.26	0.207	0.188
26.36	24.04	0.202	0.186
26.37	23.77	0.203	0.189
26.38	23.61	0.2	0.189
26.39	23.47	0.198	0.19
26.4	23.37	0.191	0.19
26.41	23.25	0.184	0.189
26.42	23.11	0.174	0.192
26.43	23.04	0.171	0.192
26.44	22.97	0.17	0.192
26.45	22.96	0.17	0.191
26.46	22.93	0.169	0.191
26.47	22.7	0.169	0.181
26.48	22.47	0.169	0.179
26.49	22.54	0.169	0.182
26.5	22.47	0.17	0.185
26.51	22.43	0.171	0.185
26.52	22.38	0.171	0.19
26.53	22.32	0.172	0.191
26.54	22.17	0.173	0.192
26.55	22.11	0.174	0.195
26.56	22.04	0.175	0.195
26.57	21.98	0.176	0.198
26.58	21.92	0.176	0.198
26.59	21.78	0.176	0.199
26.6	21.75	0.177	0.2
26.61	21.7	0.177	0.2
26.62	21.67	0.177	0.2
26.63	21.62	0.177	0.201
26.64	21.55	0.176	0.203
26.65	21.46	0.176	0.204
26.66	21.37	0.175	0.204
26.67	21.33	0.175	0.204
26.68	21.26	0.175	0.205
26.69	21.25	0.175	0.206
26.7	21.21	0.175	0.206
26.71	21.19	0.174	0.21
26.72	21.17	0.173	0.208
26.73	21.15	0.172	0.211
26.74	21.14	0.172	0.211
26.75	21.1	0.172	0.211
26.76	21.06	0.172	0.211
26.77	21.06	0.172	0.212
26.78	21.03	0.172	0.212
26.79	21	0.172	0.214
26.8	21	0.173	0.214
26.81	20.99	0.173	0.215
26.82	20.99	0.174	0.214
26.83	21	0.175	0.217
26.84	21.01	0.175	0.215
26.85	21.02	0.175	0.217
26.86	21.04	0.178	0.218
26.87	21.04	0.179	0.218
26.88	21.03	0.179	0.218
26.89	21.05	0.179	0.22
26.9	21.07	0.18	0.219
26.91	21.09	0.181	0.22
26.92	21.12	0.182	0.22
26.93	21.2	0.184	0.22
26.94	21.24	0.184	0.22
26.95	21.3	0.184	0.221
26.96	21.33	0.185	0.221
26.97	21.37	0.185	0.219
26.98	21.44	0.185	0.22
26.99	21.46	0.185	0.221
27	21.53	0.185	0.221
27.01	21.55	0.185	0.221
27.02	21.54	0.184	0.221
27.03	21.53	0.183	0.222
27.04	21.48	0.183	0.222
27.05	21.43	0.184	0.222
27.06	21.4	0.184	0.222
27.07	21.33	0.184	0.221
27.08	21.27	0.184	0.221
27.09	21.18	0.183	0.223
27.1	21.11	0.183	0.221
27.11	21.04	0.184	0.221
27.12	20.87	0.183	0.221
27.13	20.75	0.183	0.221
27.14	20.69	0.182	0.221
27.15	20.61	0.182	0.221
27.16	20.6	0.182	0.222
27.17	20.51	0.18	0.222
27.18	20.46	0.179	0.223
27.19	20.44	0.176	0.224
27.2	20.38	0.177	0.222
27.21	20.36	0.175	0.222
27.22	20.26	0.174	0.223
27.23	20.25	0.173	0.223
27.24	20.14	0.171	0.223
27.25	20.08	0.171	0.224
27.26	19.77	0.171	0.223
27.27	19.72	0.171	0.221
27.28	19.53	0.171	0.223
27.29	19.34	0.173	0.223
27.3	19.19	0.173	0.223
27.31	19.02	0.173	0.222
27.32	18.86	0.173	0.222
27.33	18.5	0.172	0.222
27.34	18.33	0.17	0.223
27.35	18.19	0.17	0.223
27.36	18.07	0.169	0.223
27.37	17.97	0.169	0.223
27.38	17.8	0.168	0.223
27.39	17.59	0.169	0.224
27.4	17.51	0.169	0.223
27.41	17.41	0.168	0.224
27.42	17.33	0.168	0.224
27.43	17.3	0.167	0.225
27.44	17.23	0.166	0.225
27.45	17.2	0.165	0.226
27.46	17.21	0.163	0.226
27.47	17.23	0.163	0.226
27.48	17.23	0.163	0.227
27.49	17.25	0.162	0.228
27.5	17.27	0.161	0.228
27.51	17.35	0.161	0.229
27.52	17.39	0.161	0.23
27.53	17.43	0.151	0.23
27.54	17.53	0.141	0.233
27.55	17.7	0.137	0.231
27.56	17.83	0.137	0.233
27.57	17.94	0.137	0.233
27.58	18.08	0.138	0.235
27.59	18.21	0.139	0.235
27.6	18.06	0.141	0.228
27.61	18.41	0.141	0.226
27.62	18.76	0.143	0.226
27.63	19.04	0.144	0.227
27.64	19.33	0.145	0.229
27.65	19.66	0.146	0.232
27.66	19.96	0.148	0.234
27.67	20.24	0.15	0.234
27.68	20.52	0.154	0.235
27.69	21.11	0.16	0.236
27.7	21.31	0.163	0.235
27.71	21.56	0.167	0.237
27.72	21.73	0.17	0.239
27.73	21.91	0.171	0.239
27.74	22.11	0.175	0.237
27.75	22.38	0.176	0.236
27.76	22.5	0.178	0.236
27.77	22.6	0.177	0.237
27.78	22.73	0.18	0.238
27.79	22.89	0.182	0.236
27.8	23.02	0.181	0.235
27.81	23.29	0.181	0.233
27.82	23.48	0.181	0.234
27.83	23.7	0.179	0.232
27.84	23.88	0.178	0.234
27.85	24.06	0.174	0.236
27.86	24.23	0.172	0.236
27.87	24.48	0.172	0.234
27.88	24.56	0.173	0.226
27.89	24.72	0.176	0.218
27.9	24.94	0.18	0.208
27.91	25.05	0.181	0.205
27.92	25.09	0.188	0.205
27.93	25.17	0.188	0.211
27.94	25.15	0.19	0.216
27.95	25.15	0.189	0.217
27.96	25.17	0.194	0.218
27.97	25.19	0.203	0.219
27.98	25.23	0.207	0.219
27.99	25.29	0.209	0.22
28	25.32	0.21	0.218
28.01	25.43	0.21	0.218
28.02	25.37	0.21	0.218
28.03	25.44	0.21	0.219
28.04	25.71	0.21	0.218
28.05	25.91	0.211	0.218
28.06	26.08	0.211	0.217
28.07	26.31	0.211	0.219
28.08	26.54	0.211	0.221
28.09	26.8	0.212	0.222
28.1	27.45	0.213	0.224
28.11	27.77	0.213	0.221
28.12	28.09	0.216	0.221
28.13	28.28	0.218	0.22
28.14	28.78	0.219	0.224
28.15	28.99	0.219	0.228
28.16	29.1	0.223	0.231
28.17	29.19	0.223	0.232
28.18	29.27	0.223	0.231
28.19	29.32	0.224	0.232
28.2	29.34	0.224	0.231
28.21	29.41	0.228	0.229
28.22	29.49	0.232	0.227
28.23	29.66	0.232	0.226
28.24	29.67	0.231	0.225
28.25	29.69	0.231	0.225
28.26	29.69	0.227	0.225
28.27	29.74	0.225	0.224
28.28	29.8	0.223	0.221
28.29	29.99	0.222	0.214
28.3	30.11	0.222	0.211
28.31	30.33	0.223	0.214
28.32	30.57	0.223	0.21
28.33	30.49	0.223	0.21
28.34	30.58	0.222	0.211
28.35	30.37	0.219	0.211
28.36	29.96	0.22	0.214
28.37	29.68	0.22	0.21
28.38	29.33	0.22	0.209
28.39	29.06	0.22	0.208
28.4	28.71	0.221	0.207
28.41	28.2	0.221	0.207
28.42	28.02	0.221	0.203
28.43	27.85	0.219	0.203
28.44	27.64	0.217	0.204
28.45	27.43	0.213	0.202
28.46	27.2	0.211	0.2
28.47	27.06	0.209	0.2
28.48	27.06	0.209	0.202
28.49	27.01	0.207	0.205
28.5	26.95	0.205	0.206
28.51	26.96	0.198	0.207
28.52	26.91	0.197	0.207
28.53	26.86	0.198	0.207
28.54	26.85	0.198	0.206
28.55	26.98	0.197	0.209
28.56	26.94	0.196	0.197
28.57	27.08	0.196	0.196
28.58	27.23	0.198	0.195
28.59	27.54	0.2	0.198
28.6	27.89	0.201	0.2
28.61	28.57	0.203	0.198
28.62	28.88	0.204	0.204
28.63	29.07	0.205	0.207
28.64	29.25	0.211	0.207
28.65	29.34	0.216	0.207
28.66	29.73	0.22	0.207
28.67	29.87	0.223	0.207
28.68	30.04	0.226	0.207
28.69	30.11	0.23	0.21
28.7	30.2	0.232	0.214
28.71	30.16	0.237	0.219
28.72	30.17	0.238	0.214
28.73	30.18	0.24	0.216
28.74	30.19	0.241	0.219
28.75	30.18	0.247	0.218
28.76	30.02	0.248	0.22
28.77	29.82	0.249	0.217
28.78	29.74	0.25	0.215
28.79	29.62	0.255	0.215
28.8	29.52	0.259	0.213
28.81	29.54	0.26	0.214
28.82	29.47	0.259	0.214
28.83	29.41	0.258	0.215
28.84	29.31	0.258	0.214
28.85	29.06	0.259	0.215
28.86	28.92	0.26	0.214
28.87	28.79	0.261	0.214
28.88	28.8	0.262	0.213
28.89	28.68	0.265	0.211
28.9	28.73	0.266	0.211
28.91	28.64	0.267	0.212
28.92	28.63	0.269	0.211
28.93	28.65	0.268	0.213
28.94	28.63	0.271	0.215
28.95	28.61	0.272	0.212
28.96	28.58	0.272	0.209
28.97	28.48	0.275	0.209
28.98	28.5	0.277	0.209
28.99	28.52	0.28	0.209
29	28.54	0.28	0.21
29.01	28.56	0.282	0.21
29.02	28.68	0.282	0.209
29.03	28.86	0.282	0.207
29.04	28.98	0.283	0.207
29.05	29.19	0.285	0.207
29.06	29.35	0.286	0.208
29.07	29.52	0.286	0.207
29.08	29.52	0.288	0.207
29.09	29.56	0.29	0.207
29.1	29.47	0.291	0.206
29.11	29.49	0.291	0.207
29.12	29.32	0.291	0.208
29.13	29.18	0.291	0.206
29.14	29.16	0.293	0.206
29.15	29.01	0.294	0.207
29.16	28.97	0.299	0.206
29.17	28.92	0.299	0.205
29.18	28.92	0.298	0.205
29.19	28.96	0.295	0.204
29.2	28.99	0.295	0.204
29.21	29.07	0.292	0.202
29.22	29.1	0.293	0.203
29.23	29.16	0.292	0.203
29.24	29.27	0.29	0.204
29.25	29.39	0.288	0.203
29.26	29.48	0.289	0.203
29.27	29.41	0.285	0.203
29.28	29.41	0.285	0.205
29.29	29.5	0.285	0.204
29.3	29.5	0.286	0.206
29.31	29.51	0.288	0.208
29.32	29.38	0.289	0.207
29.33	29.31	0.289	0.206
29.34	29.19	0.288	0.206
29.35	29.14	0.288	0.205
29.36	29.1	0.286	0.206
29.37	28.83	0.285	0.203
29.38	28.73	0.285	0.2
29.39	28.48	0.286	0.2
29.4	28.49	0.286	0.2
29.41	28.37	0.287	0.199
29.42	28.32	0.285	0.199
29.43	28.29	0.278	0.198
29.44	28.28	0.27	0.197
29.45	28.27	0.261	0.198
29.46	28.28	0.261	0.199
29.47	28.24	0.261	0.2
29.48	28.27	0.261	0.198
29.49	28.22	0.261	0.197
29.5	27.74	0.263	0.188
29.51	27.8	0.265	0.185
29.52	27.87	0.267	0.185
29.53	27.89	0.268	0.186
29.54	27.84	0.27	0.186
29.55	27.79	0.272	0.189
29.56	27.72	0.275	0.191
29.57	27.57	0.275	0.192
29.58	27.49	0.274	0.191
29.59	27.45	0.273	0.189
29.6	27.18	0.27	0.19
29.61	27.12	0.267	0.189
29.62	27.01	0.264	0.19
29.63	26.97	0.262	0.19
29.64	26.97	0.262	0.19
29.65	26.98	0.262	0.191
29.66	27.06	0.262	0.191
29.67	27.02	0.261	0.193
29.68	27.12	0.263	0.194
29.69	27.13	0.264	0.194
29.7	27.07	0.266	0.195
29.71	26.92	0.266	0.195
29.72	26.56	0.266	0.196
29.73	26.48	0.266	0.196
29.74	26.28	0.266	0.196
29.75	26.1	0.266	0.196
29.76	26.14	0.267	0.198
29.77	26.17	0.269	0.2
29.78	26.25	0.277	0.203
29.79	26.33	0.28	0.203
29.8	26.68	0.28	0.206
29.81	26.9	0.28	0.208
29.82	27.05	0.28	0.207
29.83	27.17	0.28	0.208
29.84	27.36	0.281	0.21
29.85	27.46	0.281	0.212
29.86	27.64	0.284	0.212
29.87	27.85	0.288	0.213
29.88	28.28	0.29	0.214
29.89	28.55	0.289	0.214
29.9	28.75	0.287	0.215
29.91	29.12	0.286	0.215
29.92	29.32	0.286	0.215
29.93	29.59	0.287	0.215
29.94	29.75	0.288	0.216
29.95	30.09	0.289	0.215
29.96	30.25	0.294	0.215
29.97	30.42	0.296	0.215
29.98	30.47	0.296	0.216
29.99	30.51	0.298	0.217
30	30.45	0.298	0.218
30.01	30.39	0.297	0.218
30.02	30.39	0.296	0.216
30.03	30.16	0.297	0.217
30.04	30.17	0.296	0.218
30.05	30.16	0.296	0.217
30.06	30.15	0.296	0.217
30.07	30.14	0.298	0.217
30.08	30.15	0.3	0.217
30.09	30.15	0.303	0.215
30.1	30.26	0.303	0.215
30.11	30.25	0.302	0.218
30.12	30.32	0.3	0.216
30.13	30.34	0.296	0.215
30.14	30.38	0.297	0.214
30.15	30.26	0.297	0.212
30.16	30.21	0.302	0.212
30.17	30.09	0.304	0.212
30.18	30.01	0.305	0.211
30.19	29.92	0.31	0.211
30.2	29.84	0.311	0.211
30.21	29.67	0.309	0.211
30.22	29.26	0.308	0.212
30.23	28.96	0.307	0.209
30.24	28.52	0.3	0.209
30.25	28.09	0.296	0.209
30.26	27.11	0.294	0.21
30.27	26.76	0.291	0.21
30.28	26.42	0.292	0.209
30.29	26.19	0.293	0.21
30.3	25.99	0.293	0.209
30.31	25.73	0.293	0.21
30.32	25.66	0.29	0.209
30.33	25.6	0.286	0.209
30.34	25.66	0.281	0.209
30.35	25.56	0.278	0.206
30.36	25.47	0.274	0.206
30.37	25.47	0.274	0.207
30.38	25.51	0.273	0.206
30.39	25.55	0.273	0.206
30.4	25.59	0.259	0.206
30.41	25.77	0.246	0.206
30.42	25.77	0.246	0.207
30.43	25.82	0.246	0.207
30.44	25.75	0.249	0.208
30.45	25.7	0.252	0.209
30.46	25.68	0.254	0.21
30.47	25.34	0.256	0.204
30.48	25.01	0.256	0.202
30.49	25.05	0.257	0.202
30.5	24.96	0.257	0.203
30.51	24.96	0.257	0.203
30.52	24.9	0.256	0.203
30.53	24.83	0.255	0.203
30.54	24.78	0.255	0.203
30.55	24.73	0.254	0.204
30.56	24.76	0.253	0.203
30.57	24.69	0.252	0.203
30.58	24.6	0.251	0.204
30.59	24.58	0.25	0.205
30.6	24.41	0.249	0.206
30.61	24.28	0.249	0.207
30.62	24.23	0.247	0.207
30.63	24.06	0.247	0.207
30.64	24.09	0.247	0.208
30.65	24.11	0.247	0.209
30.66	24.25	0.247	0.21
30.67	24.36	0.247	0.21
30.68	24.55	0.247	0.212
30.69	24.72	0.251	0.214
30.7	24.93	0.253	0.214
30.71	25.07	0.256	0.216
30.72	25.64	0.259	0.219
30.73	25.99	0.264	0.221
30.74	26.33	0.266	0.223
30.75	26.55	0.267	0.224
30.76	27.16	0.269	0.225
30.77	27.42	0.272	0.228
30.78	27.64	0.276	0.229
30.79	27.81	0.278	0.232
30.8	28.1	0.281	0.231
30.81	28.2	0.283	0.228
30.82	28.35	0.286	0.227
30.83	28.48	0.287	0.227
30.84	28.57	0.29	0.228
30.85	28.61	0.292	0.23
30.86	28.72	0.292	0.229
30.87	28.83	0.293	0.229
30.88	28.83	0.295	0.232
30.89	28.92	0.297	0.231
30.9	28.94	0.297	0.229
30.91	28.94	0.3	0.23
30.92	29.02	0.299	0.231
30.93	29.1	0.298	0.232
30.94	29.26	0.299	0.231
30.95	29.45	0.299	0.232
30.96	29.94	0.298	0.232
30.97	30.19	0.297	0.232
30.98	30.41	0.297	0.233
30.99	30.85	0.298	0.233
31	31.49	0.299	0.234
31.01	31.8	0.302	0.237
31.02	32.04	0.304	0.238
31.03	32.37	0.304	0.237
31.04	32.82	0.305	0.239
31.05	33.02	0.306	0.241
31.06	33.26	0.307	0.243
31.07	33.67	0.306	0.242
31.08	33.9	0.308	0.246
31.09	34.07	0.312	0.247
31.1	34.34	0.318	0.246
31.11	34.77	0.319	0.244
31.12	34.95	0.324	0.244
31.13	35	0.329	0.244
31.14	35.14	0.329	0.246
31.15	35.08	0.33	0.248
31.16	34.89	0.338	0.249
31.17	34.51	0.339	0.241
31.18	34.19	0.339	0.239
31.19	33.84	0.342	0.239
31.2	33.59	0.342	0.237
31.21	33.36	0.34	0.229
31.22	33.12	0.338	0.228
31.23	32.4	0.333	0.227
31.24	32.17	0.327	0.227
31.25	31.92	0.322	0.223
31.26	31.41	0.321	0.209
31.27	31.15	0.317	0.21
31.28	30.93	0.313	0.211
31.29	30.55	0.311	0.211
31.3	30.35	0.307	0.21
31.31	29.9	0.305	0.21
31.32	29.54	0.299	0.21
31.33	29.16	0.299	0.211
31.34	28.94	0.298	0.211
31.35	28.45	0.295	0.21
31.36	28.29	0.293	0.213
31.37	28.22	0.291	0.212
31.38	27.73	0.289	0.213
31.39	27.53	0.276	0.215
31.4	27.47	0.259	0.213
31.41	27.42	0.255	0.212
31.42	27.37	0.252	0.211
31.43	27.36	0.252	0.212
31.44	27.25	0.253	0.212
31.45	27.29	0.253	0.215
31.46	27.11	0.252	0.206
31.47	27.11	0.251	0.203
31.48	27.12	0.251	0.203
31.49	27.2	0.252	0.204
31.5	27.2	0.253	0.205
31.51	27.14	0.255	0.207
31.52	27.15	0.261	0.209
31.53	27.01	0.263	0.209
31.54	27.03	0.262	0.209
31.55	27.1	0.264	0.211
31.56	27.16	0.263	0.212
31.57	27.23	0.266	0.21
31.58	27.25	0.269	0.211
31.59	27.34	0.266	0.211
31.6	27.46	0.263	0.217
31.61	27.48	0.263	0.216
31.62	27.5	0.261	0.218
31.63	27.6	0.261	0.221
31.64	27.61	0.264	0.223
31.65	27.66	0.266	0.223
31.66	27.65	0.271	0.223
31.67	27.39	0.272	0.224
31.68	27.31	0.272	0.226
31.69	27.24	0.273	0.226
31.7	27.18	0.273	0.225
31.71	27.18	0.274	0.225
31.72	27.17	0.277	0.226
31.73	27.24	0.28	0.226
31.74	27.31	0.281	0.226
31.75	27.37	0.28	0.224
31.76	27.41	0.278	0.223
31.77	27.4	0.277	0.223
31.78	27.44	0.277	0.223
31.79	27.2	0.276	0.223
31.8	27.12	0.276	0.223
31.81	26.88	0.273	0.222
31.82	26.8	0.271	0.222
31.83	26.5	0.27	0.221
31.84	26.38	0.268	0.221
31.85	26.13	0.265	0.221
31.86	25.95	0.261	0.22
31.87	25.71	0.258	0.219
31.88	25.66	0.253	0.219
31.89	25.54	0.251	0.218
31.9	25.42	0.249	0.216
31.91	25.29	0.246	0.216
31.92	25.27	0.242	0.216
31.93	25.24	0.238	0.216
31.94	25.22	0.234	0.216
31.95	25.2	0.226	0.216
31.96	25.17	0.225	0.217
31.97	25.21	0.224	0.216
31.98	25.25	0.221	0.22
31.99	25.26	0.22	0.214
32	25.25	0.219	0.208
32.01	25.24	0.218	0.209
32.02	25.16	0.218	0.21
32.03	25.14	0.218	0.211
32.04	25.04	0.217	0.216
32.05	25.04	0.217	0.215
32.06	24.84	0.218	0.217
32.07	24.69	0.219	0.219
32.08	24.41	0.218	0.22
32.09	24.43	0.219	0.223
32.1	24.29	0.219	0.221
32.11	23.9	0.222	0.225
32.12	23.66	0.222	0.223
32.13	23.16	0.223	0.22
32.14	23.04	0.223	0.221
32.15	22.67	0.225	0.221
32.16	22.21	0.226	0.221
32.17	21.99	0.226	0.222
32.18	21.55	0.225	0.223
32.19	21.28	0.225	0.223
32.2	20.97	0.225	0.222
32.21	20.71	0.223	0.219
32.22	20.58	0.224	0.218
32.23	20.2	0.224	0.218
32.24	20.04	0.224	0.218
32.25	19.84	0.224	0.217
32.26	19.8	0.223	0.216
32.27	19.71	0.223	0.217
32.28	19.63	0.221	0.217
32.29	19.51	0.221	0.218
32.3	19.18	0.22	0.221
32.31	19.03	0.219	0.224
32.32	18.88	0.217	0.222
32.33	18.55	0.215	0.221
32.34	18.41	0.216	0.22
32.35	18.37	0.217	0.219
32.36	18.4	0.217	0.219
32.37	18.42	0.217	0.22
32.38	18.51	0.217	0.221
32.39	18.6	0.221	0.222
32.4	18.7	0.223	0.223
32.41	18.64	0.223	0.224
32.42	18.46	0.225	0.225
32.43	17.94	0.225	0.224
32.44	17.62	0.225	0.224
32.45	17.28	0.221	0.224
32.46	17.09	0.22	0.224
32.47	17.27	0.217	0.224
32.48	17.45	0.214	0.225
32.49	17.81	0.199	0.226
32.5	18.52	0.178	0.229
32.51	18.76	0.169	0.236
32.52	19.07	0.154	0.237
32.53	19.52	0.15	0.238
32.54	19.69	0.151	0.224
32.55	19.88	0.153	0.208
32.56	19.77	0.155	0.196
32.57	19.65	0.158	0.19
32.58	19.74	0.165	0.188
32.59	19.6	0.167	0.19
32.6	19.39	0.168	0.192
32.61	19.19	0.17	0.192
32.62	18.88	0.173	0.197
32.63	18.61	0.177	0.2
32.64	18.03	0.182	0.205
32.65	17.7	0.188	0.208
32.66	17.39	0.188	0.206
32.67	17.03	0.188	0.207
32.68	16.63	0.189	0.207
32.69	16.24	0.188	0.209
32.7	15.83	0.187	0.209
32.71	15.34	0.185	0.205
32.72	14.56	0.183	0.205
32.73	14.23	0.181	0.201
32.74	13.96	0.176	0.202
32.75	13.72	0.173	0.2
32.76	13.49	0.168	0.2
32.77	13.33	0.165	0.2
32.78	13.21	0.162	0.2
32.79	13.09	0.158	0.2
32.8	12.99	0.154	0.202
32.81	12.83	0.153	0.204
32.82	12.74	0.151	0.205
32.83	12.7	0.146	0.206
32.84	12.61	0.145	0.206
32.85	12.6	0.143	0.209
32.86	12.61	0.142	0.21
32.87	12.61	0.141	0.21
32.88	12.65	0.141	0.211
32.89	12.76	0.138	0.213
32.9	12.83	0.137	0.215
32.91	12.94	0.138	0.218
32.92	13.03	0.137	0.218
32.93	13.12	0.137	0.219
32.94	13.2	0.137	0.221
32.95	13.27	0.137	0.223
32.96	13.29	0.138	0.222
32.97	13.37	0.138	0.224
32.98	13.44	0.137	0.227
32.99	13.4	0.137	0.227
33	13.39	0.137	0.229
33.01	13.33	0.137	0.228
33.02	13.27	0.137	0.229
33.03	13.2	0.137	0.23
33.04	13.12	0.137	0.23
33.05	13.01	0.137	0.23
33.06	12.79	0.138	0.23
33.07	12.71	0.138	0.23
33.08	12.61	0.139	0.23
33.09	12.53	0.139	0.23
33.1	12.45	0.139	0.23
33.11	12.38	0.139	0.229
33.12	12.32	0.14	0.229
33.13	12.28	0.14	0.229
33.14	12.28	0.14	0.23
33.15	12.28	0.14	0.232
33.16	12.3	0.14	0.232
33.17	12.38	0.14	0.234
33.18	12.49	0.14	0.235
33.19	12.63	0.142	0.238
33.2	12.81	0.143	0.239
33.21	12.99	0.145	0.241
33.22	13.28	0.146	0.244
33.23	13.93	0.146	0.248
33.24	14.29	0.146	0.25
33.25	14.69	0.148	0.252
33.26	15.1	0.155	0.261
33.27	15.51	0.158	0.264
33.28	15.89	0.161	0.268
33.29	16.25	0.164	0.27
33.3	16.56	0.168	0.271
33.31	16.83	0.173	0.273
33.32	17.12	0.176	0.274
33.33	17.23	0.18	0.277
33.34	17.31	0.183	0.278
33.35	17.38	0.19	0.28
33.36	17.52	0.193	0.28
33.37	17.56	0.195	0.279
33.38	17.7	0.198	0.279
33.39	17.81	0.202	0.28
33.4	18.1	0.206	0.281
33.41	18.2	0.212	0.282
33.42	18.27	0.215	0.285
33.43	18.38	0.217	0.285
33.44	18.47	0.217	0.285
33.45	18.65	0.218	0.285
33.46	18.86	0.217	0.287
33.47	19.07	0.218	0.287
33.48	19.71	0.218	0.287
33.49	20.03	0.218	0.288
33.5	20.49	0.22	0.291
33.51	20.91	0.222	0.292
33.52	21.33	0.227	0.294
33.53	22.06	0.218	0.298
33.54	22.33	0.215	0.298
33.55	22.48	0.215	0.299
33.56	22.6	0.215	0.298
33.57	22.69	0.215	0.298
33.58	22.69	0.218	0.297
33.59	22.36	0.22	0.297
33.6	21.89	0.22	0.273
33.61	21.92	0.22	0.274
33.62	21.74	0.219	0.276
33.63	21.65	0.216	0.277
33.64	21.44	0.215	0.273
33.65	21.2	0.215	0.274
33.66	20.93	0.214	0.272
33.67	20.62	0.214	0.273
33.68	20.14	0.208	0.268
33.69	20.01	0.199	0.266
33.7	19.95	0.192	0.263
33.71	19.95	0.184	0.261
33.72	20.05	0.181	0.261
33.73	20.14	0.178	0.26
33.74	20.29	0.172	0.26
33.75	20.79	0.164	0.261
33.76	21.03	0.164	0.269
33.77	21.16	0.166	0.271
33.78	21.31	0.168	0.272
33.79	21.37	0.168	0.27
33.8	21.53	0.168	0.272
33.81	21.69	0.16	0.274
33.82	21.79	0.152	0.28
33.83	21.84	0.153	0.287
33.84	21.98	0.154	0.29
33.85	22.2	0.153	0.292
33.86	22.53	0.152	0.291
33.87	23.35	0.147	0.292
33.88	23.86	0.143	0.293
33.89	24.17	0.141	0.304
33.9	24.41	0.141	0.297
33.91	24.42	0.147	0.288
33.92	24.41	0.152	0.262
33.93	24	0.155	0.223
33.94	23.64	0.163	0.216
33.95	23.33	0.169	0.209
33.96	23.01	0.172	0.21
33.97	22.82	0.171	0.211
33.98	22.62	0.17	0.213
33.99	22.62	0.171	0.22
34	22.63	0.171	0.22
34.01	22.79	0.17	0.224
34.02	23.05	0.169	0.224
34.03	23.35	0.165	0.223
34.04	24.01	0.165	0.219
34.05	24.34	0.168	0.22
34.06	24.62	0.171	0.208
34.07	24.88	0.171	0.185
34.08	25.09	0.176	0.164
34.09	25.75	0.185	0.139
34.1	26.13	0.193	0.139
34.11	26.64	0.196	0.14
34.12	27.11	0.201	0.146
34.13	28.4	0.205	0.152
34.14	29.09	0.209	0.167
34.15	29.6	0.213	0.174
34.16	30.16	0.214	0.182
34.17	31.03	0.217	0.186
34.18	31.34	0.217	0.19
34.19	31.66	0.22	0.188
34.2	31.89	0.223	0.178
34.21	32.03	0.227	0.17
34.22	32.08	0.226	0.163
34.23	32.04	0.23	0.159
34.24	31.99	0.231	0.158
34.25	31.74	0.231	0.158
34.26	31.73	0.231	0.159
34.27	31.61	0.232	0.158
34.28	31.61	0.231	0.156
34.29	31.54	0.23	0.155
34.3	31.39	0.23	0.158
34.31	31.28	0.228	0.161
34.32	31.16	0.226	0.165
34.33	31.04	0.227	0.17
34.34	30.78	0.227	0.17
34.35	30.68	0.228	0.17
34.36	30.66	0.228	0.173
34.37	30.65	0.228	0.175
34.38	30.68	0.23	0.179
34.39	30.72	0.231	0.188
34.4	30.79	0.234	0.194
34.41	30.85	0.237	0.196
34.42	31.07	0.237	0.198
34.43	31.11	0.237	0.2
34.44	31.17	0.226	0.201
34.45	31.21	0.226	0.203
34.46	31.26	0.226	0.209
34.47	31.23	0.226	0.212
34.48	31.1	0.229	0.217
34.49	30.55	0.231	0.219
34.5	30.62	0.235	0.22
34.51	30.69	0.238	0.225
34.52	30.67	0.238	0.224
34.53	30.49	0.238	0.23
34.54	30.35	0.238	0.228
34.55	29.91	0.237	0.226
34.56	29.6	0.236	0.227
34.57	29.33	0.236	0.227
34.58	29.1	0.236	0.229
34.59	28.78	0.236	0.228
34.6	28.63	0.236	0.228
34.61	28.49	0.234	0.23
34.62	28.41	0.233	0.231
34.63	28.31	0.228	0.231
34.64	28.23	0.227	0.233
34.65	28.06	0.226	0.237
34.66	27.94	0.226	0.239
34.67	27.78	0.226	0.242
34.68	27.76	0.225	0.245
34.69	27.81	0.225	0.248
34.7	27.85	0.227	0.248
34.71	27.98	0.229	0.25
34.72	28.04	0.231	0.252
34.73	28.29	0.23	0.258
34.74	28.3	0.229	0.264
34.75	28.33	0.228	0.268
34.76	28.41	0.228	0.271
34.77	28.45	0.228	0.271
34.78	28.64	0.229	0.271
34.79	28.61	0.231	0.273
34.8	28.69	0.231	0.273
34.81	28.74	0.232	0.276
34.82	28.72	0.233	0.279
34.83	28.75	0.233	0.282
34.84	28.65	0.235	0.281
34.85	28.7	0.235	0.281
34.86	28.57	0.238	0.278
34.87	28.29	0.242	0.273
34.88	28.02	0.243	0.273
34.89	27.98	0.245	0.273
34.9	27.99	0.25	0.27
34.91	28	0.256	0.27
34.92	28.12	0.254	0.271
34.93	28.19	0.253	0.272
34.94	28.36	0.252	0.271
34.95	28.53	0.25	0.272
34.96	28.72	0.251	0.273
34.97	28.92	0.251	0.272
34.98	29.14	0.252	0.276
34.99	29.29	0.25	0.276
35	29.58	0.248	0.283
35.01	29.62	0.239	0.273
35.02	29.45	0.23	0.275
35.03	29.27	0.23	0.264
35.04	28.99	0.23	0.259
35.05	28.7	0.231	0.254
35.06	28.77	0.231	0.258
35.07	28.71	0.232	0.255
35.08	28.85	0.235	0.255
35.09	28.99	0.237	0.255
35.1	29.13	0.237	0.26
35.11	29.23	0.237	0.265
35.12	29.36	0.237	0.267
35.13	29.56	0.239	0.27
35.14	29.66	0.242	0.274
35.15	29.94	0.246	0.274
35.16	30.07	0.248	0.275
35.17	30.03	0.25	0.275
35.18	30.09	0.25	0.282
35.19	30.1	0.252	0.286
35.2	30.1	0.257	0.288
35.21	30.07	0.257	0.287
35.22	30.09	0.26	0.288
35.23	30.04	0.259	0.289
35.24	30.04	0.258	0.289
35.25	29.95	0.257	0.286
35.26	29.74	0.255	0.287
35.27	29.49	0.252	0.284
35.28	29.34	0.25	0.285
35.29	28.97	0.248	0.28
35.3	28.79	0.247	0.277
35.31	28.41	0.244	0.277
35.32	28.03	0.238	0.28
35.33	27.77	0.235	0.284
35.34	27.51	0.23	0.279
35.35	27.29	0.221	0.275
35.36	27.02	0.219	0.273
35.37	26.85	0.218	0.269
35.38	26.61	0.216	0.269
35.39	26.45	0.213	0.27
35.4	26.19	0.209	0.271
35.41	25.91	0.207	0.275
35.42	25.09	0.205	0.277
35.43	24.59	0.202	0.275
35.44	24.14	0.202	0.275
35.45	23.62	0.202	0.274
35.46	23.04	0.197	0.271
35.47	21.88	0.194	0.271
35.48	21.24	0.193	0.267
35.49	20.57	0.192	0.27
35.5	19.98	0.192	0.266
35.51	19.3	0.193	0.266
35.52	18.09	0.195	0.256
35.53	16.89	0.202	0.252
35.54	16.67	0.207	0.253
35.55	16.36	0.211	0.254
35.56	16.08	0.213	0.258
35.57	15.86	0.214	0.259
35.58	15.82	0.215	0.262
35.59	15.89	0.214	0.264
35.6	15.96	0.211	0.266
35.61	16.27	0.209	0.266
35.62	16.59	0.208	0.27
35.63	17.48	0.203	0.277
35.64	18.02	0.199	0.292
35.65	18.56	0.199	0.282
35.66	19.03	0.201	0.266
35.67	19.48	0.203	0.219
35.68	20.15	0.207	0.196
35.69	20.49	0.211	0.173
35.7	20.82	0.21	0.174
35.71	21.18	0.211	0.175
35.72	21.75	0.213	0.181
35.73	21.92	0.216	0.196
35.74	22.19	0.217	0.209
35.75	22.54	0.218	0.215
35.76	23.19	0.218	0.218
35.77	23.57	0.218	0.222
35.78	23.94	0.218	0.225
35.79	24.25	0.222	0.228
35.8	24.7	0.222	0.232
35.81	24.82	0.223	0.235
35.82	24.83	0.228	0.236
35.83	24.73	0.255	0.239
35.84	24.1	0.247	0.239
35.85	23.46	0.239	0.232
35.86	22.76	0.229	0.232
35.87	21.79	0.232	0.227
35.88	20.59	0.236	0.226
35.89	19.28	0.251	0.228
35.9	14.88	0.279	0.204
35.91	13	0.293	0.183
35.92	12.13	0.29	0.179
35.93	11.62	0.287	0.18
35.94	11.17	0.275	0.217
35.95	9.94	0.265	0.255
35.96	7.84	0.236	0.227
35.97	7.06	0.217	0.25
35.98	5.9	0.2	0.375
35.99	5.78	0.19	0.389
36	5.46	0.17	0.441
36.01	5.42	0.167	0.483
36.02	5.39	0.147	0.57
36.03	5.36	0.129	0.636
36.04	5.3	0.131	0.654
36.05	5.2	0.107	0.593
36.06	4.6	0.11	0.096
36.07	4.52	0.114	0.069
36.08	4.71	0.12	0.075
36.09	4.89	0.127	0.081
36.1	4.76	0.135	0.108
36.11	5.94	0.173	0.106
36.12	7.19	0.189	0.123
36.13	10.08	0.216	0.15
36.14	12.73	0.204	0.161
36.15	13.44	0.226	0.128
36.16	16.2	0.301	-0.042
36.17	18.33	0	-0.052
36.18	21.5	0	-0.053
36.19	25.86	0	-0.056
36.2	31.1	0	-0.058
36.21	31.37	0	-0.059
36.22	35.02	0	-0.059
36.23	35.97	0	-0.061

