0	0.1732	0	0.0006
0.01	0.43	0	0.0008
0.02	0.6597	0	0.0011
0.03	1.0216	0	0.001
0.04	1.3018	0	0.0014
0.05	1.3952	0.0053	0.0023
0.06	1.6054	0.0106	0.0028
0.07	1.6832	0.0212	0.0024
0.08	1.6832	0.0238	0.0014
0.09	1.87	0.0263	0.0011
0.1	1.9946	0.0289	0.001
0.11	2.0802	0.0358	0.0007
0.12	2.3409	0.0401	0.0005
0.13	2.4343	0.0444	0.0002
0.14	2.5939	0.045	0
0.15	2.6873	0.0457	-0.0002
0.16	2.7768	0.0504	-0.0004
0.17	2.9052	0.0504	-0.0005
0.18	2.9091	0.0549	-0.0008
0.19	2.876	0.0584	-0.0011
0.2	2.8831	0.0591	-0.0016
0.21	2.8901	0.0598	-0.0018
0.22	2.9052	0.0612	-0.0019
0.23	2.8975	0.0625	-0.0019
0.24	2.9714	0.0608	-0.0019
0.25	2.8936	0.0605	-0.0021
0.26	2.8002	0.0601	-0.0022
0.27	2.7262	0.0624	-0.0023
0.28	2.6717	0.0646	-0.0022
0.29	2.625	0.0653	-0.0022
0.3	2.6056	0.0659	-0.0022
0.31	2.5861	0.0681	-0.0022
0.32	2.59	0.0661	-0.0023
0.33	2.4732	0.0625	-0.0023
0.34	2.3175	0.0588	-0.0003
0.35	2.1619	0.0594	-0.0005
0.36	1.9946	0.057	-0.0009
0.37	1.9634	0.0545	-0.0011
0.38	1.9712	0.0529	-0.001
0.39	1.979	0.0507	-0.001
0.4	1.9984	0.0479	-0.001
0.41	2.2864	0.0452	-0.001
0.42	2.8002	0.0416	-0.0009
0.43	2.8858	0.0399	-0.0017
0.44	2.8936	0.042	-0.0014
0.45	2.9013	0.0441	-0.0012
0.46	3.1387	0.0487	-0.001
0.47	3.8393	0.06	-0.0008
0.48	3.4618	0.0599	-0.0006
0.49	3.3684	0.0601	-0.0006
0.5	3.1621	0.0603	-0.0005
0.51	3.0765	0.0608	-0.0005
0.52	2.9714	0.063	-0.0004
0.53	2.5044	0.0651	-0.0004
0.54	1.8622	0.0663	-0.0004
0.55	1.8506	0.0664	-0.0003
0.56	1.7922	0.0659	-0.0003
0.57	1.761	0.0654	-0.0003
0.58	1.6949	0.0658	-0.0003
0.59	1.5956	0.0652	-0.0003
0.6	1.4964	0.0646	-0.0002
0.61	1.4497	0.0583	-0.0002
0.62	1.3874	0.0552	0.0001
0.63	1.3018	0.0561	0.0003
0.64	1.1695	0.0571	0.0006
0.65	1.1267	0.0601	0.0008
0.66	1.0878	0.0597	0.001
0.67	1.0411	0.0594	0.001
0.68	1.0274	0.0381	0.001
0.69	1.0265	0.0376	0.0011
0.7	1.0255	0.0376	0.0012
0.71	1.0527	0.0376	0.0013
0.72	0.8601	0.0376	0.0013
0.73	0.7852	0.0374	0.0014
0.74	0.8781	0.0351	0.0014
0.75	0.971	0.0374	0.0014
0.76	0.9632	0.0369	0.0014
0.77	0.9982	0.0364	0.0014
0.78	1.0333	0.0348	0.0014
0.79	0.9846	0.034	0.0014
0.8	0.9795	0.0341	-0.0007
0.81	0.9744	0.0341	-0.0006
0.82	0.9788	0.0351	-0.0004
0.83	0.9953	0.0341	-0.0004
0.84	1.0119	0.0331	-0.0003
0.85	1.0644	0.0317	-0.0003
0.86	1.0722	0.0303	-0.0003
0.87	0.9048	0.0301	-0.0002
0.88	0.8971	0.03	-0.0002
0.89	0.8698	0.0318	-0.0002
0.9	0.827	0.0335	-0.0002
0.91	0.828	0.0326	-0.0002
0.92	0.829	0.0317	-0.0003
0.93	0.8504	0.0288	-0.0002
0.94	0.8504	0.0285	-0.0002
0.95	0.8698	0.0285	-0.0002
0.96	0.8581	0.0286	-0.0002
0.97	0.8309	0.0288	-0.0002
0.98	0.8192	0.0291	-0.0002
0.99	0.827	0.0298	-0.0002
1	0.8348	0.031	-0.0002
1.01	0.862	0.0317	-0.0002
1.02	0.8893	0.0321	-0.0001
1.03	0.901	0.0328	-0.0002
1.04	0.9204	0.0342	-0.0001
1.05	0.9944	0.0356	-0.0001
1.06	1.0138	0.037	-0.0001
1.07	0.9846	0.0372	-0.0001
1.08	1.0014	0.0375	0
1.09	1.0182	0.0382	0
1.1	1.0566	0.0391	-0.0001
1.11	1.0917	0.0393	0
1.12	1.1189	0.0404	0
1.13	1.15	0.0414	0
1.14	1.1851	0.0424	0
1.15	1.2318	0.0425	0
1.16	1.259	0.0426	0.0001
1.17	1.2785	0.0426	0.0001
1.18	1.2746	0.0427	0.0001
1.19	1.2512	0.0427	0.0001
1.2	1.1889	0.0427	0.0001
1.21	1.1734	0.0427	0.0001
1.22	1.1267	0.0426	0.0001
1.23	1.1111	0.0425	0.0001
1.24	1.1033	0.0425	0.0001
1.25	1.08	0.0425	0.0001
1.26	1.0683	0.0424	0.0001
1.27	1.0644	0.0423	0.0001
1.28	1.0527	0.0416	0.0001
1.29	1.0294	0.0396	0.0001
1.3	1.0177	0.0369	0.0001
1.31	1.0177	0.0347	0.0001
1.32	1.006	0.0355	0.0001
1.33	0.9788	0.0337	0.0001
1.34	0.9632	0.034	0.0001
1.35	0.9477	0.0331	0.0001
1.36	0.9516	0.0322	0.0001
1.37	0.9399	0.0319	0.0001
1.38	0.9399	0.0305	0.0001
1.39	0.934	0.0287	0.0001
1.4	0.9479	0.028	0.0001
1.41	0.9618	0.0272	0.0001
1.42	0.9905	0.0272	0.0002
1.43	1.0099	0.0298	0.0002
1.44	1.0294	0.0323	0.0002
1.45	1.0294	0.0335	0.0002
1.46	1.0624	0.0334	0.0002
1.47	1.0955	0.0333	0.0002
1.48	1.1072	0.0336	0.0002
1.49	1.1189	0.034	0.0002
1.5	1.1734	0.0348	0.0002
1.51	1.1695	0.0341	0.0002
1.52	1.1636	0.0342	0.0002
1.53	1.2133	0.0343	0.0002
1.54	1.2629	0.0354	0.0002
1.55	1.2746	0.0355	0.0002
1.56	1.2707	0.0355	0.0002
1.57	1.294	0.0364	0.0002
1.58	1.3096	0.0364	0.0003
1.59	1.3174	0.0365	0.0002
1.6	1.3874	0.0369	0.0003
1.61	1.3524	0.0369	0.0003
1.62	1.4108	0.037	0.0003
1.63	1.3874	0.0374	0.0003
1.64	1.3893	0.0378	0.0004
1.65	1.3913	0.039	0.0004
1.66	1.403	0.0407	0.0004
1.67	1.3329	0.0409	0.0004
1.68	1.3485	0.0412	0.0004
1.69	1.3174	0.0431	0.0004
1.7	1.294	0.0449	0.0005
1.71	1.2201	0.0458	0.0005
1.72	1.1539	0.0442	0.0006
1.73	1.0878	0.0427	0.0006
1.74	1.0177	0.0368	0.0006
1.75	0.9846	0.0395	0.0005
1.76	0.9516	0.0378	0.0005
1.77	0.9243	0.0361	0.0006
1.78	0.6986	0.0335	0.0006
1.79	0.702	0.031	0.0006
1.8	0.7054	0.0298	0.0006
1.81	0.7297	0.0295	0.0006
1.82	0.7745	0.0289	0.0007
1.83	0.8192	0.0275	0.0007
1.84	0.8737	0.0284	0.0008
1.85	0.8679	0.0293	0.0008
1.86	0.898	0.0296	0.0008
1.87	0.9282	0.0298	0.0009
1.88	0.9438	0.03	0.0008
1.89	0.9593	0.0302	0.0009
1.9	0.9535	0.0305	0.0009
1.91	0.9477	0.0302	0.001
1.92	0.9574	0.0298	0.0011
1.93	0.9671	0.0293	0.0011
1.94	0.9905	0.0293	0.0011
1.95	1.0566	0.0295	0.0012
1.96	1.0994	0.0297	0.0012
1.97	1.0994	0.0317	0.0012
1.98	1.1267	0.0331	0.0012
1.99	1.1539	0.0332	0.0012
2	1.1422	0.0328	0.0013
2.01	1.1734	0.0327	0.0013
2.02	1.3368	0.0329	0.0014
2.03	1.3485	0.0331	0.0015
2.04	1.3524	0.0336	0.0015
2.05	1.3952	0.0342	0.0015
2.06	1.3796	0.0342	0.0015
2.07	1.3835	0.0347	0.0015
2.08	1.3874	0.0352	0.0016
2.09	1.4263	0.0374	0.0016
2.1	1.4653	0.0379	0.0016
2.11	1.5548	0.0384	0.0017
2.12	1.5781	0.0383	0.0017
2.13	1.6132	0.0399	0.0017
2.14	1.7572	0.0411	0.0018
2.15	1.8272	0.0447	0.0018
2.16	1.8389	0.0462	0.0018
2.17	1.9284	0.0466	0.0018
2.18	2.0568	0.0468	0.0018
2.19	2.0957	0.0466	0.0018
2.2	2.1424	0.0465	0.0018
2.21	2.1463	0.0465	0.0018
2.22	2.1288	0.0472	0.0016
2.23	2.1288	0.0478	0.0018
2.24	2.1376	0.0482	0.0018
2.25	2.1463	0.0486	0.0018
2.26	2.1891	0.0604	0.0018
2.27	2.2592	0.0722	0.0019
2.28	2.3682	0.095	0.0019
2.29	2.3915	0.0956	0.0019
2.3	2.3798	0.0956	0.0019
2.31	2.446	0.0955	0.0019
2.32	2.4343	0.0926	0.0019
2.33	2.5978	0.0928	0.0019
2.34	2.3409	0.093	0.0019
2.35	2.3044	0.0939	0.002
2.36	2.2877	0.1033	0.002
2.37	2.3454	0.1087	0.002
2.38	2.4032	0.1126	0.002
2.39	2.6873	0.1151	0.002
2.4	2.7807	0.1144	0.002
2.41	2.8118	0.1176	0.0019
2.42	2.8469	0.1178	0.002
2.43	2.8313	0.1171	0.0021
2.44	2.9208	0.1164	0.0021
2.45	3.0298	0.1005	0.002
2.46	3.022	0.0995	0.0021
2.47	3.0765	0.0999	0.0021
2.48	3.0259	0.1003	0.0022
2.49	3.092	0.11	0.0022
2.5	3.3294	0.1067	0.0022
2.51	3.4812	0.1233	0.0022
2.52	3.7342	0.1291	0.0022
2.53	3.812	0.1317	0.0022
2.54	3.8704	0.1326	0.0022
2.55	3.7186	0.1326	0.0022
2.56	3.4579	0.1318	0.0022
2.57	3.4073	0.131	0.0022
2.58	3.0843	0.1274	0.0022
2.59	2.9013	0.1272	0.0022
2.6	2.6601	0.1247	0.0023
2.61	2.5122	0.1226	0.0023
2.62	2.4188	0.121	0.0023
2.63	2.3682	0.1182	0.0023
2.64	2.2864	0.1156	0.0023
2.65	2.2553	0.1093	0.0023
2.66	2.1658	0.1095	0.0024
2.67	2.1502	0.1081	0.0024
2.68	2.1113	0.1072	0.0024
2.69	2.0568	0.1053	0.0024
2.7	2.0179	0.1022	0.0025
2.71	1.9673	0.1015	0.0025
2.72	1.9245	0.1006	0.0025
2.73	1.8583	0.0991	0.0025
2.74	1.8544	0.0984	0.0026
2.75	1.8564	0.0988	0.0026
2.76	1.8583	0.0992	0.0026
2.77	1.9284	0.1001	0.0026
2.78	1.979	0.1017	0.0026
2.79	2.0257	0.1026	0.0027
2.8	2.0918	0.1035	0.0027
2.81	2.1308	0.1038	0.0027
2.82	2.1308	0.104	0.0027
2.83	2.0841	0.1039	0.0027
2.84	2.0374	0.1038	0.0027
2.85	1.9907	0.1032	0.0027
2.86	1.9556	0.0984	0.0027
2.87	1.9303	0.0971	0.0028
2.88	1.9216	0.097	0.0028
2.89	1.9211	0.1028	0.0028
2.9	1.9344	0.1087	0.0029
2.91	1.9478	0.1106	0.0029
2.92	1.9751	0.1137	0.0029
2.93	2.0918	0.1153	0.003
2.94	2.3915	0.115	0.003
2.95	2.2203	0.1153	0.003
2.96	2.1113	0.1153	0.0031
2.97	1.905	0.1154	0.0031
2.98	1.8506	0.1155	0.0031
2.99	1.7844	0.1155	0.0031
3	1.7786	0.1155	0.0031
3.01	1.7776	0.1153	0.0031
3.02	1.779	0.115	0.0032
3.03	1.7805	0.1077	0.0032
3.04	1.8116	0.1088	0.0032
3.05	1.8077	0.1054	0.0032
3.06	1.7766	0.1056	0.0033
3.07	1.7104	0.1055	0.0032
3.08	1.6754	0.1054	0.0032
3.09	1.8068	0.105	0.0033
3.1	1.9382	0.1049	0.0035
3.11	2.2787	0.1048	0.0036
3.12	2.1113	0.1051	0.0036
3.13	1.9868	0.1051	0.0036
3.14	1.8583	0.1049	0.0036
3.15	1.7494	0.1048	0.0036
3.16	1.7182	0.1046	0.0037
3.17	1.691	0.1028	0.0036
3.18	1.6521	0.1021	0.0036
3.19	1.6443	0.1011	0.0037
3.2	1.6345	0.1008	0.0037
3.21	1.6248	0.0989	0.0037
3.22	1.6238	0.0972	0.0037
3.23	1.6243	0.0964	0.0037
3.24	1.6248	0.0962	0.0037
3.25	1.6267	0.0962	0.0038
3.26	1.6287	0.0962	0.0038
3.27	1.6326	0.0985	0.0038
3.28	1.6054	0.1043	0.0038
3.29	1.5937	0.1056	0.0038
3.3	1.6015	0.1051	0.0038
3.31	1.5742	0.1047	0.0038
3.32	1.5898	0.1026	0.0039
3.33	1.5198	0.1007	0.0038
3.34	1.4341	0.0999	0.0039
3.35	1.3252	0.0982	0.0039
3.36	1.2123	0.0974	0.0038
3.37	1.0722	0.0951	0.0039
3.38	0.8932	0.0945	0.0039
3.39	0.8309	0.0928	0.0039
3.4	0.8173	0.0919	0.0039
3.41	0.8204	0.0916	0.0039
3.42	0.8236	0.0914	0.0039
3.43	0.8309	0.0911	0.0039
3.44	0.8426	0.0908	0.0039
3.45	0.8737	0.0898	0.0039
3.46	0.9477	0.0904	0.0039
3.47	1.0138	0.0909	0.004
3.48	1.1072	0.0923	0.004
3.49	1.2045	0.0924	0.0039
3.5	1.2824	0.0936	0.004
3.51	1.3602	0.0967	0.004
3.52	1.4263	0.1002	0.004
3.53	1.4653	0.105	0.004
3.54	1.5275	0.1093	0.004
3.55	1.5198	0.1133	0.004
3.56	1.5742	0.1169	0.004
3.57	1.5587	0.1209	0.004
3.58	1.5236	0.1271	0.004
3.59	1.5159	0.1329	0.004
3.6	1.4769	0.1339	0.004
3.61	1.4653	0.1347	0.0041
3.62	1.4341	0.1383	0.0041
3.63	1.403	0.1396	0.0041
3.64	1.3719	0.1399	0.0041
3.65	1.294	0.1395	0.0041
3.66	1.259	0.1392	0.0041
3.67	1.2512	0.139	0.0042
3.68	1.2473	0.1389	0.0042
3.69	1.2084	0.1357	0.0042
3.7	1.1539	0.1315	0.0042
3.71	1.1189	0.1299	0.0042
3.72	1.0917	0.128	0.0042
3.73	1.08	0.1255	0.0042
3.74	1.0255	0.1241	0.0042
3.75	1.0138	0.1205	0.0042
3.76	0.9982	0.1191	0.0042
3.77	0.9944	0.1164	0.0042
3.78	0.9593	0.1146	0.0042
3.79	0.936	0.1137	0.0042
3.8	0.9282	0.1125	0.0042
3.81	0.9048	0.1084	0.0042
3.82	0.8698	0.1066	0.0042
3.83	0.8465	0.106	0.0043
3.84	0.827	0.1048	0.0042
3.85	0.792	0.1042	0.0042
3.86	0.7608	0.1007	0.0042
3.87	0.7258	0.0992	0.0042
3.88	0.7142	0.0986	0.0042
3.89	0.7103	0.098	0.0042
3.9	0.6947	0.0978	0.0042
3.91	0.6713	0.0976	0.0042
3.92	0.6538	0.0964	0.0042
3.93	0.6499	0.0959	0.0043
3.94	0.6529	0.0926	0.0042
3.95	0.6558	0.0912	0.0042
3.96	0.648	0.086	0.0042
3.97	0.6227	0.0837	0.0042
3.98	0.5974	0.0821	0.0042
3.99	0.6013	0.0815	0.0042
4	0.6052	0.0798	0.0042
4.01	0.6091	0.0798	0.0043
4.02	0.6062	0.079	0.0042
4.03	0.6057	0.0791	0.0043
4.04	0.621	0.0792	0.0042
4.05	0.6363	0.0795	0.0043
4.06	0.6674	0.0795	0.0042
4.07	0.6635	0.0807	0.0043
4.08	0.6713	0.0806	0.0042
4.09	0.6947	0.0806	0.0042
4.1	0.7258	0.0803	0.0043
4.11	0.7492	0.08	0.0043
4.12	0.757	0.076	0.0043
4.13	0.7686	0.0749	0.0043
4.14	0.7881	0.0702	0.0043
4.15	0.7998	0.059	0.0043
4.16	0.8465	0.055	0.0043
4.17	0.901	0.0548	0.0043
4.18	0.9438	0.0547	0.0043
4.19	1.0177	0.0551	0.0043
4.2	1.045	0.0555	0.0043
4.21	1.1306	0.0571	0.0043
4.22	1.8039	0.0591	0.0043
4.23	1.8467	0.06	0.0043
4.24	1.8369	0.0596	0.0043
4.25	1.8476	0.0614	0.0044
4.26	1.8583	0.0617	0.0043
4.27	1.905	0.0632	0.0043
4.28	1.9478	0.0632	0.0044
4.29	2.0023	0.0634	0.0044
4.3	2.049	0.0637	0.0044
4.31	2.0841	0.0638	0.0044
4.32	2.0646	0.076	0.0044
4.33	2.0529	0.0771	0.0044
4.34	2.0451	0.0772	0.0044
4.35	2.0568	0.079	0.0044
4.36	2.0023	0.0805	0.0044
4.37	1.9751	0.0823	0.0044
4.38	1.9362	0.0823	0.0044
4.39	1.7338	0.0833	0.0044
4.4	1.7027	0.0827	0.0044
4.41	1.6715	0.0824	0.0044
4.42	1.6365	0.0822	0.0044
4.43	1.5703	0.0828	0.0044
4.44	1.5392	0.0829	0.0044
4.45	1.5548	0.0828	0.0044
4.46	1.5275	0.0828	0.0044
4.47	1.4653	0.0819	0.0044
4.48	1.4341	0.0814	0.0044
4.49	1.4069	0.0813	0.0045
4.5	1.3758	0.0809	0.0045
4.51	1.3641	0.0797	0.0045
4.52	1.3291	0.0785	0.0045
4.53	1.3174	0.0786	0.0045
4.54	1.2862	0.0772	0.0045
4.55	1.2668	0.0768	0.0045
4.56	1.2318	0.0757	0.0045
4.57	1.1928	0.0741	0.0045
4.58	1.1617	0.0714	0.0045
4.59	1.0994	0.0702	0.0045
4.6	1.0644	0.0703	0.0045
4.61	1.0372	0.0696	0.0045
4.62	1.0138	0.0687	0.0045
4.63	1.0255	0.0662	0.0045
4.64	1.0099	0.0658	0.0045
4.65	0.9944	0.0661	0.0045
4.66	0.971	0.0652	0.0045
4.67	0.936	0.0649	0.0045
4.68	0.9321	0.0646	0.0045
4.69	0.9165	0.0641	0.0045
4.7	0.8971	0.0637	0.0045
4.71	0.8966	0.0637	0.0045
4.72	0.9007	0.0639	0.0045
4.73	0.9048	0.0639	0.0045
4.74	0.9554	0.064	0.0045
4.75	0.9554	0.064	0.0046
4.76	0.936	0.0641	0.0045
4.77	0.9389	0.064	0.0046
4.78	0.9418	0.064	0.0046
4.79	0.9516	0.0638	0.0046
4.8	0.9516	0.0636	0.0046
4.81	0.9496	0.0636	0.0046
4.82	0.9477	0.0629	0.0046
4.83	0.9516	0.0616	0.0046
4.84	0.9496	0.0604	0.0046
4.85	0.9506	0.0599	0.0046
4.86	0.9516	0.0598	0.0046
4.87	0.9516	0.0601	0.0046
4.88	0.9516	0.0604	0.0047
4.89	0.9516	0.06	0.0046
4.9	0.9632	0.0597	0.0046
4.91	0.9321	0.0595	0.0046
4.92	0.9282	0.0593	0.0047
4.93	0.9165	0.0591	0.0046
4.94	0.8737	0.0589	0.0047
4.95	0.8776	0.0582	0.0047
4.96	0.8348	0.0555	0.0047
4.97	0.8114	0.0558	0.0047
4.98	0.827	0.056	0.0047
4.99	0.7881	0.0564	0.0047
5	0.7219	0.0568	0.0047
5.01	0.6947	0.0571	0.0047
5.02	0.6869	0.0584	0.0047
5.03	0.683	0.0589	0.0047
5.04	0.6791	0.0599	0.0047
5.05	0.6986	0.0602	0.0047
5.06	0.6674	0.0602	0.0047
5.07	0.6597	0.0602	0.0047
5.08	0.6558	0.0601	0.0047
5.09	0.6363	0.0598	0.0047
5.1	0.6285	0.0594	0.0047
5.11	0.6207	0.0578	0.0047
5.12	0.6013	0.0575	0.0047
5.13	0.5974	0.0572	0.0047
5.14	0.5779	0.0559	0.0047
5.15	0.5702	0.056	0.0047
5.16	0.5682	0.0561	0.0047
5.17	0.5692	0.0564	0.0047
5.18	0.5702	0.0582	0.0047
5.19	0.5974	0.0544	0.0047
5.2	0.6246	0.0546	0.0047
5.21	0.6285	0.0548	0.0047
5.22	0.6344	0.0557	0.0047
5.23	0.6402	0.0528	0.0047
5.24	0.6412	0.0518	0.0047
5.25	0.6422	0.0508	0.0047
5.26	0.6519	0.0504	0.0047
5.27	0.7375	0.0508	0.0047
5.28	1.1578	0.0512	0.0048
5.29	1.4302	0.0522	0.0048
5.3	1.7883	0.0537	0.0048
5.31	2.1424	0.0578	0.0048
5.32	2.5161	0.061	0.0048
5.33	2.8352	0.0637	0.0048
5.34	2.7301	0.0673	0.0048
5.35	2.4655	0.0726	0.0023
5.36	2.1736	0.0812	0.0019
5.37	1.8973	0.0811	0.0014
5.38	1.4769	0.081	0.0012
5.39	1.3057	0.0793	0.0011
5.4	1.1656	0.0775	0.001
5.41	1.0216	0.0703	0.0012
5.42	0.8542	0.0681	0.0012
5.43	0.5234	0.0668	0.0012
5.44	0.3872	0.0645	0.0012
5.45	0.3016	0.0622	0.0013
5.46	0.2588	0.061	0.0013
5.47	0.2355	0.0593	0.0013
5.48	0.234	0.0574	0.0014
5.49	0.2347	0.0556	0.0014
5.5	0.2354	0.0547	0.0014
5.51	0.251	0.0547	0.0013
5.52	0.2666	0.0532	0.0014
5.53	0.2666	0.0504	0.0014
5.54	0.2705	0.0501	0.0014
5.55	0.2471	0.0491	0.0014
5.56	0.2471	0.048	0.0014
5.57	0.2462	0.0477	0.0014
5.58	0.2466	0.0472	0.0014
5.59	0.2471	0.0473	0.0014
5.6	0.2588	0.0468	0.0014
5.61	0.2705	0.0468	0.0014
5.62	0.2822	0.0469	0.0014
5.63	0.3055	0.0469	0.0014
5.64	0.3366	0.0481	0.0014
5.65	0.4184	0.0484	0.0014
5.66	0.4728	0.0446	0.0014
5.67	0.5312	0.0409	0.0014
5.68	0.5818	0.0417	0.0014
5.69	0.6285	0.0425	0.0014
5.7	0.7414	0.0475	0.0014
5.71	0.827	0.0477	0.0014
5.72	0.9399	0.0487	0.0014
5.73	1.08	0.0507	0.0014
5.74	1.2668	0.0552	0.0014
5.75	1.6949	0.0597	0.0015
5.76	1.8973	0.0622	0.0014
5.77	2.0841	0.0647	0.0014
5.78	2.2514	0.0664	0.0015
5.79	2.3331	0.0676	0.0015
5.8	2.3215	0.0688	0.0015
5.81	2.0568	0.069	0.0014
5.82	1.8155	0.069	0.0014
5.83	1.5626	0.068	0.0014
5.84	1.3018	0.067	0.0014
5.85	1.0955	0.061	0.0014
5.86	0.8465	0.0601	0.0014
5.87	0.7103	0.0588	0.0014
5.88	0.6052	0.0579	0.0014
5.89	0.5118	0.0577	0.0014
5.9	0.4651	0.0572	0.0014
5.91	0.4262	0.0553	0.0014
5.92	0.4145	0.0527	0.0014
5.93	0.4125	0.0518	0.0014
5.94	0.4106	0.0512	0.0014
5.95	0.4067	0.0509	0.0015
5.96	0.4082	0.0509	0.0015
5.97	0.4096	0.0508	0.0015
5.98	0.4184	0.0508	0.0015
5.99	0.4768	0.0506	0.0015
6	0.5157	0.0504	0.0015
6.01	0.5468	0.0494	0.0015
6.02	0.5779	0.0491	0.0015
6.03	0.574	0.0494	0.0015
6.04	0.5624	0.0491	0.0015
6.05	0.5429	0.0491	0.0015
6.06	0.5079	0.0497	0.0015
6.07	0.5079	0.0498	0.0015
6.08	0.5098	0.05	0.0015
6.09	0.5118	0.05	0.0015
6.1	0.5157	0.0501	0.0016
6.11	0.5312	0.0504	0.0015
6.12	0.5507	0.0507	0.0015
6.13	0.5429	0.051	0.0015
6.14	0.5429	0.051	0.0015
6.15	0.5429	0.0523	0.0016
6.16	0.5351	0.0521	0.0016
6.17	0.5273	0.0527	0.0016
6.18	0.5079	0.0525	0.0016
6.19	0.4768	0.0527	0.0016
6.2	0.4495	0.0528	0.0016
6.21	0.4495	0.0529	0.0016
6.22	0.43	0.0529	0.0016
6.23	0.4184	0.053	0.0016
6.24	0.395	0.0529	0.0016
6.25	0.3911	0.0529	0.0016
6.26	0.3756	0.0524	0.0016
6.27	0.3756	0.0524	0.0016
6.28	0.3794	0.0516	0.0016
6.29	0.3833	0.0513	0.0016
6.3	0.3911	0.0511	0.0016
6.31	0.3989	0.0511	0.0016
6.32	0.4028	0.0511	0.0016
6.33	0.4223	0.0529	0.0016
6.3401	0.4262	0.0526	0.0016
6.3501	0.4378	0.0523	0.0016
6.3601	0.4378	0.0514	0.0016
6.3701	0.4369	0.0514	0.0016
6.3801	0.4373	0.0515	0.0016
6.3901	0.4378	0.0516	0.0016
6.4001	0.4378	0.0521	0.0017
6.4101	0.4369	0.0529	0.0017
6.4201	0.4432	0.0534	0.0017
6.4301	0.4495	0.0539	0.0017
6.4401	0.4456	0.0541	0.0017
6.4501	0.4378	0.0539	0.0017
6.4601	0.4262	0.0536	0.0017
6.4701	0.4223	0.0535	0.0017
6.4801	0.4203	0.0534	0.0017
6.4901	0.4193	0.0531	0.0016
6.5001	0.4184	0.0529	0.0017
6.5101	0.4184	0.0529	0.0017
6.5201	0.4203	0.0524	0.0017
6.5301	0.4223	0.0524	0.0017
6.5401	0.4223	0.0522	0.0017
6.5501	0.4223	0.0517	0.0017
6.5601	0.4145	0.0512	0.0017
6.5701	0.4106	0.051	0.0017
6.5801	0.4086	0.0507	0.0017
6.5901	0.4067	0.0506	0.0017
6.6001	0.4028	0.0506	0.0017
6.6101	0.4028	0.0505	0.0017
6.6201	0.3989	0.0505	0.0017
6.6301	0.3994	0.0495	0.0017
6.6401	0.3999	0.0493	0.0017
6.6501	0.4028	0.0493	0.0017
6.6601	0.395	0.0487	0.0017
6.6701	0.395	0.0483	0.0017
6.6801	0.3756	0.048	0.0017
6.6901	0.3756	0.048	0.0017
6.7001	0.3775	0.048	0.0017
6.7101	0.3794	0.0481	0.0017
6.7201	0.3833	0.0484	0.0018
6.7301	0.4145	0.0487	0.0017
6.7401	0.4262	0.0484	0.0017
6.7501	0.4417	0.0486	0.0018
6.7601	0.4534	0.0488	0.0017
6.7701	0.4806	0.0496	0.0018
6.7801	0.5351	0.0497	0.0018
6.7901	0.5546	0.05	0.0018
6.8001	0.5818	0.0503	0.0018
6.8101	0.6013	0.0505	0.0018
6.8201	0.6246	0.0506	0.0018
6.8301	0.7103	0.0512	0.0018
6.8401	0.7608	0.0519	0.0018
6.8501	0.8153	0.0534	0.0018
6.8601	0.8542	0.0531	0.0018
6.8701	0.9165	0.0566	0.0018
6.8801	1.0294	0.0576	0.0018
6.8901	1.0878	0.0591	0.0018
6.9001	1.1189	0.0601	0.0018
6.9101	1.1228	0.0602	0.0018
6.9201	1.1345	0.0602	0.0018
6.9301	1.1384	0.0603	0.0018
6.9401	1.1345	0.0603	0.0018
6.9501	1.1267	0.0606	0.0018
6.9601	1.1189	0.0606	0.0018
6.9701	1.1189	0.0607	0.0018
6.9801	1.1208	0.0606	0.0018
6.9901	1.1228	0.0606	0.0018
7.0001	1.1384	0.0607	0.0018
7.0101	1.1345	0.0607	0.0019
7.0201	1.1228	0.0606	0.0019
7.0301	1.115	0.0604	0.0019
7.0401	1.1033	0.0599	0.0018
7.0501	1.0955	0.0595	0.0019
7.0601	1.08	0.0593	0.0019
7.0701	1.0488	0.0575	0.0019
7.0801	1.006	0.0565	0.0019
7.0901	0.9593	0.055	0.0019
7.1001	0.8776	0.0548	0.0019
7.1101	0.8542	0.054	0.0019
7.1201	0.8348	0.0533	0.0019
7.1301	0.8328	0.0531	0.0019
7.1401	0.8348	0.052	0.0019
7.1501	0.8367	0.0515	0.0019
7.1601	0.8426	0.0511	0.0019
7.1701	0.8426	0.0512	0.0019
7.1801	0.8465	0.0504	0.0019
7.1901	0.8465	0.0496	0.0019
7.2001	0.8523	0.0483	0.0019
7.2101	0.8581	0.0486	0.0019
7.2201	0.8698	0.0489	0.0019
7.2301	0.901	0.0494	0.002
7.2401	0.9438	0.0497	0.0019
7.2501	0.9944	0.0508	0.002
7.2601	1.0683	0.0521	0.002
7.2701	1.2434	0.0514	0.002
7.2801	1.3368	0.0529	0.002
7.2901	1.4147	0.0543	0.0021
7.3001	1.4653	0.0552	0.0021
7.3101	1.512	0.056	0.0021
7.3201	1.5626	0.0559	0.0021
7.3301	1.5626	0.0562	0.0021
7.3401	1.6015	0.0567	0.0021
7.3501	1.6093	0.0579	0.0021
7.3601	1.6326	0.0591	0.0022
7.3701	1.7377	0.0599	0.0022
7.3801	1.7961	0.06	0.0023
7.3901	1.8428	0.06	0.0022
7.4001	1.9011	0.0605	0.0023
7.4101	1.9751	0.0611	0.0023
7.4201	2.0918	0.062	0.0023
7.4301	2.1541	0.0621	0.0023
7.4401	2.2164	0.0625	0.0023
7.4501	2.302	0.0629	0.0023
7.4601	2.3682	0.0661	0.0023
7.4701	2.4771	0.0692	0.0023
7.4801	2.5511	0.0705	0.0023
7.4901	2.6017	0.0707	0.0023
7.5001	2.6484	0.0726	0.0023
7.5101	2.6873	0.0739	0.0024
7.5201	2.6873	0.0754	0.0024
7.5301	2.9578	0.0761	0.0026
7.5401	3.2283	0.0766	0.0027
7.5501	3.2866	0.0776	0.0027
7.5601	3.2866	0.0785	0.0027
7.5701	3.2594	0.0814	0.0027
7.5801	3.237	0.0817	0.0027
7.5901	3.2268	0.0834	0.0027
7.6001	3.2276	0.0843	0.0027
7.6101	3.2283	0.0867	0.0027
7.6201	3.2166	0.0916	0.0027
7.6301	3.1777	0.0962	0.0027
7.6401	3.1193	0.0943	0.0027
7.6501	3.1076	0.0963	0.0027
7.6601	3.0414	0.0977	0.0027
7.6701	2.9909	0.1024	0.0027
7.6801	2.9247	0.1039	0.0027
7.6901	2.8624	0.1044	0.0027
7.7001	2.8002	0.1029	0.0027
7.7101	2.7106	0.1013	0.0027
7.7201	2.6056	0.1016	0.0027
7.7301	2.4888	0.101	0.0027
7.7401	2.2436	0.1008	0.0027
7.7501	2.1191	0.1005	0.0027
7.7601	2.0374	0.1	0.0027
7.7701	1.9673	0.0994	0.0027
7.7801	1.8661	0.0973	0.0027
7.7901	1.7922	0.0952	0.0027
7.8001	1.726	0.0903	0.0027
7.8101	1.5548	0.0905	0.0027
7.8201	1.473	0.0885	0.0027
7.8301	1.4225	0.0837	0.0027
7.8401	1.3758	0.0809	0.0028
7.8501	1.3368	0.0802	0.0028
7.8601	1.3018	0.0775	0.0028
7.8701	1.2999	0.0752	0.0028
7.8801	1.3038	0.0727	0.0028
7.8901	1.3077	0.0685	0.0028
7.9001	1.3174	0.0692	0.0028
7.9101	1.3446	0.0659	0.0029
7.9201	1.3368	0.0641	0.0029
7.9301	1.3485	0.0629	0.0029
7.9401	1.3719	0.0623	0.0029
7.9501	1.3835	0.0624	0.0029
7.9601	1.4497	0.0624	0.0029
7.9701	1.4458	0.0623	0.0029
7.9801	1.4964	0.0621	0.003
7.9901	1.5198	0.0612	0.0029
8.0001	1.5703	0.059	0.0029
8.0101	1.656	0.0572	0.003
8.0201	1.7104	0.0571	0.003
8.0301	1.7766	0.0572	0.003
8.0401	1.8506	0.0573	0.003
8.0501	1.9206	0.0578	0.0031
8.0601	1.9829	0.0605	0.0031
8.0701	2.0529	0.0609	0.003
8.0801	2.1463	0.061	0.0031
8.0901	2.1775	0.061	0.0031
8.1001	2.2242	0.0609	0.0031
8.1101	2.267	0.0604	0.0031
8.1201	2.2709	0.0588	0.0031
8.1301	2.2767	0.0581	0.0031
8.1401	2.2825	0.0587	0.0031
8.1501	2.2903	0.0593	0.0031
8.1601	2.267	0.0616	0.0031
8.1701	2.2125	0.0634	0.0031
8.1801	2.1911	0.0661	0.0031
8.1901	2.1697	0.067	0.0031
8.2001	2.1721	0.0673	0.0031
8.2101	2.1746	0.0676	0.0031
8.2201	2.1814	0.0676	0.0031
8.2301	2.1697	0.0676	0.0031
8.2401	2.1385	0.0676	0.0031
8.2501	2.1385	0.0676	0.0031
8.2601	2.0918	0.0671	0.0031
8.2701	2.049	0.0662	0.0031
8.2801	1.9946	0.0625	0.0031
8.2901	1.9615	0.0614	0.0032
8.3001	1.9574	0.0618	0.0032
8.3101	1.9584	0.0623	0.0032
8.3201	1.9595	0.064	0.0032
8.3301	1.9751	0.0689	0.0032
8.3401	1.9673	0.0713	0.0032
8.3501	1.9828	0.0714	0.0032
8.3601	1.9984	0.0712	0.0032
8.3701	2.0296	0.071	0.0032
8.3801	2.088	0.0694	0.0032
8.3901	2.0918	0.0691	0.0032
8.4001	2.1191	0.0675	0.0032
8.4101	2.0763	0.0664	0.0032
8.4201	2.0646	0.0665	0.0032
8.4301	2.053	0.0666	0.0033
8.4401	2.0685	0.0669	0.0032
8.4501	2.0587	0.0716	0.0033
8.4601	2.0558	0.0706	0.0033
8.4701	2.0563	0.0718	0.0033
8.4801	2.0568	0.0723	0.0033
8.4901	2.0957	0.0721	0.0033
8.5001	2.0996	0.0724	0.0033
8.5101	2.1347	0.0714	0.0034
8.5201	2.1269	0.0714	0.0033
8.5301	2.1424	0.0719	0.0033
8.5401	2.1424	0.0721	0.0033
8.5501	2.1541	0.0721	0.0033
8.5601	2.1463	0.0717	0.0033
8.5701	2.0996	0.0713	0.0033
8.5801	2.1035	0.071	0.0033
8.5901	2.1074	0.071	0.0034
8.6001	2.158	0.0711	0.0034
8.6101	2.0335	0.0713	0.0034
8.6201	1.9829	0.072	0.0034
8.6301	1.977	0.0723	0.0034
8.6401	1.9761	0.072	0.0034
8.6501	1.9805	0.0718	0.0034
8.6601	1.9848	0.0712	0.0034
8.6701	1.9946	0.071	0.0034
8.6801	1.9868	0.0711	0.0034
8.6901	1.979	0.071	0.0034
8.7001	1.9795	0.0709	0.0034
8.7101	1.98	0.0705	0.0034
8.7201	1.9829	0.0694	0.0034
8.7301	1.9907	0.0696	0.0034
8.7401	1.9868	0.0692	0.0034
8.7501	1.9907	0.0693	0.0034
8.7601	1.9946	0.0695	0.0034
8.7701	1.9946	0.0704	0.0034
8.7801	2.0121	0.0719	0.0034
8.7901	2.0296	0.0728	0.0034
8.8001	2.0568	0.0726	0.0035
8.8101	2.0996	0.0725	0.0034
8.8201	2.1541	0.0712	0.0034
8.8301	2.1658	0.0718	0.0034
8.8401	2.1814	0.0701	0.0034
8.8501	2.1853	0.0703	0.0034
8.8601	2.2086	0.0706	0.0035
8.8701	2.2436	0.0713	0.0035
8.8801	2.2864	0.0723	0.0035
8.8901	2.3215	0.0728	0.0035
8.9001	2.2981	0.0743	0.0035
8.9101	2.2922	0.0755	0.0035
8.9201	2.2864	0.0763	0.0035
8.9301	2.2864	0.0766	0.0035
8.9401	2.2358	0.0763	0.0035
8.9501	2.232	0.0759	0.0035
8.9601	2.2281	0.0747	0.0035
8.9701	2.2456	0.0727	0.0035
8.9801	2.2631	0.0707	0.0035
8.9901	2.302	0.0691	0.0035
9.0001	2.337	0.0676	0.0035
9.0101	2.3876	0.0668	0.0035
9.0201	2.3954	0.0663	0.0035
9.0301	2.4694	0.0657	0.0035
9.0401	2.6095	0.0659	0.0035
9.0501	2.7262	0.0662	0.0036
9.0601	2.8624	0.0667	0.0036
9.0701	3.0181	0.0691	0.0036
9.0801	3.2049	0.0745	0.0036
9.0901	3.6525	0.0766	0.0036
9.1001	3.9482	0.0801	0.0037
9.1101	4.2635	0.0847	0.0037
9.1201	4.6254	0.0874	0.0037
9.1301	5.0068	0.0968	0.0037
9.1401	5.431	0.105	0.0037
9.1501	6.3106	0.1131	0.0038
9.1601	6.7698	0.1224	0.0037
9.1701	7.1473	0.1251	0.0038
9.1801	7.5092	0.1334	0.0038
9.1901	7.8128	0.1403	0.0038
9.2001	8.1475	0.148	0.0038
9.2101	8.2098	0.1578	0.0039
9.2201	8.2448	0.1642	0.0039
9.2301	8.2643	0.1683	0.0039
9.2401	8.202	0.1837	0.0039
9.2501	7.9257	0.1846	0.0039
9.2601	7.7739	0.1855	0.0039
9.2701	7.6065	0.1855	0.0039
9.2801	7.4625	0.1854	0.004
9.2901	7.3847	0.1844	0.004
9.3001	7.2718	0.183	0.004
9.3101	6.9294	0.1819	0.0041
9.3201	6.8087	0.1815	0.0042
9.3301	6.7844	0.183	0.0043
9.3401	6.7751	0.1845	0.0043
9.3501	6.8211	0.188	0.0043
9.3601	6.8671	0.191	0.0043
9.3701	6.9177	0.1932	0.0043
9.3801	6.9527	0.198	0.0043
9.3901	7.0306	0.1992	0.0043
9.4001	7.0734	0.1991	0.0044
9.4101	7.1629	0.199	0.0044
9.4201	7.1512	0.1988	0.0044
9.4301	7.0344	0.1985	0.0044
9.4401	6.9099	0.1938	0.0044
9.4501	6.7192	0.1875	0.0044
9.4601	6.5441	0.1786	0.0045
9.4701	6.0693	0.1776	0.0045
9.4801	5.7424	0.1741	0.0045
9.4901	5.4894	0.1711	0.0046
9.5001	5.2637	0.169	0.0046
9.5101	5.1041	0.1632	0.0046
9.5201	4.964	0.1531	0.0046
9.5301	4.7227	0.15	0.0046
9.5401	4.5826	0.1477	0.0046
9.5501	4.4425	0.1416	0.0047
9.5601	4.3452	0.1351	0.0047
9.5701	4.3102	0.128	0.0047
9.5801	4.2596	0.1255	0.0047
9.5901	4.1856	0.1204	0.0047
9.6001	4.1428	0.1135	0.0047
9.6101	4.1136	0.1144	0.0048
9.6201	4.1029	0.1152	0.0048
9.6301	4.1132	0.1198	0.0049
9.6401	4.1234	0.1257	0.0049
9.6501	4.1312	0.1266	0.0049
9.6601	4.1779	0.1275	0.0049
9.6701	4.7811	0.1275	0.0049
9.6801	5.3843	0.1352	0.0049
9.6901	5.5322	0.1342	0.0049
9.7001	5.1236	0.1332	0.005
9.7101	4.9679	0.1304	0.005
9.7201	4.9173	0.1282	0.005
9.7301	4.8706	0.1264	0.005
9.7401	4.7811	0.1275	0.005
9.7501	4.5359	0.1286	0.0051
9.7601	4.5379	0.1297	0.0051
9.7701	4.5398	0.1278	0.0052
9.7801	4.5593	0.1273	0.0052
9.7901	4.6215	0.1271	0.0052
9.8001	4.641	0.127	0.0052
9.8101	4.7227	0.1271	0.0052
9.8201	4.8161	0.1253	0.0052
9.8301	5.0068	0.1234	0.0052
9.8401	5.2325	0.1254	0.0052
9.8501	5.4077	0.1274	0.0052
9.8601	5.6918	0.1303	0.0052
9.8701	5.8747	0.1329	0.0051
9.8801	6.1004	0.1403	0.0051
9.8901	6.3651	0.1413	0.0051
9.9001	6.5674	0.1512	0.005
9.9101	7.1823	0.1558	0.005
9.9201	7.4392	0.161	0.005
9.9301	7.7038	0.1677	0.005
9.9401	7.9179	0.1724	0.005
9.9501	8.1631	0.1785	0.0049
9.9601	8.4861	0.1821	0.0049
9.9701	9.136	0.1835	0.0049
9.9801	9.4902	0.1862	0.0048
9.9901	9.8832	0.1936	0.0047
10	10.276	0.1974	0.0047
10.01	10.669	0.2043	0.0047
10.02	11.417	0.2094	0.0047
10.03	11.767	0.2123	0.0048
10.04	12.121	0.2157	0.0047
10.05	12.382	0.2426	0.0048
10.06	12.522	0.2549	0.0048
10.07	12.678	0.2471	0.0048
10.08	12.681	0.2589	0.0048
10.09	12.709	0.2745	0.0048
10.1	12.643	0.2839	0.0048
10.11	12.58	0.2987	0.0049
10.12	11.973	0.3135	0.0049
10.13	11.607	0.317	0.0049
10.14	11.168	0.3175	0.0049
10.15	10.701	0.3164	0.005
10.16	10.222	0.3153	0.005
10.17	9.6575	0.298	0.0051
10.18	8.5678	0.2852	0.0052
10.19	8.0113	0.2811	0.0052
10.2	7.5404	0.2736	0.0052
10.21	7.0072	0.2661	0.0053
10.22	6.4001	0.2584	0.0053
10.23	5.9875	0.2412	0.0054
10.24	5.1703	0.2314	0.0054
10.25	4.8356	0.2176	0.0054
10.26	4.5437	0.2044	0.0055
10.27	4.3569	0.1898	0.0055
10.28	4.1312	0.1789	0.0055
10.29	3.8938	0.1454	0.0056
10.3	3.5513	0.134	0.0056
10.31	3.4228	0.1229	0.0056
10.32	3.3139	0.1138	0.0056
10.33	3.201	0.1075	0.0056
10.34	3.1154	0.0959	0.0056
10.35	2.9597	0.0948	0.0056
10.36	2.9052	0.0945	0.0057
10.37	2.8469	0.0942	0.0057
10.38	2.8196	0.0941	0.0058
10.39	2.7963	0.0931	0.0057
10.4	2.7651	0.0884	0.0058
10.41	2.7379	0.0864	0.0058
10.42	2.699	0.0854	0.0058
10.43	2.6678	0.0832	0.0058
10.44	2.6484	0.0843	0.0058
10.45	2.6367	0.0831	0.0058
10.46	2.6308	0.0802	0.0058
10.47	2.625	0.0796	0.0058
10.48	2.625	0.0759	0.0058
10.49	2.6211	0.0744	0.0058
10.5	2.6133	0.0726	0.0058
10.51	2.5861	0.0718	0.0058
10.52	2.555	0.071	0.0058
10.53	2.5355	0.0715	0.0058
10.54	2.5161	0.0708	0.0058
10.55	2.5132	0.0693	0.0058
10.56	2.5146	0.0691	0.0058
10.57	2.5161	0.0696	0.0058
10.58	2.5511	0.0698	0.0058
10.59	2.5666	0.0665	0.0057
10.6	2.5744	0.0656	0.0058
10.61	2.6172	0.0659	0.0057
10.62	2.699	0.0662	0.0057
10.63	2.7535	0.0678	0.0057
10.64	2.843	0.0691	0.0057
10.65	2.9286	0.0707	0.0057
10.66	3.0181	0.0711	0.0057
10.67	3.1465	0.0715	0.0057
10.68	3.489	0.0718	0.0056
10.69	3.6369	0.0737	0.0056
10.7	3.7536	0.085	0.0056
10.71	3.8938	0.0963	0.0056
10.72	4.0261	0.0949	0.0056
10.73	4.3257	0.1025	0.0055
10.74	4.4697	0.1149	0.0055
10.75	4.5437	0.1323	0.0055
10.76	4.641	0.1406	0.0055
10.77	4.9912	0.1457	0.0047
10.78	7.0189	0.1496	0.0047
10.79	6.9138	0.1505	0.0046
10.8	6.6297	0.1515	0.0046
10.81	6.3651	0.1541	0.0046
10.82	5.7891	0.1567	0.0046
10.83	5.4972	0.1587	0.0045
10.84	5.2131	0.1574	0.0045
10.85	4.9212	0.156	0.0045
10.86	4.6565	0.1532	0.0045
10.87	4.5476	0.1383	0.0045
10.88	4.1623	0.1345	0.0045
10.89	3.668	0.1304	0.0045
10.9	3.3411	0.1257	0.0044
10.91	3.1076	0.1122	0.0045
10.92	2.6873	0.1041	0.0044
10.93	2.6172	0.0989	0.0044
10.94	2.6484	0.093	0.0044
10.95	2.4421	0.089	0.0044
10.96	2.3292	0.0852	0.0044
10.97	2.2475	0.0752	0.0044
10.98	2.1891	0.0735	0.0045
10.99	2.2514	0.0719	0.0044
11	2.1814	0.0709	0.0045
11.01	2.1619	0.0684	0.0044
11.02	2.1473	0.0637	0.0044
11.03	2.1327	0.0604	0.0044
11.04	2.1658	0.0578	0.0044
11.05	2.1035	0.06	0.0044
11.06	2.0344	0.0605	0.0044
11.07	2.0009	0.0603	0.0044
11.08	1.988	0.06	0.0044
11.09	1.9751	0.0595	0.0044
11.1	1.9829	0.0576	0.0044
11.11	1.9401	0.0556	0.0043
11.12	1.8389	0.0526	0.0043
11.13	1.7104	0.0507	0.0044
11.14	1.4692	0.0515	0.0043
11.15	1.3874	0.0504	0.0043
11.16	1.3174	0.0481	0.0044
11.17	1.314	0.0457	0.0044
11.18	1.3157	0.0429	0.0043
11.19	1.3174	0.04	0.0044
11.2	1.3485	0.0389	0.0044
11.21	1.3563	0.0384	0.0044
11.22	1.3758	0.0382	0.0043
11.23	1.403	0.0389	0.0043
11.24	1.4458	0.0396	0.0044
11.25	1.4769	0.0395	0.0043
11.26	1.5859	0.0396	0.0043
11.27	1.5937	0.041	0.0043
11.28	1.6093	0.0431	0.0043
11.29	1.6443	0.0463	0.0043
11.3	1.656	0.0465	0.0043
11.31	1.6832	0.0466	0.0043
11.32	1.7104	0.0471	0.0043
11.33	1.7533	0.0476	0.0043
11.34	1.7844	0.051	0.0043
11.35	1.8311	0.0512	0.0043
11.36	1.9011	0.0527	0.0043
11.37	1.8428	0.0546	0.0043
11.38	2.0451	0.0569	0.0043
11.39	2.1113	0.0603	0.0043
11.4	2.1969	0.0637	0.0043
11.41	2.3721	0.0655	0.0043
11.42	2.4771	0.0668	0.0043
11.43	2.5589	0.0687	0.0043
11.44	2.6639	0.0719	0.0043
11.45	2.8157	0.0751	0.0043
11.46	3.092	0.0777	0.0043
11.47	3.2283	0.0783	0.0044
11.48	3.3723	0.0787	0.0044
11.49	3.5124	0.0797	0.0044
11.5	3.6213	0.0817	0.0045
11.51	3.8587	0.0815	0.0045
11.52	3.9638	0.0823	0.0046
11.53	4.0806	0.0821	0.0046
11.54	4.209	0.0838	0.0047
11.55	4.3024	0.0837	0.0047
11.56	4.3763	0.086	0.0047
11.57	4.5359	0.0883	0.0047
11.58	4.606	0.0882	0.0047
11.59	4.6721	0.0902	0.0047
11.6	4.7344	0.0906	0.0048
11.61	4.7616	0.0918	0.0047
11.62	4.8434	0.0929	0.0048
11.63	4.999	0.0927	0.0048
11.64	5.0613	0.094	0.0048
11.65	5.0808	0.0953	0.0048
11.66	5.0652	0.1031	0.0048
11.67	5.0302	0.111	0.0048
11.68	4.9329	0.1123	0.0048
11.69	4.8706	0.1136	0.0048
11.7	4.9017	0.1133	0.0048
11.71	4.8589	0.113	0.0047
11.72	4.7032	0.1118	0.0047
11.73	4.3102	0.1123	0.0047
11.74	4.0416	0.1085	0.0048
11.75	3.8548	0.1073	0.0048
11.76	3.7498	0.1074	0.0048
11.77	3.6252	0.1043	0.0048
11.78	3.3995	0.0998	0.0048
11.79	3.2944	0.0949	0.0048
11.8	3.2205	0.0927	0.0048
11.81	3.166	0.0922	0.0048
11.82	3.0531	0.0893	0.0047
11.83	2.9519	0.0865	0.0047
11.84	2.7535	0.0831	0.0047
11.85	2.8362	0.0804	0.0047
11.86	2.9189	0.0786	0.0045
11.87	3.1349	0.0768	0.0046
11.88	3.1582	0.0751	0.0046
11.89	3.0843	0.0747	0.0047
11.9	2.9247	0.0749	0.0047
11.91	2.913	0.0752	0.0047
11.92	2.9111	0.0757	0.0047
11.93	2.9198	0.0753	0.0047
11.94	2.9286	0.0755	0.0047
11.95	2.9208	0.0753	0.0047
11.96	2.9286	0.075	0.0047
11.97	2.9519	0.0739	0.0047
11.98	2.9636	0.0736	0.0047
11.99	2.9636	0.0736	0.0047
12	3.0181	0.0749	0.0047
12.01	3.1193	0.0762	0.0048
12.02	3.2049	0.0772	0.0047
12.03	3.2633	0.0808	0.0047
12.04	3.3294	0.0833	0.0048
12.05	3.4773	0.0845	0.0048
12.06	3.5474	0.085	0.0048
12.07	3.5902	0.0846	0.0048
12.08	3.5902	0.0843	0.0048
12.09	3.5863	0.0823	0.0048
12.1	3.5474	0.0811	0.0048
12.11	3.5084	0.0798	0.0048
12.12	3.5172	0.0799	0.0049
12.13	3.526	0.0805	0.0049
12.14	3.5552	0.0806	0.0049
12.15	3.6291	0.0806	0.0049
12.16	3.7147	0.0807	0.005
12.17	3.7887	0.0808	0.0049
12.18	3.7887	0.0814	0.005
12.19	3.8548	0.0818	0.005
12.2	3.886	0.0822	0.005
12.21	3.8938	0.0827	0.005
12.22	3.8548	0.0829	0.005
12.23	3.8524	0.0827	0.005
12.24	3.8516	0.0825	0.005
12.25	3.8509	0.0829	0.0051
12.26	3.8587	0.0832	0.005
12.27	3.8237	0.0845	0.0051
12.28	3.812	0.0867	0.005
12.29	3.7926	0.0871	0.0051
12.3	3.7692	0.087	0.0051
12.31	3.7147	0.0868	0.0051
12.32	3.6135	0.0856	0.0051
12.33	3.5668	0.0822	0.0051
12.34	3.489	0.0798	0.0051
12.35	3.3956	0.0793	0.0051
12.36	3.3489	0.0793	0.0051
12.37	3.2905	0.0762	0.0051
12.38	3.2244	0.0744	0.0051
12.39	3.1932	0.0735	0.0051
12.4	3.1854	0.0722	0.0052
12.41	3.1621	0.0704	0.0051
12.42	3.166	0.0692	0.0051
12.43	3.1698	0.0692	0.0052
12.44	3.1854	0.0693	0.0052
12.45	3.2088	0.0694	0.0052
12.46	3.2049	0.0694	0.0052
12.47	3.2205	0.072	0.0052
12.48	3.2477	0.0719	0.0052
12.49	3.3022	0.073	0.0052
12.5	3.3489	0.0742	0.0052
12.51	3.3645	0.0762	0.0052
12.52	3.3917	0.0763	0.0052
12.53	3.3956	0.0764	0.0051
12.54	3.3489	0.0768	0.0052
12.55	3.3255	0.0773	0.0052
12.56	3.2711	0.0785	0.0051
12.57	3.201	0.0792	0.0051
12.58	3.1232	0.0815	0.0052
12.59	3.0103	0.0834	0.0051
12.6	2.9636	0.0834	0.0052
12.61	2.9364	0.0832	0.0052
12.62	2.9208	0.0829	0.0051
12.63	2.8546	0.0824	0.0052
12.64	2.804	0.0815	0.0052
12.65	2.769	0.0824	0.0052
12.66	2.7359	0.0822	0.0052
12.67	2.7508	0.0824	0.0051
12.68	2.7656	0.0826	0.0052
12.69	2.8002	0.0828	0.0052
12.7	2.8663	0.0845	0.0052
12.71	3.0142	0.0852	0.0052
12.72	3.1076	0.0857	0.0052
12.73	3.1932	0.0853	0.0052
12.74	3.2244	0.0848	0.0052
12.75	3.2244	0.0834	0.0052
12.76	3.1582	0.0821	0.0051
12.77	3.0648	0.0823	0.0051
12.78	3.0142	0.0821	0.0051
12.79	2.9597	0.0818	0.0052
12.8	2.9208	0.081	0.0052
12.81	2.8391	0.0793	0.0052
12.82	2.8002	0.08	0.0051
12.83	2.7301	0.0791	0.0051
12.84	2.6717	0.0768	0.0052
12.85	2.6095	0.0757	0.0051
12.86	2.5044	0.0743	0.0052
12.87	2.4421	0.072	0.0051
12.88	2.3721	0.0697	0.0051
12.89	2.302	0.0703	0.0051
12.9	2.2514	0.0687	0.0051
12.91	2.2047	0.0687	0.0051
12.92	2.1736	0.0686	0.0051
12.93	2.0374	0.067	0.0051
12.94	2.0316	0.0644	0.0048
12.95	2.0257	0.0639	0.0049
12.96	1.9984	0.0639	0.0049
12.97	1.9323	0.0634	0.0049
12.98	1.8506	0.0628	0.0049
12.99	1.8116	0.0627	0.0049
13	1.7766	0.0622	0.0049
13.01	1.761	0.0617	0.0049
13.02	1.7455	0.0616	0.0049
13.03	1.7455	0.0616	0.0049
13.04	1.7221	0.0614	0.0049
13.05	1.6793	0.0613	0.0049
13.06	1.6482	0.0607	0.0049
13.07	1.5859	0.061	0.0049
13.08	1.5548	0.061	0.0049
13.09	1.5431	0.061	0.0049
13.1	1.5275	0.0606	0.0049
13.11	1.5159	0.0578	0.0049
13.12	1.51	0.0571	0.0049
13.13	1.5042	0.0567	0.0049
13.14	1.5003	0.0557	0.0049
13.15	1.4925	0.0558	0.0049
13.16	1.4691	0.0547	0.0048
13.17	1.4458	0.0543	0.0049
13.18	1.4536	0.0536	0.0048
13.19	1.438	0.0533	0.0048
13.2	1.4263	0.0529	0.0048
13.21	1.4108	0.0532	0.0048
13.22	1.3796	0.0528	0.0048
13.23	1.3407	0.0529	0.0048
13.24	1.3252	0.0528	0.0048
13.25	1.2979	0.0527	0.0048
13.26	1.2901	0.0524	0.0048
13.27	1.2785	0.0513	0.0048
13.28	1.2629	0.051	0.0048
13.29	1.2434	0.0507	0.0048
13.3	1.2279	0.0504	0.0048
13.31	1.2201	0.0496	0.0048
13.32	1.2182	0.0495	0.0048
13.33	1.2308	0.0496	0.0048
13.34	1.2434	0.0497	0.0048
13.35	1.2551	0.0506	0.0047
13.36	1.2668	0.0509	0.0048
13.37	1.294	0.0509	0.0047
13.38	1.3174	0.0508	0.0047
13.39	1.3913	0.0506	0.0047
13.4	1.6209	0.0506	0.0047
13.41	1.4614	0.0509	0.0047
13.42	1.4677	0.0512	0.0047
13.43	1.474	0.0518	0.0047
13.44	1.4886	0.0531	0.0047
13.45	1.5703	0.0545	0.0047
13.46	1.6248	0.0577	0.0047
13.47	1.6871	0.0578	0.0047
13.48	1.7299	0.0609	0.0047
13.49	1.7844	0.061	0.0047
13.5	1.8856	0.0609	0.0047
13.51	1.944	0.0609	0.0047
13.52	1.9712	0.059	0.0047
13.53	1.9946	0.0572	0.0047
13.54	2.3448	0.0586	0.0047
13.55	2.625	0.0567	0.0047
13.56	2.948	0.0566	0.0047
13.57	3.1932	0.0588	0.0047
13.58	3.5201	0.061	0.0047
13.59	3.4968	0.0716	0.0047
13.6	3.4482	0.0755	0.0047
13.61	3.4686	0.0794	0.0047
13.62	3.489	0.0774	0.0047
13.63	3.7614	0.0909	0.0047
13.64	3.5318	0.0985	0.0047
13.65	3.7264	0.135	0.0047
13.66	5.5984	0.1378	0.0047
13.67	6.1432	0.1422	0.0044
13.68	6.5635	0.1477	0.0044
13.69	6.6492	0.1502	0.003
13.7	6.8437	0.1497	0.0009
13.71	6.8749	0.1601	-0.0003
13.72	6.692	0.1643	-0.002
13.73	6.4974	0.1686	-0.005
13.74	6.33	0.166	-0.006
13.75	6.1588	0.1839	-0.0076
13.76	5.9253	0.1875	-0.0085
13.77	5.1275	0.1857	-0.0097
13.78	4.7305	0.1839	-0.0122
13.79	4.9017	0.1784	-0.0128
13.8	4.6098	0.1628	-0.0129
13.81	3.9366	0.1528	-0.013
13.82	2.3721	0.1203	-0.013
13.83	2.0179	0.1147	-0.0127
13.84	1.6365	0.1091	-0.0122
13.85	1.4419	0.104	-0.0121
13.86	1.2824	0.1026	-0.012
13.87	1.1851	0.0947	-0.012
13.88	1.1345	0.0896	-0.012
13.89	1.0917	0.0854	-0.012
13.9	1.0605	0.0812	-0.012
13.91	1.0372	0.0775	-0.012
13.92	1.0255	0.0649	-0.012
13.93	0.9905	0.0646	-0.0121
13.94	0.9671	0.0642	-0.0121
13.95	0.9554	0.0501	-0.0122
13.96	0.936	0.0502	-0.0122
13.97	0.9321	0.0498	-0.0122
13.98	0.9282	0.0488	-0.0122
13.99	0.936	0.0475	-0.0122
14	0.9856	0.0474	-0.0126
14.01	1.0352	0.0472	-0.0126
14.02	1.15	0.0464	-0.0125
14.03	1.1072	0.0469	-0.0124
14.04	1.1092	0.0461	-0.0125
14.05	1.1111	0.0458	-0.0125
14.06	1.1228	0.0458	-0.0125
14.07	1.1384	0.0458	-0.0125
14.08	1.1461	0.0461	-0.0125
14.09	1.1461	0.0463	-0.0125
14.1	1.1558	0.047	-0.0125
14.11	1.1656	0.0473	-0.0125
14.12	1.1928	0.0477	-0.0125
14.13	1.2201	0.0474	-0.0125
14.14	1.2318	0.0483	-0.0125
14.15	1.2356	0.0491	-0.0125
14.16	1.2512	0.0499	-0.0126
14.17	1.2746	0.0497	-0.0126
14.18	1.2862	0.051	-0.0126
14.19	1.3018	0.051	-0.0126
14.2	1.3135	0.0513	-0.0126
14.21	1.3407	0.0517	-0.0126
14.22	1.4614	0.0519	-0.0126
14.23	1.4614	0.0521	-0.0126
14.24	1.512	0.0523	-0.0126
14.25	1.5781	0.0528	-0.0126
14.26	1.5937	0.0533	-0.0126
14.27	1.6443	0.0534	-0.0126
14.28	1.6754	0.0536	-0.0126
14.29	1.691	0.0561	-0.0126
14.3	1.7221	0.0572	-0.0126
14.31	1.7299	0.0577	-0.0126
14.32	1.7338	0.0574	-0.0126
14.33	1.7338	0.0571	-0.0126
14.34	1.761	0.0568	-0.0126
14.35	1.7766	0.0569	-0.0126
14.36	1.7727	0.0569	-0.0126
14.37	1.7455	0.057	-0.0126
14.38	1.7484	0.0577	-0.0126
14.39	1.7513	0.0581	-0.0126
14.4	1.761	0.0579	-0.0126
14.41	1.7766	0.0577	-0.0126
14.42	1.8272	0.0569	-0.0126
14.43	1.8583	0.0554	-0.0126
14.44	1.905	0.0555	-0.0126
14.45	1.944	0.0555	-0.0126
14.46	1.9907	0.0555	-0.0126
14.47	2.0335	0.0552	-0.0126
14.48	2.0646	0.0551	-0.0126
14.49	2.0763	0.0551	-0.0126
14.5	2.0724	0.0551	-0.0126
14.51	2.0802	0.055	-0.0126
14.52	2.0802	0.055	-0.0126
14.53	2.0802	0.054	-0.0126
14.54	2.0451	0.0531	-0.0126
14.55	1.9829	0.0531	-0.0126
14.56	1.9673	0.0532	-0.0126
14.57	1.944	0.0533	-0.0126
14.58	1.9284	0.0548	-0.0126
14.59	1.9308	0.0547	-0.0126
14.6	1.9332	0.0547	-0.0126
14.61	1.9478	0.0547	-0.0126
14.62	1.9984	0.0547	-0.0126
14.63	2.0257	0.0542	-0.0126
14.64	2.0296	0.0545	-0.0126
14.65	2.0374	0.0508	-0.0126
14.66	2.0208	0.0508	-0.0126
14.67	2.0042	0.0509	-0.0125
14.68	2.0062	0.0513	-0.0125
14.69	2.0023	0.052	-0.0126
14.7	2.0062	0.053	-0.0125
14.71	1.9965	0.0534	-0.0125
14.72	2.0055	0.0536	-0.0125
14.73	2.0145	0.0538	-0.0125
14.74	2.0335	0.0562	-0.0125
14.75	2.0335	0.0563	-0.0125
14.76	2.0529	0.0563	-0.0125
14.77	2.0685	0.0562	-0.0125
14.78	2.0841	0.0559	-0.0125
14.79	2.1113	0.0539	-0.0125
14.8	2.123	0.0529	-0.0125
14.81	2.1347	0.0528	-0.0125
14.82	2.2008	0.0532	-0.0125
14.83	2.2203	0.0535	-0.0124
14.84	2.2358	0.0538	-0.0124
14.85	2.2397	0.0551	-0.0124
14.86	2.2436	0.055	-0.0124
14.87	2.2475	0.0558	-0.0124
14.88	2.232	0.056	-0.0124
14.89	2.2397	0.0562	-0.0124
14.9	2.2242	0.0564	-0.0124
14.91	2.2086	0.0566	-0.0124
14.92	2.2071	0.0566	-0.0124
14.93	2.2079	0.0567	-0.0123
14.94	2.2086	0.0568	-0.0123
14.95	2.2125	0.0575	-0.0123
14.96	2.2358	0.0583	-0.0123
14.97	2.2475	0.0587	-0.0123
14.98	2.2475	0.0583	-0.0123
14.99	2.2553	0.0579	-0.0123
15	2.2514	0.0577	-0.0123
15.01	2.267	0.0575	-0.0122
15.02	2.2864	0.0573	-0.0123
15.03	2.267	0.0584	-0.0123
15.04	2.2631	0.0594	-0.0123
15.05	2.2592	0.0634	-0.0123
15.06	2.267	0.064	-0.0122
15.07	2.2281	0.0685	-0.0122
15.08	2.1969	0.0704	-0.0122
15.09	2.193	0.0704	-0.0122
15.1	2.3895	0.0703	-0.0122
15.11	2.5861	0.0701	-0.0126
15.12	3.0259	0.0698	-0.0126
15.13	2.8702	0.0693	-0.0126
15.14	2.7145	0.0678	-0.0125
15.15	2.5939	0.0673	-0.0124
15.16	2.481	0.0671	-0.0124
15.17	2.4265	0.0669	-0.0123
15.18	2.4149	0.0668	-0.0123
15.19	2.3993	0.0667	-0.0122
15.2	2.3993	0.0661	-0.0122
15.21	2.3876	0.0639	-0.0122
15.22	2.3292	0.0637	-0.0122
15.23	2.2981	0.0624	-0.0122
15.24	2.2748	0.062	-0.0122
15.25	2.2514	0.0606	-0.0121
15.26	2.2553	0.0596	-0.0121
15.27	2.2358	0.057	-0.0121
15.28	2.2203	0.0552	-0.0121
15.29	2.2184	0.0544	-0.0121
15.3	2.2203	0.0545	-0.0121
15.31	2.2222	0.0539	-0.0121
15.32	2.2281	0.0539	-0.012
15.33	2.2397	0.0539	-0.012
15.34	2.2748	0.0539	-0.012
15.35	2.3059	0.0544	-0.012
15.36	2.3409	0.0549	-0.012
15.37	2.3643	0.0561	-0.012
15.38	2.3993	0.0572	-0.012
15.39	2.5238	0.0583	-0.012
15.4	2.5861	0.0591	-0.0119
15.41	2.6562	0.0597	-0.0119
15.42	2.7262	0.0609	-0.012
15.43	2.804	0.0613	-0.0119
15.44	2.9636	0.0613	-0.0119
15.45	3.0181	0.0612	-0.0119
15.46	3.0726	0.0609	-0.0119
15.47	3.1193	0.0606	-0.0118
15.48	3.166	0.0599	-0.0118
15.49	3.236	0.0595	-0.0118
15.5	3.2711	0.0595	-0.0118
15.51	3.3061	0.0602	-0.0118
15.52	3.3294	0.0604	-0.0118
15.53	3.3528	0.0604	-0.0118
15.54	3.3684	0.0604	-0.0118
15.55	3.3645	0.06	-0.0118
15.56	3.3956	0.0596	-0.0117
15.57	3.3567	0.0571	-0.0117
15.58	3.3528	0.0558	-0.0117
15.59	3.3255	0.0542	-0.0117
15.6	3.3139	0.0529	-0.0117
15.61	3.1699	0.0521	-0.0117
15.62	3.0881	0.0518	-0.0117
15.63	3.0337	0.0514	-0.0117
15.64	2.9792	0.0515	-0.0116
15.65	2.9286	0.0511	-0.0117
15.66	2.804	0.0507	-0.0116
15.67	2.7223	0.0502	-0.0117
15.68	2.6678	0.0505	-0.0117
15.69	2.6445	0.0492	-0.0116
15.7	2.6328	0.0491	-0.0116
15.71	2.6036	0.0489	-0.0116
15.72	2.5744	0.0477	-0.0116
15.73	2.5705	0.0465	-0.0117
15.74	2.5832	0.0477	-0.0116
15.75	2.5959	0.049	-0.0117
15.76	2.6367	0.0542	-0.0116
15.77	2.7184	0.0544	-0.0117
15.78	2.8157	0.056	-0.0117
15.79	2.913	0.0558	-0.0117
15.8	3.0181	0.0582	-0.0117
15.81	3.3061	0.0631	-0.0117
15.82	3.4773	0.0658	-0.0117
15.83	3.6719	0.0691	-0.0118
15.84	3.8548	0.0724	-0.0118
15.85	4.0689	0.0775	-0.0118
15.86	4.2713	0.0858	-0.0118
15.87	4.4503	0.0924	-0.0118
15.88	4.8667	0.0979	-0.0118
15.89	5.0535	0.1063	-0.0118
15.9	5.2715	0.1129	-0.0118
15.91	5.4738	0.1104	-0.0118
15.92	5.6645	0.1356	-0.0118
15.93	6.0304	0.1418	-0.0119
15.94	6.1977	0.1462	-0.0121
15.95	6.3456	0.1489	-0.0122
15.96	6.5013	0.1518	-0.0123
15.97	6.6336	0.1547	-0.0125
15.98	6.941	0.1587	-0.0125
15.99	7.1123	0.1629	-0.0126
16	7.2835	0.1655	-0.0126
16.01	7.4548	0.1729	-0.0127
16.02	7.6182	0.1804	-0.0128
16.03	7.9802	0.1808	-0.0128
16.04	8.1553	0.1788	-0.013
16.05	8.3032	0.1767	-0.013
16.06	8.3771	0.1725	-0.0131
16.07	8.3499	0.173	-0.0131
16.08	8.1125	0.1724	-0.0132
16.09	7.914	0.1724	-0.0133
16.1	7.6455	0.1723	-0.0132
16.11	7.3497	0.1722	-0.0132
16.12	7.1629	0.1714	-0.0132
16.13	6.8593	0.1697	-0.0131
16.14	6.5596	0.1823	-0.0131
16.15	6.1549	0.1949	-0.013
16.16	5.9953	0.201	-0.013
16.17	5.8708	0.2018	-0.013
16.18	5.7696	0.1988	-0.0129
16.19	5.6334	0.1958	-0.0129
16.2	5.3804	0.1862	-0.0128
16.21	5.6324	0.1766	-0.0128
16.22	5.8844	0.172	-0.0127
16.23	6.5285	0.1698	-0.0127
16.24	6.3145	0.166	-0.0126
16.25	5.8708	0.1662	-0.0126
16.26	5.5127	0.1515	-0.0126
16.27	4.9095	0.1463	-0.0126
16.28	4.75	0.143	-0.0126
16.29	4.6176	0.1386	-0.0126
16.3	4.5242	0.1335	-0.0126
16.31	4.4075	0.1298	-0.0126
16.32	4.2479	0.1213	-0.0125
16.33	4.2051	0.1104	-0.0125
16.34	4.1428	0.1052	-0.0125
16.35	4.0961	0.103	-0.0125
16.36	4.0767	0.1003	-0.0125
16.37	4.0416	0.1009	-0.0124
16.38	4.0144	0.0958	-0.0125
16.39	3.991	0.0927	-0.0124
16.4	3.9832	0.0916	-0.0124
16.41	3.9794	0.0901	-0.0124
16.42	3.9794	0.0886	-0.0124
16.43	3.9794	0.0874	-0.0124
16.44	3.9852	0.0851	-0.0124
16.45	3.991	0.0838	-0.0123
16.46	4.0261	0.0839	-0.0123
16.47	4.0572	0.0833	-0.0123
16.48	4.0767	0.0828	-0.0123
16.49	4.1545	0.083	-0.0123
16.5	4.209	0.0823	-0.0123
16.51	4.2518	0.081	-0.0123
16.52	4.279	0.0794	-0.0123
16.53	4.318	0.0793	-0.0123
16.54	4.3335	0.0798	-0.0123
16.55	4.353	0.0802	-0.0122
16.56	4.3763	0.0811	-0.0122
16.57	4.4153	0.0821	-0.0122
16.58	4.462	0.0826	-0.0122
16.59	4.5398	0.0848	-0.0122
16.6	4.5904	0.0858	-0.0122
16.61	4.6332	0.0871	-0.0122
16.62	4.6955	0.0883	-0.0122
16.63	4.7538	0.0902	-0.0122
16.64	4.8005	0.0942	-0.0122
16.65	4.8239	0.094	-0.0122
16.66	4.8122	0.0937	-0.0122
16.67	4.8161	0.0926	-0.0122
16.68	4.8044	0.0898	-0.0122
16.69	4.7461	0.0877	-0.0122
16.7	4.6643	0.0861	-0.0122
16.71	4.5048	0.0827	-0.0122
16.72	4.4308	0.0805	-0.0122
16.73	4.3569	0.0794	-0.0122
16.74	4.2907	0.0758	-0.0122
16.75	4.2479	0.0723	-0.0122
16.76	4.2566	0.0687	-0.0122
16.77	4.2654	0.0687	-0.0122
16.78	4.2907	0.0694	-0.0121
16.79	4.388	0.07	-0.0121
16.8	4.5554	0.073	-0.0121
16.81	4.7694	0.0759	-0.0121
16.82	5.2286	0.0773	-0.0121
16.83	5.4544	0.0792	-0.0122
16.84	5.7112	0.0807	-0.0122
16.85	5.9525	0.0832	-0.0122
16.86	6.1627	0.091	-0.0122
16.87	6.5519	0.0955	-0.0122
16.88	6.6608	0.1015	-0.0122
16.89	6.7815	0.1086	-0.0122
16.9	6.8827	0.1179	-0.0122
16.91	6.9605	0.149	-0.0122
16.92	7.015	0.1626	-0.0122
16.93	7.1278	0.1802	-0.0122
16.94	7.2135	0.1961	-0.0122
16.95	7.3536	0.2114	-0.0122
16.96	7.5365	0.2438	-0.0122
16.97	7.7972	0.255	-0.0122
16.98	8.4744	0.2669	-0.0122
16.99	8.9414	0.2792	-0.0123
17	9.4396	0.2904	-0.0123
17.01	9.9728	0.2891	-0.0123
17.02	10.463	0.3102	-0.0124
17.03	11.257	0.3126	-0.0125
17.04	11.561	0.3078	-0.0127
17.05	11.79	0.3061	-0.0129
17.06	11.989	0.3045	-0.013
17.07	12.183	0.3038	-0.0132
17.08	12.475	0.3031	-0.0134
17.09	12.611	0.3007	-0.0138
17.1	12.705	0.2981	-0.0138
17.11	12.88	0.2593	-0.0141
17.12	13.047	0.27	-0.0142
17.13	13.499	0.2557	-0.0144
17.14	13.791	0.2439	-0.0147
17.15	14.086	0.2332	-0.0148
17.16	14.398	0.2207	-0.0149
17.17	14.764	0.2072	-0.0151
17.18	15.628	0.2054	-0.0151
17.19	16.176	0.2054	-0.0153
17.2	16.795	0.2054	-0.0154
17.21	17.402	0.2143	-0.0156
17.22	17.986	0.2283	-0.0157
17.23	18.515	0.2568	-0.0158
17.24	18.951	0.2561	-0.0159
17.25	18.823	0.2717	-0.0159
17.26	18.266	0.2776	-0.0162
17.27	17.289	0.2782	-0.0163
17.28	15.919	0.2789	-0.0163
17.29	14.351	0.2833	-0.0164
17.3	11.389	0.2877	-0.0166
17.31	10.237	0.2996	-0.0167
17.32	9.1321	0.3019	-0.0167
17.33	8.8324	0.3022	-0.0167
17.34	8.5328	0.3019	-0.016
17.35	8.7196	0.302	-0.016
17.36	8.4939	0.3021	-0.016
17.37	8.1825	0.2882	-0.016
17.38	7.8478	0.2742	-0.016
17.39	7.7077	0.2459	-0.016
17.4	7.5131	0.2287	-0.016
17.41	7.2602	0.2115	-0.0161
17.42	6.8048	0.2041	-0.0161
17.43	6.1899	0.1932	-0.0161
17.44	5.6957	0.1756	-0.016
17.45	5.2131	0.1739	-0.016
17.46	4.9679	0.1701	-0.0161
17.47	4.8628	0.1651	-0.0161
17.48	4.7305	0.1569	-0.0161
17.49	4.497	0.1579	-0.0161
17.5	4.4153	0.1511	-0.0161
17.51	4.3296	0.1503	-0.0161
17.52	4.3179	0.1483	-0.0161
17.53	4.3141	0.143	-0.0161
17.54	4.3569	0.1376	-0.0161
17.55	4.3997	0.1301	-0.0162
17.56	4.3997	0.1298	-0.0162
17.57	4.3491	0.1301	-0.0162
17.58	4.2946	0.1304	-0.0162
17.59	4.2654	0.1313	-0.0163
17.6	4.2362	0.1322	-0.0163
17.61	4.2323	0.1331	-0.0163
17.62	4.1856	0.1337	-0.0163
17.63	4.1701	0.1346	-0.0163
17.64	4.1973	0.1349	-0.0163
17.65	4.1117	0.1318	-0.0163
17.66	4.0144	0.1288	-0.0163
17.67	3.8976	0.1259	-0.0163
17.68	3.8509	0.1232	-0.0163
17.69	3.8004	0.1191	-0.0163
17.7	3.7459	0.1138	-0.0163
17.71	3.6836	0.1071	-0.0163
17.72	3.6564	0.1049	-0.0163
17.73	3.6291	0.1017	-0.0163
17.74	3.6135	0.1	-0.0163
17.75	3.6067	0.1002	-0.0164
17.76	3.6043	0.0965	-0.0164
17.77	3.6019	0.09	-0.0164
17.78	3.5999	0.0883	-0.0165
17.79	3.598	0.0864	-0.0165
17.8	3.598	0.0857	-0.0166
17.81	3.5746	0.0854	-0.0165
17.82	3.5318	0.0856	-0.0166
17.83	3.524	0.0857	-0.0166
17.84	3.5279	0.087	-0.0167
17.85	3.5162	0.0883	-0.0167
17.86	3.5118	0.0899	-0.0167
17.87	3.5102	0.0934	-0.0167
17.88	3.5151	0.0951	-0.0167
17.89	3.5201	0.0978	-0.0167
17.9	3.5591	0.0939	-0.0168
17.91	3.6174	0.0899	-0.0168
17.92	3.6797	0.0932	-0.0169
17.93	3.7459	0.0965	-0.0169
17.94	3.8899	0.1036	-0.0169
17.95	3.9794	0.1069	-0.017
17.96	4.0572	0.1104	-0.017
17.97	4.1856	0.1108	-0.017
17.98	4.3296	0.1111	-0.017
17.99	4.7655	0.1351	-0.0171
18	4.9368	0.1446	-0.0171
18.01	5.0769	0.1529	-0.0171
18.02	5.2909	0.1577	-0.0171
18.03	5.5011	0.1686	-0.0171
18.04	5.7034	0.1764	-0.0172
18.05	5.8319	0.1822	-0.0172
18.06	5.9292	0.1917	-0.0173
18.07	5.9603	0.1964	-0.0172
18.08	6.0031	0.2012	-0.0173
18.09	6.0498	0.2131	-0.0173
18.1	6.042	0.2162	-0.0173
18.11	6.0469	0.2196	-0.0173
18.12	6.0518	0.2248	-0.0173
18.13	6.0965	0.2309	-0.0173
18.14	6.186	0.2474	-0.0173
18.15	6.2211	0.2542	-0.0174
18.16	6.3145	0.2599	-0.0174
18.17	6.439	0.2618	-0.0174
18.18	6.5324	0.2629	-0.0174
18.19	6.618	0.2662	-0.0175
18.2	6.6375	0.2659	-0.0174
18.21	6.4234	0.2657	-0.0175
18.22	6.2872	0.2603	-0.0175
18.23	6.2016	0.2553	-0.0175
18.24	6.0809	0.2539	-0.0175
18.25	5.9603	0.2487	-0.0175
18.26	5.7268	0.2324	-0.0175
18.27	5.6412	0.2225	-0.0175
18.28	5.5478	0.2139	-0.0175
18.29	5.431	0.2056	-0.0175
18.3	5.3649	0.1955	-0.0175
18.31	5.2792	0.1827	-0.0175
18.32	5.2695	0.2046	-0.0175
18.33	5.2646	0.2265	-0.0175
18.34	5.2661	0.2307	-0.0175
18.35	5.2676	0.2349	-0.0175
18.36	5.2753	0.2357	-0.0175
18.37	5.361	0.2364	-0.0175
18.38	5.4116	0.2366	-0.0176
18.39	5.4271	0.2363	-0.0176
18.4	5.4349	0.236	-0.0176
18.41	6.762	0.2333	-0.018
18.42	7.5015	0.2303	-0.0181
18.43	7.0228	0.227	-0.0183
18.44	6.6842	0.2229	-0.0183
18.45	6.1821	0.2092	-0.0183
18.46	5.8085	0.2055	-0.0184
18.47	5.1469	0.1983	-0.0183
18.48	4.82	0.1953	-0.0183
18.49	4.5904	0.1895	-0.0183
18.5	4.3802	0.1767	-0.0182
18.51	4.4731	0.1657	-0.0182
18.52	4.5661	0.1521	-0.0182
18.53	4.7655	0.145	-0.0181
18.54	5.3337	0.1378	-0.0182
18.55	5.9603	0.134	-0.0182
18.56	6.5752	0.1349	-0.0182
18.57	7.1006	0.1358	-0.0182
18.58	6.8437	0.1383	-0.0183
18.59	6.4974	0.1407	-0.0184
18.6	6.0887	0.141	-0.0186
18.61	5.5283	0.1393	-0.0187
18.62	4.5982	0.1376	-0.0187
18.63	4.5982	0.1375	-0.0187
18.64	4.0883	0.136	-0.0187
18.65	3.7614	0.1314	-0.0186
18.66	3.4968	0.1281	-0.0186
18.67	3.3255	0.1157	-0.0186
18.68	3.2127	0.1056	-0.0185
18.69	2.9325	0.0977	-0.0185
18.7	2.8157	0.0907	-0.0185
18.71	2.7612	0.0859	-0.0185
18.72	2.7068	0.0813	-0.0185
18.73	2.6523	0.08	-0.0184
18.74	2.5083	0.0787	-0.0184
18.75	2.5102	0.0765	-0.0184
18.76	2.5122	0.0744	-0.0184
18.77	2.5199	0.0727	-0.0184
18.78	2.5589	0.071	-0.0184
18.79	2.6056	0.0701	-0.0184
18.8	2.7301	0.0697	-0.0184
18.81	2.7963	0.0698	-0.0184
18.82	2.878	0.0698	-0.0184
18.83	2.9675	0.0707	-0.0184
18.84	3.0648	0.0716	-0.0184
18.85	3.2711	0.0746	-0.0184
18.86	3.3684	0.0767	-0.0184
18.87	3.4462	0.0792	-0.0184
18.88	3.5124	0.0825	-0.0184
18.89	3.5824	0.0846	-0.0184
18.9	3.7225	0.0898	-0.0185
18.91	3.7225	0.0932	-0.0184
18.92	3.8081	0.0963	-0.0184
18.93	3.8315	0.1	-0.0184
18.94	3.8315	0.1043	-0.0185
18.95	3.8004	0.1071	-0.0184
18.96	3.7575	0.1098	-0.0185
18.97	3.6953	0.1095	-0.0184
18.98	3.6291	0.1092	-0.0184
18.99	3.5785	0.1086	-0.0184
19	3.5085	0.1085	-0.0184
19.01	3.4618	0.1048	-0.0184
19.02	3.3917	0.1007	-0.0184
19.03	3.3645	0.097	-0.0184
19.04	3.3528	0.0943	-0.0184
19.05	3.3255	0.0901	-0.0184
19.06	3.3022	0.0853	-0.0184
19.07	3.2321	0.0818	-0.0184
19.08	3.2321	0.0809	-0.0184
19.09	3.2127	0.0805	-0.0184
19.1	3.201	0.0796	-0.0184
19.11	3.2	0.0783	-0.0184
19.12	3.2044	0.0777	-0.0184
19.13	3.2088	0.0771	-0.0184
19.14	3.236	0.0771	-0.0184
19.15	3.2788	0.077	-0.0184
19.16	3.3372	0.0764	-0.0184
19.17	3.3917	0.0764	-0.0184
19.18	3.4851	0.076	-0.0184
19.19	3.5201	0.0755	-0.0184
19.2	3.5396	0.0757	-0.0184
19.21	3.5591	0.0759	-0.0184
19.22	3.5785	0.0764	-0.0184
19.23	3.6174	0.0775	-0.0184
19.24	3.6992	0.0775	-0.0184
19.25	3.7459	0.0784	-0.0184
19.26	3.777	0.0927	-0.0184
19.27	3.8081	0.107	-0.0184
19.28	3.8315	0.1103	-0.0184
19.29	3.7848	0.1117	-0.0184
19.3	3.7303	0.1113	-0.0184
19.31	3.6719	0.1108	-0.0184
19.32	3.8947	0.1088	-0.0184
19.33	4.1175	0.1075	-0.0187
19.34	4.6137	0.1087	-0.0188
19.35	4.5437	0.1023	-0.0187
19.36	4.2985	0.0984	-0.0187
19.37	4.0845	0.0965	-0.0186
19.38	3.921	0.095	-0.0185
19.39	3.7926	0.0932	-0.0185
19.4	3.7186	0.0895	-0.0185
19.41	3.6564	0.0886	-0.0185
19.42	3.6554	0.0876	-0.0184
19.43	3.6598	0.0854	-0.0184
19.44	3.6641	0.0846	-0.0184
19.45	3.6875	0.0825	-0.0184
19.46	3.6992	0.0817	-0.0184
19.47	3.7147	0.0804	-0.0184
19.48	3.742	0.0794	-0.0184
19.49	3.7653	0.0784	-0.0184
19.5	3.7614	0.0778	-0.0184
19.51	3.7848	0.0772	-0.0184
19.52	3.8081	0.0772	-0.0184
19.53	3.8315	0.0772	-0.0184
19.54	3.8354	0.0775	-0.0183
19.55	3.8393	0.0778	-0.0184
19.56	3.8587	0.0779	-0.0184
19.57	3.8743	0.0778	-0.0184
19.58	3.8509	0.0776	-0.0184
19.59	3.8198	0.0778	-0.0184
19.6	3.7614	0.0779	-0.0183
19.61	3.7264	0.0784	-0.0183
19.62	3.7108	0.0784	-0.0183
19.63	3.6797	0.0784	-0.0183
19.64	3.6525	0.0785	-0.0183
19.65	3.6252	0.0783	-0.0183
19.66	3.5785	0.0781	-0.0184
19.67	3.5201	0.0773	-0.0183
19.68	3.4734	0.0764	-0.0183
19.69	3.4773	0.0761	-0.0183
19.7	3.4501	0.0761	-0.0183
19.71	3.4228	0.0761	-0.0183
19.72	3.4073	0.0764	-0.0183
19.73	3.3956	0.0764	-0.0183
19.74	3.3917	0.0764	-0.0183
19.75	3.3917	0.0764	-0.0183
19.76	3.3878	0.0763	-0.0183
19.77	3.3839	0.0756	-0.0182
19.78	3.3839	0.0733	-0.0182
19.79	3.3606	0.0724	-0.0182
19.8	3.3022	0.0723	-0.0182
19.81	3.2711	0.0723	-0.0182
19.82	3.2594	0.0725	-0.0182
19.83	3.2438	0.0726	-0.0182
19.84	3.2205	0.0732	-0.0182
19.85	3.1777	0.0733	-0.0181
19.86	3.1543	0.0736	-0.0181
19.87	3.1232	0.0735	-0.0181
19.88	3.1037	0.0735	-0.0182
19.89	3.092	0.0724	-0.0182
19.9	3.0804	0.0713	-0.0182
19.91	3.0531	0.0688	-0.0182
19.92	3.0337	0.0682	-0.0181
19.93	3.0064	0.0665	-0.0181

