0.00	0	0	0
0.01	0.24	0	0.1134
0.02	0.56	0	0.33336
0.03	1.21	0	0.12065
0.04	1.42	0	0.0668
0.05	1.95	0.002	0.02087
0.06	2.32	0.006	0.01025
0.07	2.55	0.007	0.00791
0.08	2.76	0.007	0.00987
0.09	3	0.0087	0.01271
0.10	3.27	0.0103	0.01019
0.11	3.52	0.012	0.01049
0.12	3.83	0.022	0.06558
0.13	4.34	0.035	0.12871
0.14	5	0.05	0.00337
0.15	4.9	0.053	0.01224
0.16	3.84	0.071	0.01793
0.17	3.7033	0.089	-0.00291
0.18	3.5667	0.107	-0.00302
0.19	3.43	0.097	-0.00223
0.20	3.47	0.09	-0.00057
0.21	3.4533	0.066	0.81852
0.22	3.4367	0.048	0.38534
0.23	3.42	0.036	0.29091
0.24	3.41	0.019	0.16158
0.25	3.4	0.016	0.12752
0.26	3.32	0.015	0.10295
0.27	3.25	0.0143	0.08017
0.28	3.2	0.0137	0.06819
0.29	3.14	0.013	0.05852
0.30	3.09	0.007	0.05187
0.31	3.12	0.004	0.04906
0.32	3.15	0.004	0.04639
0.33	3.21	0.004	0.04538
0.34	3.29	0.004	0.04551
0.35	3.37	0.004	0.04591
0.36	3.43	0.004	0.04427
0.37	3.48	0.002	0.0433
0.38	3.51	0.002	0.04122
0.39	3.56	0.003	0.04023
0.40	3.63	0.004	0.04019
0.41	3.82	0.005	0.04455
0.42	3.96	0.005	0.04784
0.43	4.1	0.005	0.05034
0.44	4.22	0.006	0.05128
0.45	4.35	0.009	0.05224
0.46	4.42	0.009	0.05081
0.47	4.49	0.009	0.04742
0.48	4.52	0.009	0.0443
0.49	4.52	0.012	0.04225
0.50	4.53	0.015	0.03925
0.51	4.53	0.017	0.03729
0.52	4.54	0.02	0.03586
0.53	4.56	0.022	0.03465
0.54	4.6	0.024	0.03306
0.55	4.6	0.03	0.03134
0.56	4.68	0.034	0.03118
0.57	4.69	0.037	0.02933
0.58	4.7	0.042	0.02712
0.59	4.68	0.044	0.02387
0.60	4.6	0.047	0.02113
0.61	4.51	0.054	0.01772
0.62	4.36	0.061	0.013
0.63	4.22	0.06	0.00875
0.64	4.1	0.063	0.00611
0.65	4	0.066	0.00552
0.66	3.94	0.072	0.0036
0.67	3.92	0.078	0.00159
0.68	3.88	0.083	0.00163
0.69	3.85	0.087	0.00068
0.70	3.87	0.092	-0.00011
0.71	3.86	0.096	-0.00155
0.72	3.82	0.098	-0.0013
0.73	3.72	0.1	-0.00049
0.74	3.72	0.105	0.0018
0.75	3.8	0.108	0.00233
0.76	3.84	0.11	0.00199
0.77	3.83	0.115	0.0004
0.78	3.84	0.117	-0.00082
0.79	3.83	0.117	-0.00273
0.80	3.71	0.12	-0.00535
0.81	3.59	0.121	-0.00859
0.82	3.5	0.122	-0.0103
0.83	3.4	0.122	-0.01148
0.84	3.3	0.122	-0.01155
0.85	3.21	0.121	-0.01064
0.86	3.15	0.12	-0.01036
0.87	3.14	0.119	-0.01004
0.88	3.07	0.119	-0.01091
0.89	3.07	0.116	-0.01088
0.90	2.99	0.11	-0.01087
0.91	2.97	0.105	-0.01017
0.92	2.87	0.095	-0.01098
0.93	2.83	0.09	-0.01046
0.94	2.81	0.088	-0.00885
0.95	2.78	0.083	-0.00681
0.96	2.75	0.076	-0.00542
0.97	2.67	0.071	-0.00553
0.98	2.66	0.068	-0.00576
0.99	2.7	0.0677	-0.004
1.00	2.65	0.0673	-0.00288
1.01	2.6	0.067	-0.00343
1.02	2.54	0.067	-0.00383
1.03	2.47	0.067	-0.00431
1.04	2.43	0.065	-0.00455
1.05	2.41	0.065	-0.00399
1.06	2.39	0.06	-0.00301
1.07	2.38	0.058	-0.00296
1.08	2.34	0.057	-0.00275
1.09	2.31	0.057	-0.00201
1.10	2.29	0.056	0.00177
1.11	2.26	0.055	0.00426
1.12	4.28	0.061	0.06074
1.13	5.27	0.065	0.02274
1.14	4.03	0.083	0.10824
1.15	3.03	0.087	0.07371
1.16	2.98	0.091	0.07012
1.17	2.93	0.095	0.06669
1.18	2.88	0.097	0.12876
1.19	3.05	0.105	0.55976
1.20	3.0967	0.0967	0.36333
1.21	3.1433	0.0883	0.16421
1.22	3.19	0.08	0.08428
1.23	2.92	0.0763	0.04656
1.24	2.24	0.0727	0.04365
1.25	2.03	0.0725	0.04222
1.26	1.86	0.0722	0.04181
1.27	1.78	0.072	0.04463
1.28	1.72	0.069	0.04784
1.29	1.68	0.068	0.05482
1.30	1.65	0.053	0.05749
1.31	1.64	0.046	0.0586
1.32	1.65	0.043	0.05917
1.33	1.69	0.043	0.06229
1.34	1.66	0.041	0.06164
1.35	1.66	0.041	0.06255
1.36	1.66	0.042	0.06282
1.37	1.64	0.043	0.06668
1.38	1.66	0.041	0.06885
1.39	1.65	0.038	0.06928
1.40	1.67	0.031	0.07262
1.41	1.68	0.027	0.07332
1.42	1.68	0.025	0.07362
1.43	1.67	0.022	0.07414
1.44	1.71	0.0213	0.07527
1.45	1.91	0.0207	0.07814
1.46	2.74	0.02	0.10844
1.47	3.85	0.015	0.14642
1.48	4.16	0.0143	0.1357
1.49	4.24	0.0137	0.1311
1.50	3.96	0.0191	0.11112
1.51	3.61	0.0246	0.0851
1.52	2.22	0.03	0.05253
1.53	2.1133	0.067	0.15978
1.54	2.0067	0.073	0.17667
1.55	2.0311	0.075	0.17747
1.56	2.0556	0.077	0.18101
1.57	2.08	0.078	0.18898
1.58	2.14	0.08	0.18758
1.59	2.12	0.081	0.18734
1.60	2.18	0.088	0.19293
1.61	2.3	0.092	0.20113
1.62	2.5	0.092	0.20911
1.63	3.08	0.092	0.23844
1.64	3.66	0.09	0.2864
1.65	5.13	0.094	0.3348
1.66	5.22	0.103	0.19298
1.67	7.23	0.112	0.16453
1.68	9.07	0.121	0.13803
1.69	9.54	0.255	0.08743
1.70	11.87	0.327	0.11312
1.71	14.16	0.367	0.15803
1.72	17.17	0.358	0.26202
1.73	19.01	0.345	0.33313
1.74	19.29	0.332	0.20872
1.75	17.04	0.322	0.09906
1.76	15.85	0.312	0.09952
1.77	14.19	0.302	0.15602
1.78	12.87	0.346	0.15611
1.79	11.14	0.404	0.16659
1.80	9.62	0.395	0.17823
1.81	8.22	0.388	0.2325
1.82	8.04	0.376	0.21656
1.83	7.88	0.419	0.20349
1.84	7.96	0.408	0.19821
1.85	8.24	0.395	0.19506
1.86	8.57	0.377	0.19053
1.87	8.83	0.345	0.1862
1.88	8.98	0.343	0.1815
1.89	9.16	0.333	0.17676
1.90	9.45	0.308	0.17327
1.91	9.75	0.304	0.16859
1.92	10.05	0.294	0.16315
1.93	10.15	0.259	0.15808
1.94	10.11	0.211	0.15846
1.95	10.55	0.195	0.15982
1.96	10.92	0.167	0.15949
1.97	10.99	0.164	0.15365
1.98	11.25	0.155	0.15129
1.99	11.44	0.152	0.15027
2.00	11.78	0.154	0.15017
2.01	12.1	0.145	0.14944
2.02	12.45	0.139	0.14922
2.03	12.79	0.132	0.14899
2.04	13.09	0.126	0.14914
2.05	13.28	0.123	0.14763
2.06	13.52	0.12	0.14686
2.07	13.66	0.117	0.14557
2.08	13.84	0.116	0.14434
2.09	13.98	0.115	0.14291
2.10	14.07	0.111	0.14111
2.11	14.05	0.112	0.13881
2.12	14.05	0.115	0.13676
2.13	14.04	0.116	0.13502
2.14	13.97	0.117	0.13213
2.15	13.92	0.115	0.13051
2.16	13.9	0.115	0.12995
2.17	13.86	0.114	0.12884
2.18	13.83	0.119	0.1267
2.19	13.83	0.122	0.12519
2.20	13.83	0.127	0.12364
2.21	13.9133	0.16	0.19309
2.22	13.9967	0.169	0.19228
2.23	14.08	0.173	0.18923
2.24	14.26	0.173	0.18599
2.25	14.46	0.167	0.18407
2.26	14.56	0.167	0.18163
2.27	14.67	0.167	0.17892
2.28	14.72	0.163	0.17632
2.29	14.72	0.166	0.17256
2.30	14.7	0.174	0.1699
2.31	14.73	0.18	0.16782
2.32	14.76	0.183	0.16594
2.33	14.86	0.19	0.1644
2.34	15	0.194	0.16269
2.35	15.16	0.197	0.16139
2.36	15.23	0.199	0.15952
2.37	15.25	0.206	0.15781
2.38	15.4	0.215	0.15696
2.39	15.6	0.224	0.15611
2.40	15.77	0.23	0.15511
2.41	15.95	0.243	0.15491
2.42	16.18	0.254	0.15317
2.43	16.29	0.256	0.15274
2.44	16.43	0.266	0.152
2.45	16.66	0.27	0.15064
2.46	16.74	0.271	0.15005
2.47	16.93	0.271	0.14915
2.48	17.2	0.263	0.14832
2.49	17.41	0.264	0.14759
2.50	17.58	0.263	0.14713
2.51	17.73	0.254	0.14656
2.52	17.94	0.248	0.14571
2.53	18.03	0.242	0.14482
2.54	18.15	0.242	0.14418
2.55	18.23	0.242	0.14348
2.56	18.31	0.243	0.14273
2.57	18.37	0.245	0.14163
2.58	18.46	0.246	0.14083
2.59	18.53	0.247	0.14002
2.60	18.57	0.248	0.13927
2.61	18.57	0.251	0.1385
2.62	18.62	0.25	0.13776
2.63	18.62	0.253	0.13734
2.64	18.69	0.255	0.13683
2.65	18.73	0.259	0.13619
2.66	18.8	0.258	0.13567
2.67	18.89	0.259	0.13528
2.68	18.88	0.263	0.13456
2.69	18.84	0.267	0.13355
2.70	18.79	0.267	0.13268
2.71	18.74	0.268	0.13228
2.72	18.69	0.269	0.13168
2.73	18.63	0.271	0.13086
2.74	18.58	0.275	0.13034
2.75	18.51	0.278	0.12997
2.76	18.37	0.282	0.13034
2.77	18.19	0.286	0.15111
2.78	18.05	0.289	0.15826
2.79	17.9	0.289	0.15864
2.80	17.77	0.29	0.15863
2.81	17.62	0.296	0.15742
2.82	17.44	0.297	0.15723
2.83	17.34	0.296	0.15829
2.84	17.18	0.296	0.15822
2.85	17.04	0.295	0.15815
2.86	16.93	0.293	0.15782
2.87	16.91	0.292	0.15667
2.88	16.84	0.292	0.15766
2.89	16.76	0.29	0.15777
2.90	16.69	0.287	0.1577
2.91	16.63	0.286	0.15719
2.92	16.54	0.282	0.15628
2.93	16.53	0.281	0.15732
2.94	16.54	0.281	0.15664
2.95	16.56	0.279	0.15552
2.96	16.58	0.278	0.15687
2.97	16.61	0.276	0.15711
2.98	16.64	0.274	0.15667
2.99	16.69	0.274	0.15593
3.00	16.72	0.271	0.1552
3.01	16.76	0.272	0.15666
3.02	16.78	0.271	0.15659
3.03	16.75	0.27	0.15544
3.04	16.74	0.269	0.15605
3.05	16.74	0.267	0.15595
3.06	16.8	0.263	0.15508
3.07	16.78	0.263	0.15395
3.08	16.81	0.264	0.15291
3.09	16.82	0.263	0.1519
3.10	16.71	0.262	0.1527
3.11	16.67	0.258	0.15564
3.12	16.68	0.256	0.15526
3.13	16.65	0.255	0.15512
3.14	16.55	0.252	0.15491
3.15	16.44	0.252	0.15399
3.16	16.37	0.249	0.15296
3.17	16.23	0.249	0.15113
3.18	16.23	0.246	0.15372
3.19	16.11	0.245	0.15357
3.20	15.9933	0.247	0.13517
3.21	15.8767	0.249	0.14406
3.22	15.76	0.251	0.14321
3.23	15.9	0.244	0.14267
3.24	16.07	0.236	0.1424
3.25	16.09	0.23	0.14145
3.26	15.76	0.226	0.13917
3.27	15.6	0.234	0.13761
3.28	15.51	0.232	0.13659
3.29	15.4	0.227	0.13548
3.30	15.34	0.225	0.13448
3.31	15.24	0.221	0.13342
3.32	15.14	0.22	0.13239
3.33	15.08	0.217	0.13134
3.34	14.98	0.213	0.13031
3.35	14.86	0.215	0.12912
3.36	14.82	0.215	0.12821
3.37	14.78	0.219	0.12732
3.38	14.81	0.221	0.12647
3.39	14.82	0.226	0.12573
3.40	14.8	0.23	0.12495
3.41	14.79	0.229	0.12422
3.42	14.78	0.228	0.12361
3.43	14.82	0.228	0.1231
3.44	14.86	0.228	0.12243
3.45	14.87	0.227	0.12181
3.46	14.88	0.225	0.12123
3.47	14.87	0.225	0.12063
3.48	14.87	0.224	0.12003
3.49	14.92	0.223	0.11954
3.50	14.92	0.222	0.1238
3.51	14.92	0.224	0.13392
3.52	14.93	0.223	0.13397
3.53	14.94	0.224	0.13384
3.54	15	0.223	0.13367
3.55	15.02	0.225	0.13292
3.56	15.06	0.225	0.13325
3.57	15.14	0.225	0.13336
3.58	15.24	0.226	0.13332
3.59	15.24	0.227	0.13313
3.60	15.29	0.228	0.13311
3.61	15.33	0.229	0.13304
3.62	15.42	0.23	0.13201
3.63	15.41	0.232	0.13122
3.64	15.39	0.234	0.13052
3.65	15.3	0.234	0.12957
3.66	15.14	0.235	0.12933
3.67	15.03	0.235	0.13186
3.68	14.92	0.234	0.13191
3.69	14.94	0.232	0.13166
3.70	14.93	0.229	0.13116
3.71	15	0.23	0.1304
3.72	15.02	0.229	0.13031
3.73	15.05	0.225	0.12796
3.74	15.16	0.219	0.12602
3.75	15.22	0.22	0.12602
3.76	15.34	0.216	0.12311
3.77	15.45	0.218	0.12272
3.78	15.63	0.217	0.12322
3.79	15.85	0.213	0.12295
3.80	16.11	0.207	0.12278
3.81	16.2	0.204	0.12219
3.82	16.22	0.202	0.12177
3.83	16.3	0.196	0.12103
3.84	16.41	0.193	0.12068
3.85	16.44	0.195	0.12151
3.86	16.35	0.201	0.1204
3.87	16.34	0.218	0.12039
3.88	16.55	0.219	0.12129
3.89	16.97	0.218	0.12307
3.90	17.94	0.211	0.12359
3.91	19.15	0.207	0.12416
3.92	20.83	0.206	0.12598
3.93	23.21	0.202	0.12854
3.94	26.51	0.24	0.12462
3.95	27.03	0.207	0.1202
3.96	27.81	0.166	0.12159
3.97	28.9	0.1593	0.12507
3.98	30.3	0.1527	0.13176
3.99	29.95	0.146	0.13869
4.00	29.4967	0.216	0.13103
4.01	29.0433	0.251	0.1289
4.02	28.59	0.2697	0.12863
4.03	26.94	0.2883	0.12498
4.04	24	0.307	0.12117
4.05	22.65	0.298	0.12033
4.06	22.34	0.315	0.12197
4.07	21.58	0.332	0.12274
4.08	20.4	0.349	0.12745
4.09	20.08	0.366	0.12772
4.10	19.69	0.352	0.12792
4.11	18.65	0.342	0.12703
4.12	17.74	0.345	0.1265
4.13	16.89	0.371	0.12657
4.14	16.32	0.351	0.12535
4.15	15.51	0.307	0.12363
4.16	14.78	0.281	0.12652
4.17	14.57	0.256	0.12497
4.18	14.35	0.195	0.12614
4.19	14.13	0.182	0.12592
4.20	13.87	0.17	0.11437
4.21	13.61	0.158	0.11412
4.22	13.35	0.1597	0.11305
4.23	13.19	0.1613	0.1124
4.24	12.97	0.163	0.11213
4.25	12.75	0.166	0.112
4.26	12.56	0.161	0.11123
4.27	12.41	0.165	0.11046
4.28	12.3	0.17	0.10968
4.29	12.2	0.172	0.10901
4.30	12.11	0.174	0.10831
4.31	11.98	0.181	0.10754
4.32	11.96	0.187	0.10695
4.33	11.87	0.19	0.10632
4.34	11.76	0.197	0.10897
4.35	11.72	0.207	0.10943
4.36	11.64	0.215	0.10882
4.37	11.56	0.224	0.10819
4.38	11.54	0.228	0.10876
4.39	11.49	0.232	0.10851
4.40	11.4	0.237	0.10785
4.41	11.28	0.242	0.10714
4.42	11.21	0.243	0.10652
4.43	11.1	0.245	0.10574
4.44	10.95	0.245	0.10504
4.45	10.73	0.244	0.10419
4.46	10.56	0.238	0.10347
4.47	10.4	0.233	0.10288
4.48	10.28	0.233	0.10589
4.49	10.22	0.229	0.10614
4.50	10.22	0.225	0.10597
4.51	10.27	0.218	0.10569
4.52	10.32	0.213	0.10552
4.53	10.4	0.212	0.10514
4.54	10.51	0.211	0.10477
4.55	10.64	0.207	0.10438
4.56	10.77	0.202	0.10402
4.57	10.89	0.199	0.1036
4.58	10.97	0.198	0.10319
4.59	11	0.195	0.10275
4.60	11.02	0.194	0.1024
4.61	11.09	0.193	0.10305
4.62	11.1	0.194	0.10375
4.63	11.16	0.195	0.10376
4.64	11.07	0.198	0.10341
4.65	11.02	0.201	0.10317
4.66	10.97	0.203	0.10296
4.67	10.89	0.205	0.10272
4.68	10.83	0.207	0.10235
4.69	10.81	0.209	0.10182
4.70	10.78	0.21	0.10127
4.71	10.76	0.211	0.10098
4.72	10.7	0.213	0.10017
4.73	10.58	0.214	0.09955
4.74	10.45	0.215	0.09886
4.75	10.27	0.215	0.09812
4.76	10.1	0.216	0.09734
4.77	9.95	0.218	0.09652
4.78	9.74	0.223	0.0993
4.79	9.6	0.227	0.09885
4.80	9.5	0.232	0.09752
4.81	9.43	0.236	0.09819
4.82	9.34	0.241	0.09789
4.83	9.29	0.245	0.09743
4.84	9.26	0.248	0.0973
4.85	9.22	0.252	0.09693
4.86	9.18	0.257	0.09646
4.87	9.13	0.265	0.09569
4.88	9.09	0.269	0.09519
4.89	9.07	0.271	0.09469
4.90	9.03	0.272	0.09332
4.91	9.01	0.273	0.09178
4.92	8.99	0.273	0.09057
4.93	8.99	0.273	0.08917
4.94	9.03	0.273	0.08853
4.95	9.09	0.274	0.08739
4.96	9.16	0.274	0.08663
4.97	9.27	0.275	0.08651
4.98	9.44	0.278	0.08673
4.99	9.64	0.283	0.08732
5.00	9.85	0.287	0.08591
5.01	10.24	0.292	0.0833
5.02	10.5	0.295	0.07986
5.03	10.76	0.297	0.07539
5.04	11	0.298	0.06759
5.05	11.24	0.299	0.06194
5.06	11.43	0.299	0.05662
5.07	11.62	0.3	0.05572
5.08	11.73	0.301	0.05051
5.09	11.8	0.3	0.04762
5.10	11.86	0.303	0.04549
5.11	11.9	0.303	0.04384
5.12	11.93	0.304	0.04139
5.13	11.93	0.304	0.04258
5.14	11.88	0.303	0.04264
5.15	11.76	0.307	0.04075
5.16	11.68	0.31	0.0388
5.17	11.56	0.315	0.03785
5.18	11.43	0.321	0.03922
5.19	11.27	0.328	0.03885
5.20	11.11	0.336	0.03877
5.21	10.63	0.342	0.03775
5.22	10.75	0.343	0.03718
5.23	10.6	0.345	0.03687
5.24	10.45	0.348	0.03663
5.25	10.33	0.353	0.03635
5.26	10.26	0.36	0.03612
5.27	10.19	0.368	0.03587
5.28	10.1	0.375	0.03555
5.29	9.98	0.383	0.03518
5.30	9.88	0.392	0.0348
5.31	9.78	0.398	0.03443
5.32	9.64	0.404	0.03404
5.33	9.48	0.41	0.03359
5.34	9.3	0.416	0.03069
5.35	9.04	0.419	0.02741
5.36	8.87	0.422	0.02684
5.37	8.73	0.423	0.02588
5.38	8.58	0.422	0.02413
5.39	8.42	0.422	0.02331
5.40	8.25	0.421	0.02225
5.41	8.08	0.419	0.0214
5.42	7.93	0.416	0.02099
5.43	7.75	0.412	0.02072
5.44	7.61	0.41	0.02021
5.45	7.49	0.406	0.01861
5.46	7.39	0.399	0.01789
5.47	7.29	0.392	0.01693
5.48	7.21	0.387	0.0168
5.49	7.15	0.381	0.01602
5.50	7.1	0.371	0.0131
5.51	7.09	0.366	0.01217
5.52	7.07	0.361	0.00902
5.53	7.07	0.359	0.00828
5.54	7.05	0.357	0.00748
5.55	7.09	0.354	0.00743
5.56	7.12	0.35	0.00742
5.57	7.18	0.348	0.00733
5.58	7.24	0.346	0.00522
5.59	7.34	0.339	0.00163
5.60	7.44	0.331	-0.00721
5.61	7.49	0.326	-0.01231
5.62	7.55	0.318	-0.01505
5.63	7.58	0.313	-0.02015
5.64	7.64	0.307	-0.02189
5.65	7.66	0.3	-0.02322
5.66	7.72	0.292	-0.02344
5.67	7.74	0.285	-0.02446
5.68	7.79	0.281	-0.02444
5.69	7.81	0.275	-0.02735
5.70	7.82	0.269	-0.02866
5.71	7.82	0.265	-0.02945
5.72	7.84	0.261	-0.03012
5.73	7.86	0.26	-0.03021
5.74	7.85	0.259	-0.03008
5.75	7.87	0.257	-0.02981
5.76	7.89	0.257	-0.02959
5.77	7.94	0.256	-0.02952
5.78	8.02	0.255	-0.02977
5.79	8.09	0.255	-0.0297
5.80	8.14	0.255	-0.02962
5.81	8.19	0.257	-0.02954
5.82	8.3	0.258	-0.02916
5.83	8.4	0.258	-0.02879
5.84	8.5	0.26	-0.02838
5.85	8.59	0.261	-0.02824
5.86	8.65	0.26	-0.02817
5.87	8.69	0.262	-0.02812
5.88	8.72	0.267	-0.02802
5.89	8.74	0.268	-0.02799
5.90	8.84	0.267	-0.02778
5.91	8.85	0.268	-0.02776
5.92	8.88	0.265	-0.02771
5.93	8.91	0.262	-0.02764
5.94	8.82	0.259	-0.02762
5.95	8.75	0.256	-0.02755
5.96	8.67	0.253	-0.02748
5.97	8.63	0.255	-0.02739
5.98	8.58	0.251	-0.02731
5.99	8.57	0.249	-0.02724
6.00	8.57	0.245	-0.02719
6.01	8.44	0.243	-0.02718
6.02	8.4	0.244	-0.02719
6.03	8.14	0.247	-0.02713
6.04	7.94	0.25	-0.0271
6.05	7.78	0.255	-0.02706
6.06	7.63	0.263	-0.02704
6.07	7.51	0.272	-0.02703
6.08	7.4	0.283	-0.02695
6.09	7.32	0.293	-0.02691
6.10	7.23	0.302	-0.02689
6.11	7.18	0.311	-0.02686
6.12	7.16	0.319	-0.01135
6.13	7.18	0.325	0.01192
6.14	7.25	0.331	0.01336
6.15	7.28	0.335	0.01315
6.16	7.3	0.337	0.013
6.17	7.35	0.339	0.01285
6.18	7.42	0.339	0.01272
6.19	7.51	0.34	0.01263
6.20	7.14	0.335	0.01536
6.21	8.56	0.33	0.01527
6.22	8.76	0.325	0.01491
6.23	8.82	0.321	0.01444
6.24	8.84	0.321	0.01433
6.25	8.95	0.326	0.01418
6.26	9.06	0.331	0.01409
6.27	9.13	0.334	0.01406
6.28	9.41	0.343	0.01409
6.29	9.65	0.349	0.01416
6.30	9.9	0.355	0.0142
6.31	10.17	0.36	0.01427
6.32	10.5	0.366	0.0144
6.33	10.85	0.371	0.01456
6.34	11.19	0.377	0.01472
6.35	11.52	0.381	0.0149
6.36	11.81	0.383	0.01386
6.37	12.25	0.387	0.01407
6.38	12.58	0.389	0.0143
6.39	12.9	0.388	0.01393
6.40	13.22	0.388	0.01286
6.41	13.55	0.386	0.01303
6.42	13.86	0.385	0.0128
6.43	14.14	0.384	0.01258
6.44	14.37	0.381	0.01277
6.45	14.49	0.379	0.01229
6.46	14.47	0.375	0.01003
6.47	14.23	0.372	0.00798
6.48	13.81	0.371	0.00711
6.49	13.37	0.376	0.00717
6.50	12.9	0.388	0.00707
6.51	12.47	0.406	0.00699
6.52	12.06	0.426	0.00689
6.53	11.53	0.457	0.00686
6.54	11.33	0.475	0.00674
6.55	11.2	0.49	0.00675
6.56	11.18	0.503	0.0068
6.57	11.17	0.513	0.00678
6.58	11.2	0.522	0.00668
6.59	11.36	0.527	0.00549
6.60	11.65	0.527	0.00294
6.61	11.93	0.52	0.0012
6.62	12.33	0.508	0.00129
6.63	12.8	0.489	0.00164
6.64	13.32	0.47	0.00214
6.65	14.01	0.454	0.00254
6.66	14.68	0.434	0.00297
6.67	14.88	0.41	0.0032
6.68	15.16	0.389	0.00354
6.69	15.37	0.366	0.00381
6.70	15.44	0.335	0.00392
6.71	15.45	0.303	0.00407
6.72	15.04	0.285	0.00402
6.73	14.45	0.277	0.00384
6.74	13.26	0.268	0.00331
6.75	12.38	0.267	0.00283
6.76	11.76	0.272	0.00249
6.77	11.44	0.283	0.00242
6.78	11.13	0.3	0.00238
6.79	10.8	0.323	0.00243
6.80	10.45	0.352	0.00236
6.81	10.19	0.379	0.00233
6.82	10.05	0.407	0.00224
6.83	10.01	0.431	0.0022
6.84	10.05	0.451	0.00241
6.85	10.12	0.472	0.00257
6.86	10.29	0.485	0.00265
6.87	10.46	0.492	0.00273
6.88	10.65	0.5	0.00293
6.89	10.83	0.509	0.00305
6.90	11	0.511	0.00319
6.91	11.12	0.51	0.00336
6.92	11.19	0.501	0.00346
6.93	11.18	0.488	0.00353
6.94	11.16	0.476	0.00359
6.95	11.19	0.464	0.00363
6.96	11.22	0.453	0.0037
6.97	11.31	0.445	0.00384
6.98	11.66	0.432	0.00421
6.99	12.01	0.424	0.0045
7.00	12.43	0.408	0.00478
7.01	12.87	0.389	0.0051
7.02	13.16	0.371	0.00539
7.03	13.28	0.355	0.00562
7.04	13.25	0.349	0.00591
7.05	13.27	0.342	0.00622
7.06	13.28	0.339	0.00638
7.07	13.33	0.333	0.00667
7.08	13.4	0.325	0.00698
7.09	13.37	0.317	0.00729
7.10	13.16	0.309	0.0074
7.11	12.99	0.307	0.00739
7.12	12.92	0.307	0.00736
7.13	12.87	0.314	0.00744
7.14	12.9	0.314	0.00745
7.15	13.05	0.315	0.00761
7.16	13.27	0.311	0.00773
7.17	13.32	0.31	0.00772
7.18	13.48	0.309	0.00765
7.19	13.54	0.305	0.00768
7.20	13.8067	0.2923	0.0037
7.21	14.0733	0.2797	0.00716
7.22	14.34	0.267	0.00739
7.23	14.58	0.255	0.00743
7.24	14.63	0.242	0.00741
7.25	14.64	0.232	0.00738
7.26	14.68	0.224	0.00739
7.27	14.8	0.222	0.00744
7.28	14.92	0.222	0.00752
7.29	15.04	0.224	0.00756
7.30	15.11	0.226	0.00766
7.31	15.09	0.229	0.00764
7.32	15.07	0.236	0.00764
7.33	15.1	0.242	0.00769
7.34	15.07	0.248	0.00768
7.35	14.98	0.252	0.00764
7.36	14.91	0.256	0.00763
7.37	14.87	0.263	0.00765
7.38	14.81	0.269	0.00765
7.39	14.76	0.275	0.00762
7.40	14.69	0.282	0.00763
7.41	14.53	0.29	0.00758
7.42	14.47	0.293	0.00755
7.43	14.19	0.303	0.00742
7.44	13.93	0.308	0.00734
7.45	13.32	0.32	0.00697
7.46	12.81	0.331	0.00664
7.47	12.29	0.337	0.00631
7.48	11.81	0.346	0.00605
7.49	11.42	0.355	0.00585
7.50	11.09	0.365	0.0057
7.51	10.96	0.376	0.00567
7.52	10.92	0.384	0.00564
7.53	10.85	0.392	0.00557
7.54	10.75	0.399	0.00548
7.55	10.66	0.403	0.00538
7.56	10.57	0.405	0.00527
7.57	10.48	0.408	0.00519
7.58	10.48	0.414	0.00524
7.59	10.44	0.415	0.0052
7.60	10.34	0.414	0.00518
7.61	10.2	0.415	0.00512
7.62	10.04	0.416	0.00496
7.63	9.84	0.419	0.00483
7.64	9.56	0.417	0.0047
7.65	9.18	0.415	0.00454
7.66	8.93	0.411	0.00437
7.67	8.74	0.405	0.00415
7.68	8.47	0.402	0.00398
7.69	8.17	0.398	0.00391
7.70	7.93	0.393	0.00388
7.71	7.68	0.38	0.00387
7.72	7.58	0.377	0.00387
7.73	7.44	0.373	0.00382
7.74	7.4	0.367	0.00383
7.75	7.44	0.358	0.00391
7.76	7.49	0.355	0.00401
7.77	7.48	0.354	0.00404
7.78	7.42	0.349	0.00394
7.79	7.34	0.342	0.00383
7.80	7.21	0.337	0.0037
7.81	7.02	0.334	0.00356
7.82	6.79	0.33	0.00353
7.83	6.62	0.325	0.0036
7.84	6.53	0.322	0.00367
7.85	6.42	0.314	0.00369
7.86	6.32	0.306	0.00361
7.87	6.18	0.299	0.00352
7.88	6.04	0.291	0.00348
7.89	5.89	0.284	0.00344
7.90	5.74	0.28	0.00337
7.91	5.55	0.274	0.00325
7.92	5.36	0.267	0.00311
7.93	5.14	0.259	0.00305
7.94	4.91	0.25	0.00312
7.95	4.71	0.237	0.00321
7.96	4.61	0.22	0.00332
7.97	4.55	0.206	0.0034
7.98	4.48	0.194	0.00347
7.99	4.39	0.175	0.0037
8.00	4.39	0.168	0.00378
8.01	4.39	0.161	0.0038
8.02	4.36	0.155	0.00389
8.03	4.35	0.151	0.00398
8.04	4.35	0.148	0.00405
8.05	4.32	0.147	0.0041
8.06	4.24	0.147	0.00408
8.07	4.16	0.148	0.00406
8.08	4.03	0.148	0.00408
8.09	3.91	0.146	0.00419
8.10	3.81	0.144	0.0043
8.11	3.73	0.139	0.00439
8.12	3.67	0.135	0.00442
8.13	3.6	0.133	0.00441
8.14	3.5	0.132	0.00442
8.15	3.4	0.129	0.00456
8.16	3.35	0.126	0.00461
8.17	3.32	0.124	0.00464
8.18	3.32	0.122	0.00469
8.19	3.37	0.12	0.00475
8.20	3.46	0.118	0.00481
8.21	4.12	0.115	0.00848
8.22	4.96	0.131	0.00802
8.23	4.84	0.132	0.00747
8.24	4.61	0.137	0.00704
8.25	4.4	0.142	0.0067
8.26	4.12	0.15	0.0063
8.27	3.99	0.153	0.0061
8.28	3.85	0.155	0.00593
8.29	3.67	0.158	0.00581
8.30	3.47	0.16	0.00568
8.31	3.28	0.162	0.00552
8.32	3.12	0.163	0.00546
8.33	2.95	0.162	0.00538
8.34	2.77	0.162	0.00529
8.35	2.56	0.158	0.00528
8.36	2.45	0.152	0.00533
8.37	2.35	0.146	0.00537
8.38	2.28	0.138	0.00544
8.39	2.23	0.126	0.00552
8.40	2.19	0.115	0.00557
8.41	2.17	0.107	0.00564
8.42	2.17	0.099	0.00573
8.43	2.17	0.092	0.00584
8.44	2.18	0.084	0.00599
8.45	2.18	0.082	0.00612
8.46	2.18	0.081	0.00622
8.47	2.17	0.08	0.00634
8.48	2.18	0.08	0.00647
8.49	2.19	0.081	0.00667
8.50	2.2	0.081	0.0069
8.51	2.24	0.081	0.00718
8.52	2.27	0.082	0.00747
8.53	2.33	0.082	0.0079
8.54	2.39	0.083	0.00815
8.55	2.45	0.083	0.00836
8.56	2.5	0.083	0.00854
8.57	2.58	0.083	0.00874
8.58	2.6	0.082	0.00878
8.59	2.68	0.081	0.00892
8.60	2.69	0.081	0.00903
8.61	2.69	0.08	0.00919
8.62	2.65	0.081	0.0093
8.63	2.64	0.081	0.00933
8.64	2.68	0.08	0.0095
8.65	2.67	0.08	0.00965
8.66	2.67	0.081	0.00983
8.67	2.66	0.083	0.00993
8.68	2.63	0.083	0.00993
8.69	2.63	0.084	0.00986
8.70	2.69	0.084	0.0098
8.71	2.74	0.08	0.00966
8.72	2.78	0.077	0.0097
8.73	2.87	0.077	0.00979
8.74	2.9	0.075	0.00977
8.75	2.93	0.074	0.00976
8.76	3.01	0.074	0.00981
8.77	3.14	0.075	0.00991
8.78	3.32	0.077	0.00999
8.79	3.53	0.08	0.01013
8.80	3.71	0.083	0.01023
8.81	3.75	0.089	0.01003
8.82	3.72	0.094	0.01005
8.83	3.66	0.097	0.01004
8.84	3.56	0.099	0.00989
8.85	3.44	0.102	0.00983
8.86	3.29	0.105	0.00999
8.87	3.21	0.105	0.01022
8.88	3.17	0.103	0.01036
8.89	3.14	0.101	0.0105
8.90	3.14	0.1	0.01067
8.91	3.18	0.096	0.01098
8.92	3.24	0.093	0.01121
8.93	3.36	0.09	0.01145
8.94	3.52	0.089	0.01172
8.95	3.65	0.088	0.01202
8.96	3.84	0.09	0.0124
8.97	4.19	0.089	0.0128
8.98	5.29	0.093	0.015
8.99	6.59	0.099	0.01606
9.00	10.24	0.111	0.01814
9.01	12.64	0.118	0.01967
9.02	14.24	0.129	0.02041
9.03	16.03	0.137	0.02174
9.04	17.12	0.1423	0.0226
9.05	17.47	0.1477	0.02284
9.06	17.92	0.153	0.02387
9.07	17.85	0.166	0.02407
9.08	17.21	0.185	0.02359
9.09	16.25	0.203	0.02248
9.10	16.11	0.22	0.02228
9.11	15.76	0.217	0.02206
9.12	15.42	0.209	0.02207
9.13	14.56	0.2133	0.02187
9.14	12.3	0.2177	0.02019
9.15	10.89	0.222	0.01898
9.16	9.55	0.211	0.01789
9.17	8.24	0.194	0.0171
9.18	6.83	0.197	0.01556
9.19	5.92	0.192	0.01454
9.20	5.18	0.189	0.01383
9.21	5.03	0.16	0.01511
9.22	4.68	0.155	0.01484
9.23	4.26	0.152	0.01452
9.24	4	0.151	0.01433
9.25	3.87	0.151	0.01405
9.26	3.77	0.155	0.01378
9.27	3.63	0.154	0.01349
9.28	3.57	0.152	0.0135
9.29	3.55	0.154	0.01354
9.30	3.66	0.16	0.01374
9.31	3.83	0.166	0.0142
9.32	4.02	0.163	0.01451
9.33	4.17	0.155	0.01474
9.34	4.31	0.151	0.01498
9.35	4.54	0.151	0.01538
9.36	4.93	0.148	0.01624
9.37	5.74	0.142	0.01721
9.38	6.36	0.136	0.01748
9.39	6.98	0.131	0.01795
9.40	7.53	0.128	0.01838
9.41	7.95	0.128	0.01873
9.42	8.19	0.129	0.01904
9.43	8.34	0.139	0.01938
9.44	8.34	0.147	0.01965
9.45	8.17	0.157	0.01937
9.46	7.59	0.177	0.0183
9.47	6.83	0.201	0.01717
9.48	6.22	0.224	0.01634
9.49	5.66	0.25	0.01555
9.50	5	0.29	0.01484
9.51	4.71	0.315	0.01458
9.52	4.64	0.328	0.01571
9.53	4.67	0.33	0.01642
9.54	4.72	0.327	0.01696
9.55	4.8	0.317	0.01729
9.56	5.04	0.307	0.01754
9.57	5.63	0.297	0.01821
9.58	6.43	0.29	0.01907
9.59	7.23	0.278	0.01967
9.60	7.82	0.267	0.02004
9.61	8.12	0.259	0.02022
9.62	8.06	0.25	0.01999
9.63	7.69	0.24	0.01934
9.64	7.34	0.234	0.01898
9.65	7.23	0.228	0.01889
9.66	7.23	0.234	0.0189
9.67	7.33	0.255	0.01874
9.68	7.72	0.276	0.01909
9.69	8.22	0.284	0.02005
9.70	8.32	0.299	0.02088
9.71	8.21	0.308	0.02118
9.72	8.01	0.311	0.0212
9.73	6.71	0.328	0.01972
9.74	5.99	0.333	0.01882
9.75	5.99	0.333	0.01882
9.76	4.82	0.314	0.0175
9.77	4.13	0.307	0.01695
9.78	3.91	0.311	0.01678
9.79	3.52	0.317	0.01655
9.80	3.23	0.315	0.01639
9.81	2.96	0.293	0.01655
9.82	2.89	0.284	0.01681
9.83	2.75	0.257	0.01725
9.84	2.62	0.243	0.01735
9.85	2.5	0.228	0.01743
9.86	2.47	0.203	0.0175
9.87	2.46	0.176	0.01765
9.88	2.51	0.151	0.01793
9.89	2.54	0.133	0.01825
9.90	2.54	0.119	0.01845
9.91	2.48	0.11	0.01865
9.92	2.33	0.1	0.01877
9.93	2.29	0.09	0.01893
9.94	2.31	0.078	0.01904
9.95	2.34	0.069	0.01919
9.96	2.4	0.06	0.01946
9.97	2.44	0.049	0.01978
9.98	2.47	0.044	0.02007
9.99	2.49	0.042	0.02032
10.00	2.48	0.042	0.02054
10.01	2.45	0.041	0.0207
10.02	2.49	0.041	0.02091
10.03	2.57	0.043	0.02118
10.04	2.75	0.044	0.02155
10.05	3.06	0.044	0.02204
10.06	3.52	0.043	0.02263
10.07	4.11	0.044	0.02329
10.08	5.04	0.051	0.02423
10.09	5.55	0.061	0.02457
10.10	5.91	0.068	0.02471
10.11	6.1	0.077	0.02464
10.12	6.09	0.083	0.02441
10.13	5.78	0.095	0.02396
10.14	5	0.111	0.02299
10.15	4.5	0.122	0.02219
10.16	4.24	0.123	0.02191
10.17	3.97	0.127	0.02157
10.18	3.63	0.136	0.02125
10.19	3.2	0.145	0.02095
10.20	3.18	0.161	0.02401
10.21	3.07	0.171	0.0238
10.22	2.53	0.168	0.02357
10.23	2.34	0.157	0.02355
10.24	2.23	0.14	0.0236
10.25	2.17	0.129	0.02379
10.26	2.09	0.119	0.02398
10.27	2.05	0.109	0.02414
10.28	2.06	0.099	0.02428
10.29	2.1	0.09	0.02447
10.30	2.11	0.086	0.02461
10.31	2.09	0.083	0.02477
10.32	2.07	0.079	0.02488
10.33	1.99	0.067	0.02512
10.34	2	0.058	0.02535
10.35	2.05	0.05	0.02559
10.36	2.09	0.045	0.0258
10.37	2.15	0.043	0.02603
10.38	2.21	0.041	0.02627
10.39	2.23	0.037	0.02654
10.40	2.23	0.034	0.02668
10.41	2.21	0.033	0.02682
10.42	2.21	0.034	0.02712
10.43	2.25	0.035	0.0275
10.44	2.35	0.03	0.02783
10.45	2.54	0.022	0.02832
10.46	2.73	0.021	0.02866
10.47	2.92	0.022	0.02908
10.48	3.04	0.027	0.02944
10.49	3.15	0.033	0.02982
10.50	3.28	0.038	0.03025
10.51	3.38	0.043	0.03065
10.52	3.46	0.047	0.03102
10.53	3.56	0.051	0.03139
10.54	3.64	0.054	0.03181
10.55	3.73	0.056	0.03227
10.56	3.78	0.058	0.03263
10.57	3.78	0.058	0.03288
10.58	3.79	0.059	0.03328
10.59	3.8	0.061	0.03352
10.60	3.79	0.062	0.03374
10.61	3.78	0.064	0.03397
10.62	3.83	0.065	0.03428
10.63	3.89	0.063	0.03464
10.64	3.88	0.063	0.03496
10.65	3.87	0.064	0.03539
10.66	3.92	0.066	0.03589
10.67	4.05	0.065	0.03647
10.68	4.24	0.063	0.03723
10.69	4.51	0.062	0.0381
10.70	4.86	0.063	0.03898
10.71	5.22	0.066	0.03969
10.72	5.73	0.075	0.04055
10.73	6.09	0.082	0.04115
10.74	6.42	0.091	0.04172
10.75	6.69	0.102	0.04226
10.76	6.92	0.113	0.04282
10.77	7.13	0.123	0.0433
10.78	7.33	0.133	0.04379
10.79	7.55	0.143	0.04435
10.80	7.84	0.152	0.04495
10.81	8.13	0.159	0.04548
10.82	8.43	0.165	0.04598
10.83	8.47	0.172	0.04636
10.84	8.54	0.178	0.04678
10.85	8.73	0.192	0.04748
10.86	9.17	0.21	0.0484
10.87	9.78	0.221	0.04935
10.88	10.53	0.23	0.05028
10.89	10.81	0.237	0.05068
10.90	11.13	0.25	0.05116
10.91	11.36	0.261	0.05149
10.92	11.5	0.265	0.05176
10.93	11.81	0.28	0.05249
10.94	11.85	0.286	0.05268
10.95	11.77	0.305	0.0531
10.96	11.62	0.319	0.05311
10.97	11.35	0.331	0.05294
10.98	11.16	0.336	0.05282
10.99	10.53	0.343	0.05234
11.00	10.06	0.34	0.05193
11.01	9.51	0.331	0.05151
11.02	8.91	0.319	0.05104
11.03	8.36	0.31	0.05061
11.04	7.83	0.297	0.05034
11.05	7.31	0.281	0.05012
11.06	6.77	0.269	0.04982
11.07	6.27	0.262	0.04944
11.08	5.79	0.255	0.04906
11.09	5.36	0.249	0.04893
11.10	4.92	0.241	0.04906
11.11	4.57	0.233	0.04937
11.12	4.32	0.225	0.04976
11.13	4.13	0.216	0.05017
11.14	3.95	0.201	0.05111
11.15	3.89	0.193	0.05183
11.16	3.91	0.187	0.05273
11.17	3.91	0.179	0.05363
11.18	3.96	0.168	0.05464
11.19	4.05	0.155	0.0556
11.20	4.18	0.145	0.0568
11.21	4.5533	0.1457	0.07336
11.22	4.9267	0.1463	0.0745
11.23	5.3	0.147	0.07388
11.24	5.03	0.153	0.07372
11.25	4.76	0.159	0.07382
11.26	4.53	0.163	0.07426
11.27	4.23	0.161	0.07485
11.28	4.1	0.159	0.07531
11.29	4.03	0.154	0.07597
11.30	4.06	0.152	0.07678
11.31	4.08	0.147	0.07789
11.32	4.09	0.145	0.07845
11.33	4.14	0.138	0.07947
11.34	4.24	0.136	0.07978
11.35	4.43	0.136	0.08002
11.36	4.61	0.136	0.08056
11.37	4.67	0.135	0.08093
11.38	4.79	0.138	0.0822
11.39	4.88	0.14	0.08297
11.40	4.94	0.138	0.08314
11.41	4.89	0.14	0.08305
11.42	4.9	0.141	0.08322
11.43	4.94	0.14	0.08352
11.44	4.93	0.139	0.08355
11.45	4.89	0.142	0.08304
11.46	4.79	0.151	0.08271
11.47	4.74	0.159	0.08268
11.48	4.6	0.161	0.08295
11.49	4.5	0.162	0.0826
11.50	4.42	0.159	0.08211
11.51	4.25	0.162	0.08173
11.52	4.09	0.162	0.08201
11.53	3.95	0.162	0.08198
11.54	3.86	0.162	0.08149
11.55	3.73	0.159	0.08121
11.56	3.5	0.158	0.08157
11.57	3.41	0.151	0.08191
11.58	3.34	0.148	0.08235
11.59	3.3	0.146	0.08278
11.60	3.29	0.138	0.08314
11.61	3.27	0.128	0.08349
11.62	3.22	0.121	0.08402
11.63	3.18	0.117	0.08442
11.64	3.14	0.114	0.0847
11.65	3.19	0.107	0.08471
11.66	3.19	0.101	0.08456
11.67	3.25	0.098	0.08476
11.68	3.39	0.094	0.08512
11.69	3.52	0.092	0.08527
11.70	3.61	0.09	0.08552
11.71	3.69	0.092	0.08596
11.72	3.81	0.093	0.08621
11.73	3.89	0.097	0.08647
11.74	4.06	0.101	0.08704
11.75	4.2	0.107	0.08726
11.76	4.37	0.11	0.08753
11.77	4.55	0.116	0.08829
11.78	4.82	0.121	0.08916
11.79	5.08	0.127	0.08969
11.80	5.25	0.136	0.09006
11.81	5.42	0.141	0.0906
11.82	5.55	0.149	0.09132
11.83	5.69	0.155	0.09207
11.84	5.8	0.158	0.09266
11.85	5.87	0.161	0.09347
11.86	6	0.168	0.09445
11.87	5.97	0.173	0.09478
11.88	5.99	0.175	0.09469
11.89	5.98	0.176	0.09489
11.90	5.96	0.177	0.09513
11.91	5.95	0.179	0.09543
11.92	5.94	0.178	0.09551
11.93	5.91	0.178	0.09545
11.94	5.89	0.179	0.09536
11.95	5.76	0.181	0.09446
11.96	5.53	0.186	0.09352
11.97	5.23	0.198	0.09281
11.98	4.92	0.205	0.09247
11.99	4.64	0.207	0.09241
12.00	4.36	0.206	0.09281
12.01	4.21	0.202	0.09324
12.02	4.12	0.199	0.09309
12.03	4.02	0.196	0.09316
12.04	3.85	0.192	0.09262
12.05	3.65	0.188	0.09232
12.06	3.49	0.187	0.09218
12.07	3.33	0.183	0.09198
12.08	3.17	0.178	0.09193
12.09	3.03	0.173	0.09231
12.10	2.92	0.168	0.09288
12.11	2.8	0.15	0.09367
12.12	2.75	0.144	0.09378
12.13	2.68	0.136	0.09402
12.14	2.61	0.128	0.0943
12.15	2.51	0.123	0.09466
12.16	2.5	0.12	0.09472
12.17	2.42	0.11	0.09483
12.18	2.37	0.104	0.09495
12.19	2.34	0.101	0.09526
12.20	2.5367	0.0867	0.10451
12.21	2.7333	0.0723	0.10474
12.22	2.93	0.0695	0.10469
12.23	2.75	0.0668	0.10518
12.24	2.62	0.064	0.10585
12.25	2.57	0.063	0.10618
12.26	2.54	0.065	0.10643
12.27	2.52	0.065	0.10681
12.28	2.51	0.063	0.1074
12.29	2.52	0.06	0.10801
12.30	2.55	0.057	0.10837
12.31	2.58	0.057	0.10849
12.32	2.56	0.059	0.10846
12.33	2.55	0.061	0.1086
12.34	2.53	0.066	0.10886
12.35	2.54	0.063	0.10952
12.36	2.57	0.059	0.11013
12.37	2.63	0.056	0.11061
12.38	2.73	0.052	0.11119
12.39	2.76	0.05	0.11138
12.40	2.83	0.0493	0.11167
12.41	2.94	0.0487	0.11205
12.42	3.01	0.048	0.11212
12.43	3.02	0.05	0.11204
12.44	2.94	0.052	0.11181
12.45	2.88	0.053	0.11182
12.46	2.76	0.055	0.1119
12.47	2.63	0.061	0.11213
12.48	2.52	0.065	0.11242
12.49	2.39	0.068	0.11269
12.50	2.28	0.068	0.11313
12.51	2.2	0.067	0.11366
12.52	2.15	0.066	0.11405
12.53	2.1	0.064	0.11452
12.54	2.05	0.061	0.11528
12.55	2.02	0.058	0.11567
12.56	2.01	0.054	0.11602
12.57	1.99	0.051	0.11644
12.58	2	0.049	0.11678
12.59	2.01	0.045	0.11729
12.60	2.01	0.043	0.11775
12.61	2.02	0.04	0.11793
12.62	2.01	0.038	0.11839
12.63	2.01	0.036	0.11901
12.64	2.04	0.036	0.11942
12.65	2.05	0.036	0.11959
12.66	2.03	0.036	0.11976
12.67	1.99	0.036	0.12004
12.68	1.97	0.037	0.1202
12.69	1.96	0.037	0.12038
12.70	1.98	0.037	0.12078
12.71	2.01	0.034	0.1212
12.72	2.04	0.033	0.12167
12.73	2.05	0.033	0.1221
12.74	2.03	0.033	0.1224
12.75	2.01	0.031	0.12267
12.76	1.98	0.028	0.12305
12.77	1.93	0.027	0.12337
12.78	1.91	0.026	0.1237
12.79	1.9	0.024	0.12407
12.80	1.9	0.023	0.12445
12.81	1.88	0.023	0.12467
12.82	1.86	0.023	0.12475
12.83	1.86	0.023	0.12495
12.84	1.88	0.023	0.12537
12.85	1.89	0.022	0.12573
12.86	1.89	0.021	0.12595
12.87	1.88	0.019	0.12634
12.88	1.87	0.017	0.12657
12.89	1.87	0.017	0.12693
12.90	1.88	0.017	0.12724
12.91	1.86	0.017	0.12751
12.92	1.86	0.017	0.12789
12.93	1.86	0.017	0.12819
12.94	1.84	0.017	0.12847
12.95	1.8	0.017	0.12866
12.96	1.79	0.019	0.1289
12.97	1.77	0.022	0.12911
12.98	1.73	0.023	0.12947
12.99	1.72	0.023	0.12991
13.00	1.71	0.022	0.13033
13.01	1.72	0.02	0.13085
13.02	1.74	0.019	0.13138
13.03	1.75	0.019	0.1318
13.04	1.78	0.019	0.13215
13.05	1.81	0.017	0.13256
13.06	1.85	0.016	0.133
13.07	1.89	0.016	0.13351
13.08	1.93	0.015	0.13406
13.09	1.97	0.015	0.13444
13.10	1.99	0.015	0.13506
13.11	2.03	0.016	0.13557
13.12	2.06	0.017	0.13597
13.13	2.11	0.019	0.13639
13.14	2.14	0.021	0.13666
13.15	2.13	0.023	0.13688
13.16	2.13	0.027	0.13722
13.17	2.11	0.03	0.13742
13.18	2.09	0.032	0.13753
13.19	2.12	0.034	0.13771
13.20	2.15	0.033	0.13826
13.21	2.46	0.048	0.13178
13.22	2.77	0.063	0.1293
13.23	3.08	0.078	0.11789
13.24	2.85	0.084	0.11718
13.25	2.66	0.088	0.1172
13.26	2.53	0.089	0.11759
13.27	2.41	0.086	0.11781
13.28	2.28	0.079	0.11842
13.29	2.22	0.074	0.11873
13.30	2.16	0.068	0.1192
13.31	2.13	0.065	0.1194
13.32	2.04	0.055	0.12028
13.33	2.03	0.052	0.12079
13.34	2.02	0.048	0.12121
13.35	2.01	0.047	0.12144
13.36	2.01	0.041	0.12182
13.37	2	0.04	0.12192
13.38	2.01	0.039	0.12255
13.39	2.03	0.038	0.12314
13.40	2.04	0.036	0.12363
13.41	2.05	0.034	0.12411
13.42	2.08	0.033	0.12458
13.43	2.15	0.032	0.1253
13.44	2.29	0.031	0.12608
13.45	2.48	0.03	0.12707
13.46	2.65	0.033	0.12781
13.47	2.8	0.036	0.12849
13.48	2.89	0.037	0.12881
13.49	2.9	0.036	0.12872
13.50	2.84	0.036	0.12828
13.51	2.73	0.038	0.12798
13.52	2.63	0.039	0.12781
13.53	2.53	0.041	0.1278
13.54	2.44	0.042	0.12782
13.55	2.28	0.042	0.12805
13.56	2.2	0.041	0.1284
13.57	2.14	0.042	0.12878
13.58	2.07	0.041	0.12928
13.59	2.02	0.041	0.1297
13.60	1.97	0.04	0.13006
13.61	1.93	0.039	0.13039
13.62	1.86	0.038	0.13065
13.63	1.79	0.039	0.131
13.64	1.75	0.038	0.13141
13.65	1.7	0.036	0.13173
13.66	1.66	0.033	0.13244
13.67	1.65	0.031	0.13282
13.68	1.65	0.03	0.13325
13.69	1.65	0.029	0.13362
13.70	1.63	0.029	0.13395
13.71	1.6	0.028	0.13426
13.72	1.58	0.026	0.13462
13.73	1.56	0.025	0.135
13.74	1.55	0.024	0.1353
13.75	1.53	0.024	0.13564
13.76	1.51	0.024	0.136
13.77	1.5	0.023	0.13641
13.78	1.49	0.022	0.13704
13.79	1.49	0.021	0.13753
13.80	1.49	0.021	0.13797
13.81	1.48	0.021	0.13824
13.82	1.47	0.021	0.13863
13.83	1.47	0.021	0.139
13.84	1.47	0.02	0.13937
13.85	1.46	0.02	0.13978
13.86	1.44	0.021	0.14012
13.87	1.41	0.02	0.1404
13.88	1.37	0.02	0.14056
13.89	1.33	0.02	0.14077
13.90	1.3	0.02	0.14105
13.91	1.24	0.02	0.1415
13.92	1.19	0.02	0.14178
13.93	1.17	0.02	0.14202
13.94	1.16	0.02	0.14239
13.95	1.16	0.019	0.14279
13.96	1.18	0.018	0.14327
13.97	1.19	0.018	0.14368
13.98	1.19	0.017	0.14392
13.99	1.18	0.017	0.14412
14.00	1.19	0.017	0.14441
14.01	1.2	0.017	0.14485
14.02	1.22	0.017	0.14533
14.03	1.23	0.018	0.14581
14.04	1.23	0.018	0.14611
14.05	1.23	0.019	0.14642
14.06	1.22	0.02	0.14689
14.07	1.19	0.02	0.14709
14.08	1.19	0.019	0.1474
14.09	1.2	0.019	0.14776
14.10	1.19	0.019	0.14806
14.11	1.18	0.019	0.14826
14.12	1.18	0.02	0.14878
14.13	1.2	0.02	0.14949
14.14	1.21	0.02	0.14967
14.15	1.24	0.02	0.14987
14.16	1.27	0.02	0.15023
14.17	1.27	0.02	0.15034
14.18	1.25	0.02	0.15033
14.19	1.25	0.02	0.15069
14.20	1.24	0.021	0.15111
14.21	1.3567	0.0267	0.15221
14.22	1.4733	0.0323	0.14323
14.23	1.59	0.038	0.14362
14.24	1.5667	0.038	0.14455
14.25	1.5433	0.036	0.14542
14.26	1.52	0.033	0.14596
14.27	1.57	0.033	0.14677
14.28	1.58	0.033	0.14751
14.29	1.61	0.033	0.14853
14.30	1.65	0.033	0.14933
14.31	1.7	0.033	0.15016
14.32	1.76	0.032	0.15117
14.33	1.79	0.033	0.15201
14.34	1.83	0.034	0.15283
14.35	1.91	0.033	0.15385
14.36	1.95	0.032	0.1545
14.37	2.03	0.03	0.15564
14.38	2.1	0.029	0.15678
14.39	2.19	0.03	0.15846
14.40	2.25	0.031	0.15948
14.41	2.29	0.034	0.16014
14.42	2.29	0.037	0.16077
14.43	2.35	0.036	0.16195
14.44	2.34	0.0353	0.16302
14.45	2.31	0.0347	0.16466
14.46	2.31	0.034	0.16525
14.47	2.36	0.036	0.16748
14.48	2.38	0.036	0.16829
14.49	2.43	0.036	0.16996
14.50	2.49	0.036	0.17268
14.51	2.55	0.035	0.17447
14.52	2.59	0.036	0.17676
14.53	2.58	0.037	0.17812
14.54	2.6	0.038	0.17981
14.55	2.65	0.04	0.18183
14.56	2.68	0.041	0.1837
14.57	2.73	0.042	0.18553
14.58	2.8	0.042	0.18734
14.59	2.87	0.042	0.18921
14.60	2.99	0.043	0.19138
14.61	3.1	0.045	0.19368
14.62	3.18	0.047	0.19604
14.63	3.21	0.051	0.19856
14.64	3.24	0.054	0.20115
14.65	3.26	0.053	0.20319
14.66	3.31	0.053	0.20449
14.67	3.3	0.055	0.2049
14.68	3.27	0.056	0.20557
14.69	3.26	0.057	0.20669
14.70	3.24	0.056	0.20792
14.71	3.23	0.057	0.20932
14.72	3.21	0.056	0.21052
14.73	3.17	0.056	0.2121
14.74	3.14	0.056	0.21388
14.75	3.11	0.053	0.21507
14.76	3.11	0.05	0.21619
14.77	3.14	0.047	0.21746
14.78	3.16	0.044	0.21877
14.79	3.22	0.041	0.22013
14.80	3.25	0.039	0.22178
14.81	3.3	0.04	0.2234
14.82	3.3	0.041	0.22396
14.83	3.33	0.042	0.22485
14.84	3.36	0.04	0.2262
14.85	3.41	0.041	0.22805
14.86	3.44	0.046	0.23008
14.87	3.45	0.052	0.23172
14.88	3.49	0.057	0.23348
14.89	3.53	0.06	0.23475
14.90	3.53	0.063	0.236
14.91	3.49	0.066	0.2374
14.92	3.43	0.064	0.23897
14.93	3.37	0.061	0.24066
14.94	3.31	0.058	0.2426
14.95	3.28	0.056	0.24463
14.96	3.28	0.053	0.24639
14.97	3.29	0.05	0.24803
14.98	3.29	0.05	0.2499
14.99	3.3	0.049	0.25248
15.00	3.31	0.05	0.25414
15.01	3.32	0.051	0.25573
15.02	3.31	0.054	0.25747
15.03	3.29	0.056	0.25904
15.04	3.27	0.057	0.26042
15.05	3.26	0.059	0.26177
15.06	3.28	0.059	0.26341
15.07	3.32	0.057	0.26503
15.08	3.34	0.054	0.26653
15.09	3.38	0.054	0.26832
15.10	3.45	0.052	0.2702
15.11	3.56	0.051	0.27205
15.12	3.69	0.051	0.27357
15.13	3.86	0.051	0.27515
15.14	4.09	0.054	0.27664
15.15	4.37	0.057	0.27839
15.16	4.87	0.062	0.28116
15.17	5.25	0.066	0.28244
15.18	5.67	0.072	0.28336
15.19	6.1	0.079	0.28204
15.20	6.55	0.089	0.277
15.21	7.04	0.102	0.26404
15.22	8.1	0.184	0.18216
15.23	8.66	0.2	0.14733
15.24	8.96	0.214	0.13071
15.25	9.32	0.228	0.12299
15.26	9.77	0.24	0.11625
15.27	10.24	0.248	0.1089
15.28	10.64	0.257	0.10101
15.29	10.85	0.267	0.09342
15.30	10.87	0.275	0.08691
15.31	10.8	0.282	0.08165
15.32	10.6	0.29	0.07722
15.33	10.34	0.3	0.07352
15.34	10.14	0.31	0.07009
15.35	10.06	0.313	0.06718
15.36	10.15	0.315	0.06506
15.37	10.41	0.314	0.06345
15.38	11	0.318	0.062
15.39	11.35	0.323	0.06146
15.40	11.62	0.332	0.06079
15.41	11.75	0.334	0.05978
15.42	11.71	0.334	0.05846
15.43	11.56	0.329	0.05693
15.44	11.36	0.324	0.0554
15.45	11.14	0.318	0.05395
15.46	10.99	0.313	0.05271
15.47	10.88	0.304	0.05149
15.48	10.84	0.292	0.05042
15.49	10.93	0.282	0.04958
15.50	11.11	0.271	0.04897
15.51	11.41	0.26	0.04862
15.52	11.81	0.246	0.04844
15.53	12.28	0.23	0.04844
15.54	12.83	0.205	0.04692
15.55	12.99	0.198	0.0463
15.56	13.08	0.186	0.04621
15.57	13.01	0.182	0.04634
15.58	12	0.173	0.04476
15.59	10.84	0.194	0.0439
15.60	10.46	0.205	0.04249
15.61	9.38	0.222	0.03913
15.62	9.1	0.219	0.03858
15.63	8.25	0.222	0.03698
15.64	7.78	0.232	0.03571
15.65	7.22	0.239	0.03432
15.66	7.03	0.243	0.03379
15.67	6.78	0.249	0.03298
15.68	6.62	0.261	0.03232
15.69	6.56	0.275	0.03207
15.70	6.49	0.284	0.0319
15.71	6.5	0.3	0.03187
15.72	6.41	0.2893	0.03178
15.73	6.37	0.2787	0.03155
15.74	6.34	0.268	0.03132
15.75	6.17	0.279	0.03097
15.76	5.89	0.291	0.03063
15.77	5.72	0.3	0.03046
15.78	5.71	0.306	0.03081
15.79	5.88	0.306	0.03172
15.80	6.2	0.292	0.03361
15.81	6.43	0.274	0.03514
15.82	6.31	0.256	0.03482
15.83	5.83	0.24	0.03303
15.84	5.19	0.23	0.03158
15.85	4.58	0.219	0.03054
15.86	3.91	0.222	0.03003
15.87	3.32	0.225	0.02969
15.88	2.9	0.226	0.02954
15.89	2.58	0.222	0.02945
15.90	2.35	0.211	0.02986
15.91	2.19	0.197	0.03012
15.92	2.03	0.185	0.03058
15.93	1.91	0.175	0.0312
15.94	1.81	0.162	0.03167
15.95	1.74	0.145	0.03211
15.96	1.64	0.118	0.03255
15.97	1.59	0.105	0.03295
15.98	1.55	0.093	0.03333
15.99	1.49	0.086	0.0336
16.00	1.43	0.072	0.03379
16.01	1.38	0.062	0.03399
16.02	1.34	0.053	0.03421
16.03	1.34	0.046	0.03468
16.04	1.35	0.041	0.03512
16.05	1.37	0.037	0.03546
16.06	1.43	0.036	0.03607
16.07	1.61	0.034	0.03666
16.08	1.77	0.033	0.0371
16.09	1.87	0.03	0.03738
16.10	1.88	0.03	0.03751
16.11	1.89	0.03	0.03767
16.12	1.91	0.03	0.03781
16.13	1.95	0.031	0.03803
16.14	2	0.03	0.0382
16.15	2.04	0.029	0.03843
16.16	2.09	0.029	0.03874
16.17	2.17	0.029	0.03911
16.18	2.29	0.031	0.0395
16.19	2.47	0.034	0.03995
16.20	2.69	0.037	0.04038
16.21	2.92	0.039	0.04077
16.22	3.3033	0.057	0.03796
16.23	3.6867	0.075	0.03831
16.24	4.07	0.093	0.03743
16.25	4.03	0.1	0.037
16.26	4.02	0.099	0.03687
16.27	4.08	0.101	0.03706
16.28	4.16	0.102	0.03733
16.29	4.2	0.104	0.0375
16.30	4.26	0.106	0.0377
16.31	4.32	0.107	0.03795
16.32	4.39	0.109	0.03826
16.33	4.44	0.11	0.03853
16.34	4.47	0.114	0.03892
16.35	4.51	0.118	0.03933
16.36	4.53	0.124	0.03963
16.37	4.53	0.127	0.04
16.38	4.56	0.13	0.04036
16.39	4.67	0.134	0.04074
16.40	4.75	0.14	0.04116
16.41	4.79	0.144	0.04157
16.42	4.81	0.146	0.04195
16.43	4.91	0.146	0.04243
16.44	5.06	0.149	0.04299
16.45	5.34	0.157	0.04381
16.46	5.54	0.161	0.04461
16.47	5.79	0.16	0.04568
16.48	6.12	0.162	0.04669
16.49	6.48	0.169	0.0474
16.50	6.85	0.176	0.048
16.51	7.21	0.182	0.0486
16.52	7.58	0.187	0.04911
16.53	7.99	0.199	0.04966
16.54	8.38	0.215	0.05004
16.55	8.67	0.225	0.05025
16.56	8.87	0.235	0.05043
16.57	9.08	0.249	0.05052
16.58	9.29	0.261	0.05062
16.59	9.48	0.272	0.0508
16.60	9.52	0.281	0.05092
16.61	9.48	0.287	0.05109
16.62	9.48	0.294	0.0515
16.63	9.51	0.304	0.05193
16.64	9.54	0.315	0.05237
16.65	9.56	0.326	0.05289
16.66	9.65	0.338	0.05352
16.67	9.73	0.353	0.0542
16.68	9.92	0.372	0.05535
16.69	9.99	0.381	0.05581
16.70	10.03	0.386	0.05611
16.71	10.17	0.402	0.057
16.72	10.2	0.413	0.05751
16.73	10.2	0.425	0.05794
16.74	10.13	0.434	0.05814
16.75	9.96	0.44	0.05824
16.76	9.75	0.442	0.05838
16.77	9.68	0.445	0.05838
16.78	9.3	0.447	0.05842
16.79	9.05	0.445	0.05873
16.80	8.82	0.443	0.05906
16.81	8.64	0.439	0.05962
16.82	8.58	0.434	0.06014
16.83	8.54	0.428	0.06067
16.84	8.53	0.425	0.06112
16.85	8.49	0.419	0.06155
16.86	8.43	0.41	0.06199
16.87	8.41	0.402	0.06256
16.88	8.45	0.393	0.06313
16.89	8.53	0.385	0.06355
16.90	8.63	0.383	0.06403
16.91	8.76	0.383	0.06466
16.92	8.93	0.384	0.06509
16.93	9.22	0.39	0.06583
16.94	9.46	0.397	0.06629
16.95	9.71	0.403	0.06665
16.96	9.97	0.411	0.06687
16.97	10.22	0.421	0.06686
16.98	10.44	0.431	0.06664
16.99	10.65	0.445	0.06614
17.00	10.84	0.461	0.06519
17.01	11.02	0.476	0.06382
17.02	11.11	0.489	0.06233
17.03	11.22	0.508	0.06036
17.04	11.19	0.516	0.05867
17.05	11.09	0.523	0.05757
17.06	10.98	0.53	0.05674
17.07	10.74	0.533	0.05644
17.08	10.46	0.535	0.05646
17.09	10.17	0.532	0.05671
17.10	9.88	0.528	0.05714
17.11	9.67	0.529	0.0576
17.12	9.46	0.527	0.05815
17.13	9.25	0.525	0.05871
17.14	9	0.521	0.05929
17.15	8.88	0.52	0.05965
17.16	8.78	0.517	0.06009
17.17	8.72	0.515	0.06054
17.18	8.72	0.512	0.06104
17.19	8.82	0.513	0.06155
17.20	9.04	0.524	0.06209
17.21	9.31	0.546	0.0625

