0	-0.0007	0	0
0.01	14.399	0	0.0004
0.02	18.065	0	0.0005
0.03	20.034	0	0.0004
0.04	22.12	0	0.0008
0.05	24.93	0.0042	0.0006
0.06	25.856	0.0084	0
0.07	26.098	0.0169	-0.0002
0.08	27.067	0.0559	-0.0003
0.09	28.67	0.0724	-0.0004
0.1	28.904	0.0667	-0.0005
0.11	27.791	0.0609	-0.0005
0.12	26.705	0.0574	-0.0007
0.13	25.927	0.0539	-0.0008
0.14	26.58	0.0684	-0.0009
0.15	20.972	0.083	-0.0009
0.16	16.03	0.1156	-0.0012
0.17	16.143	0.1215	-0.0013
0.18	14.975	0.1275	-0.0013
0.19	12.924	0.1398	-0.0015
0.2	11.955	0.1605	-0.0014
0.21	11.636	0.1529	-0.0014
0.22	9.6821	0.1452	-0.0015
0.23	6.8022	0.1284	-0.0015
0.24	5.8993	0.12	-0.0014
0.25	5.5918	0.1139	-0.0014
0.26	5.2104	0.1121	-0.0013
0.27	4.3504	0.1127	-0.0014
0.28	3.6771	0.1133	-0.0012
0.29	3.5642	0.1149	-0.0001
0.3	3.3735	0.1162	0.0015
0.31	3.2178	0.1169	0.0014
0.32	3.1828	0.1171	0.0013
0.33	3.1128	0.112	0.0019
0.34	3.0155	0.1069	0.0017
0.35	2.9493	0.1044	0.0017
0.36	3.0233	0.1022	0.0018
0.37	2.8209	0.1001	-0.0026
0.38	2.8559	0.0964	-0.0034
0.39	2.7236	0.093	-0.0033
0.4	2.6963	0.0897	-0.0028
0.41	2.6496	0.087	-0.0025
0.42	2.5835	0.0846	-0.0026
0.43	2.5601	0.0827	-0.003
0.44	2.5251	0.082	-0.0029
0.45	2.5018	0.0817	-0.0028
0.46	2.4784	0.0792	-0.0028
0.47	2.4434	0.0735	-0.0028
0.48	2.4278	0.0719	-0.0026
0.49	2.4122	0.0702	-0.0028
0.5	2.3928	0.0682	-0.0026
0.51	2.3772	0.0659	-0.0026
0.52	2.3227	0.0638	-0.0025
0.53	2.3033	0.0626	-0.0024
0.54	2.3072	0.0616	-0.0025
0.55	2.2935	0.0613	-0.0025
0.56	2.2933	0.061	-0.0024
0.57	2.2944	0.0609	-0.0023
0.58	2.2955	0.0608	-0.0022
0.59	2.3227	0.0609	-0.0021
0.6	2.3149	0.0594	-0.002
0.61	2.3227	0.0592	-0.0019
0.62	2.3305	0.059	-0.0019
0.63	2.3227	0.0584	-0.0019
0.64	2.2877	0.0585	-0.002
0.65	2.2799	0.0584	-0.0019
0.66	2.2449	0.058	-0.0018
0.67	2.2371	0.0576	-0.0017
0.68	2.2254	0.056	-0.0016
0.69	2.2138	0.0543	-0.0016
0.7	2.1476	0.0534	-0.0016
0.71	2.1165	0.0524	-0.0016
0.72	2.0853	0.0522	-0.0015
0.73	2.0503	0.051	-0.0014
0.74	2.0231	0.0518	-0.0012
0.75	1.9764	0.0503	-0.0011
0.76	1.9608	0.0499	-0.001
0.77	1.9452	0.0489	-0.0008
0.78	1.9413	0.0487	-0.0007
0.79	1.9297	0.0477	-0.0007
0.8	1.9258	0.0469	-0.0005
0.81	1.8985	0.0467	-0.0004
0.82	1.8907	0.0467	-0.0003
0.83	1.883	0.0467	-0.0002
0.84	1.8752	0.0455	-0.0002
0.85	1.8674	0.0444	0
0.86	1.8693	0.0433	0.0001
0.87	1.8713	0.043	0.0001
0.88	1.8693	0.0432	0.0002
0.89	1.883	0.0434	0.0002
0.9	1.8966	0.0443	0.0004
0.91	1.9258	0.0452	0.0005
0.92	2.1709	0.045	0.0003
0.93	2.5134	0.0454	-0.0001
0.94	2.0698	0.0458	-0.0005
0.95	2.0494	0.0472	-0.0011
0.96	2.0459	0.0468	-0.0014
0.97	2.0754	0.0476	-0.0022
0.98	2.1048	0.0485	-0.0027
0.99	2.4862	0.0504	-0.0049
1	2.4239	0.0523	-0.0077
1.01	2.3266	0.0533	-0.0107
1.02	2.2449	0.0558	-0.0119
1.03	2.1515	0.0571	-0.0127
1.04	2.099	0.0567	-0.0131
1.05	2.0464	0.0564	-0.0139
1.06	2.0853	0.0545	-0.0141
1.07	1.8907	0.0534	-0.0144
1.08	1.7351	0.0536	-0.0143
1.09	1.6494	0.0515	-0.014
1.1	1.556	0.049	-0.0135
1.11	1.4743	0.048	-0.014
1.12	1.4471	0.0476	-0.014
1.13	1.4043	0.0471	-0.0139
1.14	1.3731	0.0466	-0.0139
1.15	1.3148	0.0456	-0.0138
1.16	1.2836	0.0431	-0.0135
1.17	1.2797	0.0405	-0.0134
1.18	1.268	0.036	-0.0133
1.19	1.2642	0.0384	-0.0132
1.2	1.3381	0.0407	-0.0131
1.21	1.412	0.0513	-0.0129
1.22	1.5638	0.0713	-0.0128
1.23	2.4045	0.0789	-0.0126
1.24	2.673	0.0665	-0.0124
1.25	2.9143	0.0541	-0.0123
1.26	3.2957	0.0434	-0.0087
1.27	2.8326	0.0462	-0.0035
1.28	2.206	0.049	-0.0034
1.29	1.5872	0.0526	-0.0043
1.3	1.4666	0.0499	-0.0042
1.31	1.5094	0.0473	-0.0042
1.32	1.5522	0.0263	-0.004
1.33	2.0951	0.0362	-0.0056
1.34	2.638	0.0461	-0.0039
1.35	4.6734	0.0533	-0.0037
1.36	7.063	0.0636	-0.006
1.37	6.6193	0.074	-0.006
1.38	8.4134	0.0771	-0.004
1.39	10.885	0.0728	-0.0024
1.4	12.216	0.0686	-0.0017
1.41	14.076	0.0685	-0.0016
1.42	16.08	0.069	-0.0015
1.43	15.629	0.0694	-0.0015
1.44	15.372	0.1032	-0.0015
1.45	15.652	0.1198	-0.0015
1.46	15.4186	0.1279	-0.0015
1.47	15.3993	0.1298	-0.0015
1.48	15.38	0.1214	-0.0013
1.49	15.3322	0.1265	-0.0013
1.5	15.3306	0.1316	-0.0013
1.51	15.5768	0.1501	-0.0011
1.52	15.823	0.2356	-0.0012
1.53	16.349	0.3096	-0.0011
1.54	17.509	0.3329	-0.0009
1.55	19.307	0.3242	-0.0008
1.56	21.747	0.3155	-0.0007
1.57	21.21	0.289	-0.0007
1.58	19.567	0.283	-0.0006
1.59	18.1	0.2812	-0.0006
1.6	16.878	0.2795	-0.0006
1.61	16.711	0.2785	-0.0005
1.62	16.4325	0.2776	-0.0005
1.63	16.154	0.2607	-0.0005
1.64	16.174	0.2512	-0.0004
1.65	15.625	0.2463	-0.0003
1.66	13.99	0.2277	-0.0004
1.67	13.395	0.2092	-0.0004
1.68	12.122	0.197	-0.0004
1.69	10.34	0.1926	-0.0006
1.7	9.0672	0.1883	-0.0006
1.71	8.3939	0.1887	-0.0006
1.72	7.9814	0.1815	-0.0006
1.73	6.5414	0.1743	-0.0007
1.74	6.0589	0.1761	-0.0004
1.75	5.4595	0.1675	-0.0005
1.76	4.471	0.1633	-0.0003
1.77	4.1169	0.1637	-0.0003
1.78	3.7238	0.131	-0.0003
1.79	3.5448	0.1274	-0.0003
1.8	3.4786	0.1252	-0.0002
1.81	3.3969	0.1244	0
1.82	3.3925	0.1237	0.0001
1.83	3.3908	0.12	0.0003
1.84	3.3919	0.1045	0.0005
1.85	3.393	0.1062	0.0009
1.86	3.4514	0.0861	0.0009
1.87	3.5292	0.0805	0.0014
1.88	3.6265	0.0657	0.0015
1.89	3.86	0.0665	0.0017
1.9	4.074	0.0646	0.0018
1.91	5.0859	0.0647	0.002
1.92	5.5957	0.0641	0.0023
1.93	6.0939	0.0636	0.0025
1.94	6.6971	0.0621	0.0024
1.95	7.0785	0.0634	0.0024
1.96	7.1408	0.063	0.0022
1.97	7.133	0.0626	0.0009
1.98	7.5222	0.0665	0.0008
1.99	7.2381	0.0704	0.0006
2	7.0513	0.0803	0.0007
2.01	6.9924	0.0876	0.0006
2.02	6.9635	0.0896	0.0006
2.03	7.0463	0.0917	0.0006
2.04	7.1291	0.1287	0.0006
2.05	7.2147	0.1396	0.0006
2.06	7.277	0.1504	0.0006
2.07	6.6368	0.1606	0.0006
2.08	5.9966	0.1699	0.0007
2.09	6.1056	0.1698	0.0009
2.1	5.802	0.1701	0.0009
2.11	5.3311	0.1714	0.0008
2.12	3.786	0.1727	0.0008
2.13	3.4552	0.1731	0.0003
2.14	3.0271	0.1716	0.0004
2.15	2.8948	0.1702	0.0006
2.16	2.7859	0.1664	0.0008
2.17	2.6107	0.1622	0.0008
2.18	2.494	0.139	0.0008
2.19	2.3072	0.1377	0.0009
2.2	2.206	0.1336	0.0009
2.21	2.1126	0.13	0.0009
2.22	2.0153	0.1023	0.0011
2.23	1.9569	0.0967	0.0012
2.24	1.8791	0.0596	0.0014
2.25	1.7818	0.0525	0.0017
2.26	1.7156	0.0498	0.0018
2.27	1.6689	0.0455	0.0019
2.28	1.5872	0.045	0.002
2.29	1.5677	0.043	0.0021
2.3	1.5366	0.0356	0.0022
2.31	1.521	0.0339	0.0022
2.32	1.5093	0.0315	0.0023
2.33	1.4938	0.0311	0.0023
2.34	1.4626	0.0302	0.0024
2.35	1.4471	0.0295	0.0025
2.36	1.4471	0.0281	0.0026
2.37	1.4393	0.0288	0.0026
2.38	1.4315	0.0295	0.0027
2.39	1.412	0.0303	0.0028
2.4	1.3692	0.0311	0.0029
2.41	1.3537	0.0316	0.0029
2.42	1.3537	0.0317	0.003
2.43	1.3109	0.0317	0.003
2.44	1.2719	0.0318	0.0032
2.45	1.27	0.0317	0.0009
2.46	1.268	0.0315	0.0024
2.47	1.2252	0.0313	0.0025
2.48	1.1785	0.0311	0.0026
2.49	1.1591	0.0311	0.0026
2.5	1.1396	0.0296	0.0025
2.51	1.1124	0.0281	0.0025
2.52	1.1085	0.0281	0.0025
2.53	1.1046	0.0279	0.0025
2.54	1.0812	0.027	0.0025
2.55	1.1109	0.0253	0.0025
2.56	1.1406	0.0252	0.0024
2.57	1.2019	0.0251	0.0024
2.58	1.2369	0.025	0.0021
2.59	1.2447	0.0248	0.002
2.6	1.2953	0.0236	0.003
2.61	1.3537	0.0237	0.004
2.62	1.4432	0.0238	0.0043
2.63	1.4665	0.0244	0.004
2.64	1.5483	0.0251	0.0046
2.65	1.5911	0.0271	0.0046
2.66	1.6572	0.0282	0.0046
2.67	1.7312	0.0282	0.0049
2.68	1.9764	0.0306	0.0051
2.69	2.0814	0.0316	0.0053
2.7	2.1632	0.0333	0.0052
2.71	2.2021	0.0354	0.0055
2.72	2.2838	0.0383	0.0059
2.73	2.4006	0.0421	0.0063
2.74	2.4901	0.0426	0.0064
2.75	2.599	0.0433	0.0064
2.76	2.6613	0.0421	0.0066
2.77	2.6808	0.041	0.0066
2.78	2.7236	0.042	0.0067
2.79	2.7392	0.043	0.0067
2.8	2.8014	0.0459	0.0067
2.81	2.8559	0.0484	0.0067
2.82	2.9182	0.0513	0.0068
2.83	3.0038	0.0533	0.0068
2.84	3.1205	0.0544	0.0068
2.85	3.3074	0.0555	0.0068
2.86	3.393	0.0569	0.0069
2.87	3.4942	0.0564	0.0068
2.88	3.5564	0.0572	0.0069
2.89	3.6732	0.0576	0.0069
2.9	3.8211	0.058	0.0068
2.91	4.1091	0.0651	0.0068
2.92	4.2064	0.0642	0.0068
2.93	4.3231	0.0654	0.0069
2.94	4.4749	0.0687	0.0069
2.95	4.6228	0.076	0.0069
2.96	4.8018	0.0846	0.0069
2.97	4.8602	0.0851	0.0069
2.98	4.9575	0.0868	0.007
2.99	5.0742	0.0905	0.0069
3	5.117	0.0925	0.0069
3.01	5.0626	0.0924	0.0069
3.02	4.938	0.0922	0.0067
3.03	4.7434	0.0908	0.0068
3.04	4.724	0.0901	0.0069
3.05	4.6578	0.0894	0.0069
3.06	4.5994	0.0901	0.0069
3.07	4.4827	0.0895	0.0068
3.08	4.3231	0.0895	0.0068
3.09	4.2103	0.0896	0.0068
3.1	4.2336	0.0927	0.0067
3.11	4.2025	0.0942	0.0067
3.12	4.1674	0.0945	0.0067
3.13	4.074	0.0947	0.0067
3.14	3.9845	0.0952	0.0063
3.15	3.93	0.0956	0.0056
3.16	3.8483	0.0994	0.0058
3.17	3.7783	0.0994	0.0059
3.18	3.6926	0.1009	0.006
3.19	3.5175	0.1011	0.006
3.2	3.4436	0.101	0.0062
3.21	3.393	0.1009	0.0063
3.22	3.3385	0.0986	0.0064
3.23	3.3404	0.0955	0.0065
3.24	3.3424	0.0927	0.0065
3.25	3.3891	0.088	0.0066
3.26	3.5331	0.0878	0.0066
3.27	3.716	0.0884	0.0067
3.28	3.9339	0.0891	0.0067
3.29	4.1207	0.089	0.0067
3.3	4.327	0.0889	0.0068
3.31	4.5294	0.0894	0.0068
3.32	5.0042	0.0899	0.0068
3.33	5.1988	0.091	0.0069
3.34	5.3739	0.0953	0.007
3.35	5.5218	0.1111	0.0069
3.36	5.732	0.1141	0.007
3.37	5.8565	0.1209	0.007
3.38	7.1953	0.1274	0.0067
3.39	7.063	0.1328	0.0066
3.4	6.9073	0.1454	0.0066
3.41	6.7827	0.1479	0.0067
3.42	6.5765	0.1641	0.0067
3.43	6.4909	0.1729	0.0067
3.44	6.4364	0.1774	0.0067
3.45	6.343	0.1819	0.0068
3.46	6.2768	0.1867	0.0069
3.47	6.1133	0.1927	0.007
3.48	6.1133	0.1928	0.007
3.49	5.9149	0.1922	0.0071
3.5	5.7981	0.1916	0.0071
3.51	5.6775	0.1884	0.0071
3.52	5.5296	0.1852	0.0071
3.53	5.4128	0.1778	0.0072
3.54	5.2104	0.1741	0.0073
3.55	5.0626	0.1732	0.0074
3.56	4.9536	0.1696	0.0074
3.57	4.8407	0.1672	0.0075
3.58	4.7551	0.1675	0.0075
3.59	4.6967	0.1643	0.0076
3.6	4.5955	0.1481	0.0076
3.61	4.5294	0.1434	0.0076
3.62	4.4905	0.1376	0.0076
3.63	4.4593	0.134	0.0076
3.64	4.4165	0.1293	0.0076
3.65	4.3192	0.1247	0.0076
3.66	4.2453	0.1207	0.0076
3.67	4.1986	0.1166	0.0076
3.68	4.1363	0.1137	0.0077
3.69	4.0702	0.1101	0.0077
3.7	3.969	0.1086	0.0077
3.71	3.7277	0.1052	0.0077
3.72	3.607	0.1038	0.0077
3.73	3.537	0.1013	0.0078
3.74	3.5097	0.0961	0.0078
3.75	3.4708	0.0928	0.0078
3.76	3.4514	0.0894	0.0078
3.77	3.4552	0.0893	0.0079
3.78	3.4475	0.0891	0.0079
3.79	3.4202	0.0889	0.008
3.8	3.4163	0.0883	0.008
3.81	3.4047	0.0866	0.008
3.82	3.3618	0.0817	0.008
3.83	3.3424	0.0791	0.008
3.84	3.2879	0.0758	0.008
3.85	3.2373	0.073	0.008
3.86	3.1906	0.0706	0.0081
3.87	3.1478	0.0671	0.0081
3.88	3.1283	0.0632	0.0081
3.89	3.1011	0.0614	0.0081
3.9	3.1011	0.0617	0.0082
3.91	3.103	0.0613	0.0083
3.92	3.105	0.061	0.0083
3.93	3.1128	0.0578	0.0083
3.94	3.1244	0.0565	0.0083
3.95	3.1556	0.0548	0.0083
3.96	3.1244	0.0523	0.0084
3.97	3.1089	0.0515	0.0084
3.98	3.1167	0.0503	0.0084
3.99	3.1245	0.0498	0.0084
4	3.1556	0.0469	0.0084
4.01	3.1634	0.0446	0.0084
4.02	3.1789	0.0439	0.0085
4.03	3.2451	0.0442	0.0085
4.04	3.284	0.0444	0.0085
4.05	3.3346	0.0456	0.0085
4.06	3.4163	0.0449	0.0085
4.07	3.4825	0.047	0.0086
4.08	3.5058	0.0477	0.0085
4.09	3.5058	0.0486	0.0086
4.1	3.4708	0.0525	0.0085
4.11	3.4514	0.0551	0.0086
4.12	3.4124	0.0565	0.0086
4.13	3.4163	0.0586	0.0086
4.14	3.3774	0.0592	0.0086
4.15	3.3657	0.0601	0.0086
4.16	3.3307	0.0612	0.0086
4.17	3.2684	0.0623	0.0086
4.18	3.2217	0.0671	0.0086
4.19	3.1789	0.0673	0.0087
4.2	3.1322	0.0675	0.0087
4.21	3.1128	0.0673	0.0087
4.22	3.0622	0.0671	0.0088
4.23	3.0271	0.0671	0.0087
4.24	2.9921	0.067	0.0088
4.25	2.9571	0.0668	0.0088
4.26	2.8987	0.0668	0.0088
4.27	2.8598	0.0668	0.0088
4.28	2.8248	0.0662	0.0088
4.29	2.8209	0.0651	0.0088
4.3	2.817	0.064	0.0088
4.31	2.817	0.0639	0.0088
4.32	2.8092	0.0638	0.0088
4.33	2.7936	0.0633	0.0088
4.34	2.7392	0.0623	0.0088
4.35	2.6691	0.0613	0.0088
4.36	2.4628	0.0598	0.0088
4.37	2.385	0.0588	0.0088
4.38	2.2877	0.0574	0.0087
4.39	2.1865	0.056	0.0086
4.4	2.1048	0.0551	0.0086
4.41	1.9413	0.0563	0.0086
4.42	1.8674	0.0575	0.0086
4.43	1.7973	0.0578	0.0085
4.44	1.7195	0.0577	0.0085
4.45	1.6572	0.0576	0.0085
4.46	1.5716	0.0567	0.0085
4.47	1.522	0.0568	0.0084
4.48	1.5195	0.0511	0.0084
4.49	1.5171	0.0517	0.0071
4.5	1.4743	0.0499	0.0082
4.51	1.4082	0.0499	0.0081
4.52	1.3731	0.0488	0.008
4.53	1.3537	0.0486	0.008
4.54	1.3284	0.0475	0.008
4.55	1.3167	0.0461	0.008
4.56	1.305	0.0455	0.008
4.57	1.307	0.0442	0.008
4.58	1.2953	0.0431	0.0081
4.59	1.2603	0.0411	0.0081
4.6	1.2369	0.04	0.0081
4.61	1.198	0.039	0.0081
4.62	1.163	0.0378	0.008
4.63	1.1163	0.0366	0.008
4.64	1.0696	0.0366	0.008
4.65	1.0229	0.0319	0.008
4.66	0.9411	0.0311	0.008
4.67	0.9217	0.0299	0.0079
4.68	0.9061	0.0292	0.0078
4.69	0.9022	0.0277	0.0077
4.7	0.9149	0.026	0.0078
4.71	0.9275	0.0255	0.0078
4.72	0.9567	0.0256	0.0078
4.73	0.9995	0.0257	0.0078
4.74	1.0462	0.0257	0.0078
4.75	1.1124	0.0278	0.0077
4.76	1.1941	0.0271	0.0077
4.77	1.3148	0.032	0.0079
4.78	1.3926	0.033	0.0079
4.79	1.5054	0.0336	0.008
4.8	1.6144	0.0353	0.008
4.81	1.6923	0.0384	0.0081
4.82	1.7273	0.0395	0.0082
4.83	1.7934	0.0404	0.0082
4.84	1.809	0.0431	0.0082
4.85	1.8246	0.0435	0.0083
4.86	1.8557	0.0436	0.0083
4.87	1.883	0.0438	0.0083
4.88	1.9102	0.0436	0.0084
4.89	1.9569	0.0434	0.0084
4.9	2.0503	0.0432	0.0084
4.91	2.0659	0.0432	0.0085
4.92	2.0737	0.0436	0.0084
4.93	2.0853	0.0441	0.0085
4.94	2.0931	0.0462	0.0085
4.95	2.0737	0.0483	0.0085
4.96	2.0678	0.0481	0.0085
4.97	2.062	0.0486	0.0085
4.98	2.0737	0.0489	0.0085
4.99	2.0464	0.0497	0.0085
5	1.9919	0.0493	0.0085
5.01	1.8596	0.0489	0.0086
5.02	1.8285	0.0486	0.0085
5.03	1.809	0.0479	0.0085
5.04	1.7973	0.0469	0.0086
5.05	1.7973	0.0461	0.0086
5.06	1.739	0.0454	0.0085
5.07	1.7	0.0455	0.0085
5.08	1.6417	0.0456	0.0085
5.09	1.6339	0.0455	0.0086
5.1	1.63	0.0455	0.0086
5.11	1.6494	0.0443	0.0086
5.12	1.6144	0.0432	0.0086
5.13	1.5755	0.0416	0.0086
5.14	1.5366	0.0414	0.0086
5.15	1.4938	0.0412	0.0085
5.16	1.4354	0.0402	0.0085
5.17	1.3848	0.0398	0.0085
5.18	1.342	0.0386	0.0085
5.19	1.2992	0.0379	0.0084
5.2	1.2603	0.0372	0.0084
5.21	1.2369	0.0352	0.0084
5.22	1.233	0.0339	0.0084
5.23	1.2291	0.0334	0.0085
5.24	1.1396	0.0295	0.0085
5.25	1.1163	0.0293	0.0085
5.26	1.1143	0.0289	0.0084
5.27	1.1163	0.0287	0.0084
5.28	1.1183	0.0286	0.0084
5.29	1.1241	0.0274	0.0084
5.3	1.1279	0.0263	0.0084
5.31	1.1085	0.0256	0.0084
5.32	1.0851	0.0251	0.0084
5.33	1.0501	0.0248	0.0084
5.34	1.0306	0.0248	0.0084
5.35	1.0034	0.0249	0.0084
5.36	0.9645	0.0255	0.0083
5.37	0.9411	0.0259	0.0083
5.38	0.9178	0.0262	0.0084
5.39	0.9139	0.0263	0.0084
5.4	0.91	0.0263	0.0084
5.41	0.9139	0.0263	0.0084
5.42	0.9061	0.0263	0.0084
5.43	0.8866	0.0263	0.0084
5.44	0.8808	0.0263	0.0083
5.45	0.875	0.0254	0.0082
5.46	0.8711	0.0245	0.008
5.47	0.8633	0.0244	0.008
5.48	0.8438	0.0244	0.008
5.49	0.8361	0.0252	0.008
5.5	0.8205	0.0259	0.008
5.51	0.7894	0.0257	0.008
5.52	0.7874	0.0255	0.008
5.53	0.8078	0.0249	0.008
5.54	0.8283	0.0242	0.0071
5.55	0.8555	0.0243	0.007
5.56	0.8419	0.0239	0.0069
5.57	0.8283	0.0236	0.0069
5.58	0.8283	0.0236	0.0069
5.59	0.801	0.0234	0.007
5.6	0.7582	0.0231	0.0071
5.61	0.7271	0.0231	0.0071
5.62	0.7154	0.0219	0.0071
5.63	0.7115	0.0195	0.0071
5.64	0.7037	0.0186	0.0071
5.65	0.696	0.0179	0.0071
5.66	0.6921	0.0172	0.0071
5.67	0.6882	0.0161	0.0071
5.68	0.6765	0.0149	0.0072
5.69	0.6765	0.0131	0.0072
5.7	0.6492	0.0118	0.0073
5.71	0.6415	0.0088	0.0074
5.72	0.6259	0.0072	0.0075
5.73	0.624	0.0059	0.0075
5.74	0.6291	0.0064	0.0075
5.75	0.6342	0.0065	0.0075
5.76	0.6454	0.0064	0.0075
5.77	0.7388	0.0064	0.0075
5.78	0.8438	0.0054	0.0074
5.79	0.8866	0.0039	0.0075
5.8	0.9022	-0.0008	0.0075
5.81	0.91	0.0004	0.0074
5.82	0.9178	0.0015	0.0073
5.83	1.0151	0.0063	0.0073
5.84	1.1396	0.0102	0.0074
5.85	1.307	0.0116	0.0075
5.86	1.5366	0.0152	0.0076
5.87	1.9997	0.0225	0.0077
5.88	2.2566	0.0274	0.0076
5.89	2.4706	0.0309	0.008
5.9	2.599	0.0344	0.0075
5.91	2.708	0.0377	0.0069
5.92	2.7236	0.0424	0.0038
5.93	2.7197	0.0553	0.0028
5.94	2.7158	0.0586	0.0021
5.95	2.7392	0.0616	0.0011
5.96	2.6613	0.064	-0.0002
5.97	2.6263	0.0696	-0.0053
5.98	2.6146	0.0726	-0.0062
5.99	2.5485	0.0775	-0.0065
6	2.3772	0.0818	-0.0065
6.01	2.3558	0.0863	-0.0066
6.02	2.3344	0.0897	-0.0067
6.03	2.3344	0.089	-0.0069
6.04	2.3072	0.0883	-0.0069
6.05	2.2799	0.0852	-0.0073
6.06	2.2371	0.0834	-0.0075
6.07	2.1865	0.0811	-0.0074
6.08	2.1048	0.0784	-0.0076
6.09	2.0425	0.072	-0.0076
6.1	1.9919	0.0709	-0.0076
6.11	1.8207	0.0664	-0.0075
6.12	1.8051	0.064	-0.0073
6.13	1.7662	0.0617	-0.0073
6.14	1.7117	0.0589	-0.0073
6.15	1.6767	0.0565	-0.0073
6.16	1.6689	0.0536	-0.0065
6.17	1.6222	0.0494	-0.006
6.18	1.5794	0.0481	-0.0046
6.19	1.5599	0.0465	-0.0032
6.2	1.5016	0.0443	-0.0015
6.21	1.451	0.0424	-0.0007
6.22	1.412	0.0393	0.0009
6.23	1.3965	0.0358	0.0016
6.24	1.307	0.0335	0.0018
6.25	1.2486	0.032	0.0015
6.26	1.1902	0.03	0.0018
6.27	1.1318	0.028	0.0026
6.28	1.1046	0.0263	0.0026
6.29	1.0958	0.0262	0.0026
6.3	1.0924	0.0263	0.0026
6.31	1.0946	0.0264	0.0025
6.32	1.0968	0.0274	0.0025
6.33	1.1085	0.0281	0.0026
6.3401	1.1007	0.0288	0.0023
6.3501	1.1474	0.0328	0.0026
6.3601	1.1708	0.0373	0.0026
6.3701	1.2525	0.0382	0.0023
6.3801	1.3186	0.0419	0.0027
6.3901	1.3965	0.0418	0.0029
6.4001	1.556	0.0417	0.0028
6.4101	1.5833	0.0414	0.003
6.4201	1.6494	0.0414	0.0033
6.4301	1.6923	0.0415	0.0034
6.4401	1.8051	0.0419	0.0034
6.4501	1.9024	0.0424	0.0032
6.4601	2.0775	0.0443	0.0037
6.4701	2.1476	0.0478	0.004
6.4801	2.1515	0.0514	0.0038
6.4901	2.0698	0.055	0.003
6.5001	2.027	0.0561	0.0023
6.5101	2.0308	0.0572	0.0023
6.5201	1.9764	0.057	0.0022
6.5301	1.9063	0.0572	0.0019
6.5401	1.8401	0.0503	0.0019
6.5501	1.7857	0.0498	0.0019
6.5601	1.7467	0.0509	0.0018
6.5701	1.6923	0.0521	0.0017
6.5801	1.5755	0.0514	0.0017
6.5901	1.5483	0.0508	0.0017
6.6001	1.451	0.0494	0.0017
6.6101	1.3498	0.0462	0.0017
6.6201	1.163	0.043	0.0016
6.6301	1.1474	0.0367	0.0018
6.6401	1.0423	0.0346	0.0021
6.6501	0.984	0.0311	0.0021
6.6601	0.9411	0.0284	0.0021
6.6701	0.9139	0.0246	0.0022
6.6801	0.9119	0.0242	0.0022
6.6901	0.91	0.0236	0.0022
6.7001	0.9178	0.0232	0.0022
6.7101	0.91	0.0208	0.0022
6.7201	0.9129	0.0215	0.0022
6.7301	0.9158	0.0215	0.0022
6.7401	0.9295	0.0216	0.0022
6.7501	0.9684	0.0225	0.0022
6.7601	1.0073	0.0242	0.0022
6.7701	1.0735	0.0241	0.0022
6.7801	1.198	0.0242	0.0022
6.7901	1.2914	0.0242	0.0022
6.8001	1.4198	0.0244	0.0023
6.8101	1.7545	0.0315	0.0024
6.8201	1.918	0.034	0.0026
6.8301	2.1748	0.0345	0.0026
6.8401	2.42	0.0371	0.0028
6.8501	2.7275	0.0445	0.0026
6.8601	3.3268	0.0504	0.0029
6.8701	3.5603	0.0581	0.0028
6.8801	3.6576	0.062	0.0022
6.8901	3.7316	0.0679	0.0019
6.9001	3.8211	0.0694	0.0018
6.9101	3.7822	0.0709	0.0011
6.9201	3.6849	0.0711	0.0009
6.9301	3.6226	0.0709	0.0005
6.9401	3.5448	0.0708	0.0005
6.9501	3.4708	0.0709	0.0004
6.9601	3.4805	0.0709	0.0004
6.9701	3.4902	0.0837	0.0005
6.9801	3.5681	0.0845	0.0005
6.9901	3.7004	0.0848	0.0006
7.0001	3.8483	0.0851	0.0006
7.0101	4.1052	0.085	-0.0003
7.0201	4.3893	0.0854	-0.0011
7.0301	4.5255	0.0858	-0.0016
7.0401	4.6111	0.0866	-0.002
7.0501	4.6695	0.0874	-0.0023
7.0601	4.6928	0.0881	-0.0024
7.0701	4.6384	0.09	-0.0025
7.0801	4.5605	0.0923	-0.0027
7.0901	4.5216	0.1037	-0.0031
7.1001	4.3698	0.1035	-0.0032
7.1101	4.3134	0.1098	-0.0036
7.1201	4.3056	0.114	-0.0037
7.1301	4.3222	0.1217	-0.0037
7.1401	4.3387	0.1301	-0.0037
7.1501	4.4944	0.1325	-0.0037
7.1601	5.0314	0.131	-0.0037
7.1701	5.3544	0.1327	-0.0038
7.1801	5.5607	0.1329	-0.0038
7.1901	5.7047	0.1331	-0.0038
7.2001	5.693	0.1339	-0.0038
7.2101	5.7164	0.1468	-0.004
7.2201	5.8837	0.1532	-0.0042
7.2301	6.1289	0.1621	-0.0043
7.2401	6.304	0.1716	-0.0044
7.2501	6.3975	0.1747	-0.0045
7.2601	6.4792	0.1875	-0.0046
7.2701	6.5531	0.1916	-0.0048
7.2801	6.7049	0.1916	-0.0049
7.2901	6.8878	0.1915	-0.005
7.3001	7.1097	0.1913	-0.005
7.3101	7.4015	0.1912	-0.005
7.3201	7.6895	0.1914	-0.0051
7.3301	7.9464	0.1916	-0.0051
7.3401	7.8141	0.1968	-0.0051
7.3501	7.4949	0.1976	-0.0052
7.3601	7.0046	0.1979	-0.0053
7.3701	6.3897	0.198	-0.0055
7.3801	5.911	0.1853	-0.0057
7.3901	4.8719	0.1727	-0.0059
7.4001	4.4438	0.159	-0.0061
7.4101	3.8795	0.1464	-0.0061
7.4201	3.428	0.1368	-0.0061
7.4301	3.0933	0.132	-0.0062
7.4401	2.8131	0.1312	-0.0062
7.4501	2.6458	0.1292	-0.0062
7.4601	2.5854	0.12	-0.0061
7.4701	2.5983	0.1099	-0.0061
7.4801	2.6112	0.0967	-0.006
7.4901	2.638	0.0889	-0.006
7.5001	2.6769	0.0755	-0.0059
7.5101	2.6302	0.0671	-0.0058
7.5201	2.5407	0.0568	-0.0057
7.5301	2.494	0.0521	-0.0057
7.5401	2.4628	0.0482	-0.0057
7.5501	2.42	0.0439	-0.0057
7.5601	2.4064	0.0403	-0.0056
7.5701	2.4093	0.0389	-0.0054
7.5801	2.4122	0.0373	-0.0054
7.5901	2.4317	0.0361	-0.0053
7.6001	2.4512	0.0349	-0.0053
7.6101	2.4979	0.0337	-0.0052
7.6201	2.4628	0.0341	-0.0052
7.6301	2.3266	0.0334	-0.0052
7.6401	2.2176	0.0315	-0.0052
7.6501	2.1009	0.031	-0.0052
7.6601	2.0231	0.0306	-0.0052
7.6701	1.9608	0.0301	-0.0052
7.6801	1.8246	0.0297	-0.0051
7.6901	1.7818	0.0282	-0.0051
7.7001	1.774	0.0277	-0.005
7.7101	1.7312	0.0271	-0.005
7.7201	1.6417	0.0272	-0.0048
7.7301	1.5522	0.0269	-0.0044
7.7401	1.4782	0.0269	-0.0043
7.7501	1.4393	0.0268	-0.0043
7.7601	1.4276	0.0267	-0.0042
7.7701	1.4159	0.0263	-0.0043
7.7801	1.3926	0.0259	-0.0043
7.7901	1.3809	0.0253	-0.0043
7.8001	1.3731	0.0249	-0.0042
7.8101	1.3653	0.0246	-0.0042
7.8201	1.3303	0.0246	-0.0042
7.8301	1.3108	0.0243	-0.0042
7.8401	1.305	0.0242	-0.0042
7.8501	1.306	0.0245	-0.0042
7.8601	1.307	0.0247	-0.0042
7.8701	1.3303	0.0248	-0.0041
7.8801	1.3303	0.0247	-0.0041
7.8901	1.339	0.0247	-0.0041
7.9001	1.3478	0.0247	-0.0042
7.9101	1.3653	0.0248	-0.0041
7.9201	1.3731	0.0249	-0.0041
7.9301	1.3692	0.0245	-0.0041
7.9401	1.3887	0.0241	-0.004
7.9501	1.4082	0.024	-0.004
7.9601	1.412	0.0244	-0.004
7.9701	1.4198	0.0248	-0.004
7.9801	1.4237	0.025	-0.004
7.9901	1.4276	0.0251	-0.004
8.0001	1.4549	0.0252	-0.004
8.0101	1.4899	0.0254	-0.004
8.0201	1.5522	0.0255	-0.0039
8.0301	1.5911	0.0255	-0.0039
8.0401	1.5755	0.0254	-0.0039
8.0501	1.5833	0.0253	-0.0038
8.0601	1.6417	0.0246	-0.0038
8.0701	1.7039	0.0241	-0.0038
8.0801	1.7701	0.0241	-0.0038
8.0901	1.8713	0.0229	-0.0037
8.1001	1.8946	0.0228	-0.0037
8.1101	1.9024	0.0208	-0.0037
8.1201	1.9063	0.0199	-0.0037
8.1301	1.9024	0.0188	-0.0037
8.1401	1.8907	0.0179	-0.0037
8.1501	1.8752	0.0152	-0.0037
8.1601	1.8635	0.0149	-0.0036
8.1701	1.8363	0.0148	-0.0036
8.1801	1.8304	0.0157	-0.0036
8.1901	1.8295	0.0166	-0.0036
8.2001	1.829	0.0173	-0.0036
8.2101	1.854	0.018	-0.0036
8.2201	1.8791	0.0178	-0.0036
8.2301	1.8752	0.0181	-0.0036
8.2401	1.9258	0.0183	-0.0036
8.2501	1.9452	0.0211	-0.0036
8.2601	1.9024	0.0208	-0.0036
8.2701	1.8791	0.0205	-0.0035
8.2801	1.8796	0.0196	-0.0036
8.2901	1.88	0.0197	-0.0036
8.3001	1.8946	0.0198	-0.0036
8.3101	1.9141	0.0204	-0.0035
8.3201	1.8985	0.0236	-0.0035
8.3301	1.9219	0.025	-0.0035
8.3401	1.9452	0.0276	-0.0034
8.3501	1.9725	0.0281	-0.0034
8.3601	2.0347	0.0289	-0.0034
8.3701	2.0698	0.0295	-0.0033
8.3801	2.0425	0.0295	-0.0034
8.3901	2.062	0.0295	-0.0034
8.4001	2.0892	0.0291	-0.0033
8.4101	2.1087	0.0289	-0.0033
8.4201	2.1165	0.0289	-0.0032
8.4301	2.1242	0.0302	-0.0032
8.4401	2.132	0.0314	-0.0032
8.4501	2.1242	0.0319	-0.0032
8.4601	2.1257	0.0328	-0.0032
8.4701	2.1272	0.033	-0.0032
8.4801	2.132	0.033	-0.0032
8.4901	2.1554	0.033	-0.0032
8.5001	2.1748	0.0318	-0.0032
8.5101	2.1748	0.0302	-0.0032
8.5201	2.1826	0.0295	-0.0032
8.5301	2.206	0.029	-0.0031
8.5401	2.2021	0.0284	-0.0031
8.5501	2.2138	0.0261	-0.0031
8.5601	2.2215	0.0264	-0.0031
8.5701	2.2021	0.0253	-0.003
8.5801	2.1671	0.0243	-0.003
8.5901	2.1476	0.0227	-0.003
8.6001	2.1398	0.0228	-0.003
8.6101	2.1301	0.023	-0.0029
8.6201	2.1301	0.0237	-0.0029
8.6301	2.1349	0.0244	-0.0029
8.6401	2.1398	0.0255	-0.0028
8.6501	2.1515	0.0254	-0.0029
8.6601	2.1982	0.0262	-0.0028
8.6701	2.2215	0.0275	-0.0028
8.6801	2.2527	0.0284	-0.0028
8.6901	2.2527	0.0285	-0.0028
8.7001	2.2682	0.0289	-0.0028
8.7101	2.3033	0.0293	-0.0028
8.7201	2.3344	0.029	-0.0028
8.7301	2.3344	0.029	-0.0028
8.7401	2.2955	0.0289	-0.0028
8.7501	2.2644	0.006	-0.0028
8.7601	2.2293	0.0061	-0.0027
8.7701	2.1671	0.0061	-0.0027
8.7801	2.1204	0.0289	-0.0026
8.7901	2.0698	0.0332	-0.0027
8.8001	2.062	0.0344	-0.0026
8.8101	2.0503	0.0338	-0.0026
8.8201	2.0192	0.0354	-0.0026
8.8301	1.9686	0.0356	-0.0026
8.8401	1.9452	0.0355	-0.0025
8.8501	1.9219	0.0354	-0.0023
8.8601	1.9219	0.0352	-0.0022
8.8701	1.9141	0.0349	-0.0022
8.8801	1.8868	0.0342	-0.0022
8.8901	1.8732	0.032	-0.0022
8.9001	1.8664	0.0314	-0.0022
8.9101	1.8844	0.0307	-0.0021
8.9201	1.9024	0.0303	-0.0021
8.9301	1.9219	0.0292	-0.0021
8.9401	1.9102	0.029	-0.002
8.9501	1.9082	0.0288	-0.002
8.9601	1.9112	0.0289	-0.002
8.9701	1.9141	0.0285	-0.002
8.9801	1.918	0.0273	-0.002
8.9901	1.9608	0.0284	-0.0019
9.0001	1.988	0.0266	-0.0019
9.0101	2.0464	0.0248	-0.0019
9.0201	2.062	0.023	-0.0019
9.0301	2.0931	0.0228	-0.0019
9.0401	2.1554	0.0222	-0.0019
9.0501	2.2138	0.0215	-0.0019
9.0601	2.2682	0.0224	-0.0019
9.0701	2.5718	0.0234	-0.0018
9.0801	2.6963	0.0242	-0.0017
9.0901	2.7975	0.0251	-0.0017
9.1001	2.8793	0.025	-0.0017
9.1101	2.9804	0.0283	-0.0017
9.1201	3.2023	0.0316	-0.0016
9.1301	3.2957	0.0328	-0.0016
9.1401	3.4008	0.0335	-0.0016
9.1501	3.5837	0.037	-0.0015
9.1601	3.8289	0.0393	-0.0015
9.1701	4.039	0.045	-0.0015
9.1801	4.1947	0.0505	-0.0015
9.1901	4.4399	0.0558	-0.0014
9.2001	4.615	0.0608	-0.0014
9.2101	4.7668	0.0644	-0.0013
9.2201	4.9302	0.0687	-0.0013
9.2301	5.1365	0.0835	-0.0012
9.2401	5.3817	0.0896	-0.0011
9.2501	6.0044	0.0983	-0.0011
9.2601	6.4442	0.1104	-0.0011
9.2701	6.9073	0.1243	-0.0011
9.2801	7.3587	0.1304	-0.0009
9.2901	7.8802	0.1514	-0.0009
9.3001	9.0244	0.1826	-0.0009
9.3101	9.5226	0.1965	-0.0008
9.3201	9.9079	0.205	-0.0007
9.3301	10.239	0.2113	-0.0007
9.3401	10.554	0.2244	-0.0007
9.3501	10.889	0.2374	-0.0007
9.3601	10.9	0.2493	-0.0007
9.3701	10.659	0.2563	-0.0007
9.3801	10.239	0.2576	-0.0007
9.3901	9.8067	0.2572	-0.0007
9.4001	9.3669	0.2568	-0.0007
9.4101	8.4056	0.2364	-0.0006
9.4201	7.8257	0.2307	-0.0006
9.4301	7.0824	0.2274	-0.0005
9.4401	6.5843	0.2218	-0.0006
9.4501	6.2262	0.2162	-0.0006
9.4601	5.8176	0.2073	-0.0005
9.4701	5.4595	0.1773	-0.0005
9.4801	4.9419	0.1646	-0.0005
9.4901	4.6851	0.1512	-0.0005
9.5001	4.4126	0.1373	-0.0004
9.5101	4.218	0.1221	-0.0004
9.5201	4.0351	0.1102	-0.0004
9.5301	3.8639	0.0971	-0.0003
9.5401	3.5642	0.0788	-0.0003
9.5501	3.4397	0.0766	-0.0003
9.5601	3.3657	0.0767	-0.0002
9.5701	3.2957	0.0748	-0.0002
9.5801	3.249	0.0756	-0.0002
9.5901	3.175	0.0688	-0.0001
9.6001	3.1673	0.0643	-0.0001
9.6101	3.1634	0.0602	0
9.6201	3.1478	0.0608	0
9.6301	3.1205	0.058	0.0001
9.6401	3.0972	0.0576	0.0001
9.6501	3.0116	0.0543	0.0001
9.6601	2.9493	0.0529	0.0001
9.6701	2.9065	0.0488	0.0001
9.6801	2.8715	0.0458	0.0002
9.6901	2.8092	0.0441	0.0002
9.7001	2.6847	0.0412	0.0003
9.7101	2.673	0.0329	0.0003
9.7201	2.6769	0.0339	0.0004
9.7301	2.6457	0.0306	0.0004
9.7401	2.6146	0.0291	0.0005
9.7501	2.5679	0.0285	0.0005
9.7601	2.5368	0.0272	0.0005
9.7701	2.5095	0.0266	0.0005
9.7801	2.5056	0.0265	0.0005
9.7901	2.5056	0.0265	0.0006
9.8001	2.5115	0.026	0.0007
9.8101	2.5173	0.026	0.0007
9.8201	2.5601	0.0263	0.0007
9.8301	2.6574	0.0266	0.0007
9.8401	2.6808	0.0263	0.0008
9.8501	2.673	0.0273	0.0009
9.8601	2.7275	0.0272	0.0009
9.8701	2.8014	0.0291	0.0009
9.8801	2.852	0.0317	0.0009
9.8901	2.9337	0.0343	0.0009
9.9001	3.0116	0.0363	0.001
9.9101	3.0894	0.0396	0.001
9.9201	3.175	0.0427	0.0011
9.9301	3.2801	0.0461	0.0011
9.9401	3.3229	0.0491	0.0011
9.9501	3.4319	0.0493	0.0014
9.9601	3.5409	0.0493	0.0014
9.9701	3.5486	0.0493	0.0015
9.9801	3.5253	0.0494	0.0015
9.9901	3.4864	0.0494	0.0015
10	3.4319	0.0507	0.0015
10.01	3.3424	0.0513	0.0016
10.02	3.319	0.0506	0.0016
10.03	3.3248	0.0498	0.0016
10.04	3.3307	0.0478	0.0016
10.05	3.356	0.0463	0.0016
10.06	3.3813	0.0463	0.0016
10.07	3.3579	0.0443	0.0016
10.08	3.3229	0.0439	0.0017
10.09	3.2529	0.0427	0.0017
10.1	3.1478	0.0414	0.0017
10.11	3.0933	0.0414	0.0016
10.12	3.031	0.0416	0.0016
10.13	2.9493	0.0418	0.0016
10.14	2.8637	0.0414	0.0016
10.15	2.7625	0.0409	0.0016
10.16	2.5407	0.0396	0.0016
10.17	2.4473	0.0381	0.0015
10.18	2.3616	0.0362	0.0016
10.19	2.2799	0.0338	0.0015
10.2	2.1632	0.0324	0.0015
10.21	2.0863	0.0297	0.0015
10.22	2.0489	0.0296	0.0015
10.23	2.0651	0.0292	0.0015
10.24	2.0814	0.0288	0.0016
10.25	2.2293	0.0295	0.0016
10.26	2.4473	0.0303	0.0016
10.27	2.743	0.032	0.0016
10.28	3.4552	0.0328	0.0017
10.29	3.8055	0.0336	0.0017
10.3	4.0896	0.034	0.0017
10.31	4.3076	0.0378	0.0017
10.32	4.401	0.038	0.0017
10.33	4.4243	0.0374	0.0017
10.34	4.2297	0.0367	0.0017
10.35	4.0702	0.0361	0.0017
10.36	3.9339	0.0354	0.0017
10.37	3.7432	0.0353	0.0017
10.38	3.572	0.0352	0.0018
10.39	3.284	0.035	0.0018
10.4	3.1361	0.0348	0.0018
10.41	2.9999	0.0346	0.0018
10.42	2.8831	0.0354	0.0018
10.43	2.8014	0.0357	0.0018
10.44	2.743	0.0358	0.0018
10.45	2.6341	0.035	0.0018
10.46	2.5952	0.0342	0.0018
10.47	2.5562	0.0335	0.0019
10.48	2.5056	0.0323	0.0019
10.49	2.4628	0.0324	0.0019
10.5	2.4045	0.0313	0.0019
10.51	2.2838	0.0307	0.0019
10.52	2.241	0.0303	0.0019
10.53	2.2176	0.0288	0.0019
10.54	2.2021	0.0285	0.002
10.55	2.1904	0.0276	0.002
10.56	2.1671	0.027	0.002
10.57	2.1359	0.0263	0.002
10.58	2.0075	0.0258	0.002
10.59	1.9802	0.0253	0.002
10.6	1.9608	0.0253	0.002
10.61	1.9141	0.0246	0.002
10.62	1.8791	0.0244	0.002
10.63	1.8401	0.0237	0.0021
10.64	1.8324	0.0232	0.0021
10.65	1.8246	0.0232	0.0021
10.66	1.8207	0.0232	0.0021
10.67	1.8129	0.0233	0.0021
10.68	1.8129	0.0235	0.0021
10.69	1.8012	0.0235	0.0021
10.7	1.7857	0.0234	0.0022
10.71	1.7779	0.0232	0.0022
10.72	1.7779	0.023	0.0022
10.73	1.774	0.0228	0.0022
10.74	1.7506	0.0212	0.0022
10.75	1.739	0.0213	0.0022
10.76	1.7234	0.021	0.0022
10.77	1.7117	0.021	0.0022
10.78	1.6923	0.0209	0.0022
10.79	1.6981	0.0209	0.0022
10.8	1.704	0.0209	0.0022
10.81	1.7195	0.021	0.0022
10.82	1.739	0.0211	0.0022
10.83	1.7701	0.0225	0.0022
10.84	1.7779	0.0231	0.0022
10.85	1.7779	0.0233	0.0022
10.86	1.7973	0.0229	0.0022
10.87	1.9102	0.0225	0.0022
10.88	1.9647	0.0217	0.0022
10.89	1.9919	0.022	0.0022
10.9	2.0075	0.0223	0.0022
10.91	1.9802	0.023	0.0023
10.92	1.9764	0.0241	0.0023
10.93	1.9452	0.0245	0.0023
10.94	1.9467	0.0246	0.0023
10.95	1.9481	0.0246	0.0023
10.96	1.9569	0.0242	0.0023
10.97	1.9919	0.0237	0.0023
10.98	1.9997	0.0229	0.0023
10.99	1.953	0.0236	0.0023
11	1.9141	0.0242	0.0024
11.01	1.8791	0.0257	0.0024
11.02	1.8129	0.0267	0.0024
11.03	1.739	0.027	0.0023
11.04	1.6728	0.0266	0.0024
11.05	1.63	0.0263	0.0024
11.06	1.6767	0.0253	0.0024
11.07	1.7234	0.0249	0.0021
11.08	1.8674	0.0246	0.0025
11.09	1.7662	0.0237	0.0025
11.1	1.665	0.0237	0.0025
11.11	1.5833	0.0228	0.0026
11.12	1.4743	0.021	0.0025
11.13	1.4276	0.0213	0.0026
11.14	1.377	0.021	0.0026
11.15	1.3381	0.0213	0.0026
11.16	1.3109	0.0208	0.0026
11.17	1.2914	0.0207	0.0026
11.18	1.2836	0.0206	0.0026
11.19	1.2826	0.0206	0.0026
11.2	1.2831	0.0207	0.0026
11.21	1.2836	0.0209	0.0026
11.22	1.2875	0.0209	0.0026
11.23	1.2914	0.0209	0.0026
11.24	1.2719	0.0214	0.0026
11.25	1.2719	0.0218	0.0026
11.26	1.2642	0.022	0.0026
11.27	1.2564	0.0221	0.0026
11.28	1.2564	0.0219	0.0026
11.29	1.2486	0.0219	0.0026
11.3	1.2408	0.0219	0.0026
11.31	1.2252	0.0219	0.0026
11.32	1.2228	0.0226	0.0027
11.33	1.222	0.0229	0.0027
11.34	1.2314	0.0232	0.0027
11.35	1.2408	0.0235	0.0027
11.36	1.2914	0.0239	0.0027
11.37	1.3031	0.0251	0.0027
11.38	1.3148	0.0262	0.0027
11.39	1.3186	0.0265	0.0028
11.4	1.3225	0.0264	0.0027
11.41	1.3498	0.0276	0.0028
11.42	1.3692	0.0283	0.0028
11.43	1.3848	0.0284	0.0028
11.44	1.412	0.0286	0.0028
11.45	1.4432	0.0288	0.0028
11.46	1.4977	0.0294	0.0029
11.47	1.5444	0.0313	0.0029
11.48	1.6456	0.0333	0.0029
11.49	1.6533	0.0335	0.003
11.5	1.7039	0.0334	0.003
11.51	1.7857	0.0332	0.003
11.52	1.8129	0.0323	0.003
11.53	1.8401	0.0329	0.003
11.54	1.8226	0.0335	0.003
11.55	1.8178	0.0342	0.003
11.56	1.8562	0.0345	0.003
11.57	1.8946	0.0374	0.0031
11.58	1.9764	0.0361	0.0031
11.59	2.097	0.038	0.0031
11.6	2.1748	0.04	0.0032
11.61	2.2916	0.0387	0.0032
11.62	2.385	0.0374	0.0032
11.63	2.4395	0.0399	0.0033
11.64	2.4745	0.0423	0.0033
11.65	2.5796	0.0477	0.0033
11.66	2.6107	0.048	0.0034
11.67	2.6613	0.0489	0.0034
11.68	2.7158	0.0494	0.0034
11.69	2.8248	0.0503	0.0034
11.7	3.0233	0.0532	0.0034
11.71	3.1244	0.0555	0.0034
11.72	3.2217	0.0576	0.0034
11.73	3.2957	0.0614	0.0034
11.74	3.3229	0.0616	0.0034
11.75	3.3229	0.0668	0.0035
11.76	3.3268	0.0686	0.0035
11.77	3.3657	0.0705	0.0035
11.78	3.3346	0.0706	0.0035
11.79	3.2996	0.0708	0.0036
11.8	3.2645	0.0755	0.0035
11.81	3.2723	0.076	0.0036
11.82	3.2217	0.0767	0.0036
11.83	3.0349	0.0775	0.0036
11.84	2.961	0.0773	0.0035
11.85	2.9221	0.077	0.0035
11.86	2.7975	0.0752	0.0035
11.87	2.638	0.0759	0.0035
11.88	2.4823	0.0692	0.0035
11.89	2.2527	0.0665	0.0035
11.9	2.1359	0.0663	0.0034
11.91	2.0153	0.0636	0.0034
11.92	1.9258	0.0594	0.0034
11.93	1.8479	0.0546	0.0035
11.94	1.8129	0.0547	0.0034
11.95	1.7779	0.0528	0.0035
11.96	1.7701	0.0512	0.0035
11.97	1.7584	0.0488	0.0035
11.98	1.7676	0.0464	0.0035
11.99	1.7769	0.0429	0.0035
12	1.7973	0.0399	0.0036
12.01	1.8401	0.0392	0.0036
12.02	1.883	0.038	0.0036
12.03	1.918	0.0375	0.0036
12.04	1.9686	0.037	0.0036
12.05	2.0231	0.0373	0.0037
12.06	2.2254	0.0362	0.0037
12.07	2.3655	0.0352	0.0037
12.08	2.5134	0.0352	0.0038
12.09	2.6613	0.0352	0.0038
12.1	2.7508	0.0322	0.0038
12.11	2.8326	0.0321	0.0038
12.12	2.9182	0.0328	0.0038
12.13	3.0233	0.0335	0.0038
12.14	3.1089	0.0394	0.0039
12.15	3.1867	0.0422	0.0039
12.16	3.2723	0.0458	0.0039
12.17	3.3385	0.0483	0.004
12.18	3.6246	0.0495	0.0043
12.19	3.9106	0.0501	0.0044
12.2	3.8172	0.05	0.0044
12.21	3.6771	0.0499	0.0044
12.22	3.5603	0.0492	0.0044
12.23	3.4358	0.0482	0.0045
12.24	3.1634	0.0482	0.0045
12.25	3.0933	0.0482	0.0045
12.26	3.0977	0.0476	0.0046
12.27	3.1021	0.0473	0.0046
12.28	3.1128	0.0456	0.0047
12.29	3.2801	0.0449	0.0047
12.3	3.3463	0.0442	0.0047
12.31	3.3891	0.0446	0.0047
12.32	3.3813	0.0437	0.0047
12.33	3.3346	0.0424	0.0047
12.34	3.2645	0.0401	0.0048
12.35	3.2101	0.0374	0.0048
12.36	3.1984	0.0337	0.0048
12.37	3.14	0.0314	0.0049
12.38	3.1089	0.0293	0.0049
12.39	3.1113	0.0289	0.005
12.4	3.1137	0.0287	0.005
12.41	3.1283	0.0288	0.005
12.42	3.1205	0.0289	0.005
12.43	3.1225	0.0292	0.005
12.44	3.1244	0.0318	0.0051
12.45	3.1244	0.0341	0.0051
12.46	3.1361	0.038	0.0051
12.47	3.1478	0.0385	0.0051
12.48	3.2295	0.0423	0.0051
12.49	3.3035	0.0426	0.0051
12.5	3.3541	0.0429	0.0051
12.51	3.3891	0.0444	0.0051
12.52	3.3813	0.0446	0.0051
12.53	3.4047	0.0443	0.0052
12.54	3.4708	0.0443	0.0052
12.55	3.4591	0.0444	0.0052
12.56	3.428	0.0445	0.0052
12.57	3.4241	0.0459	0.0052
12.58	3.3735	0.0492	0.0052
12.59	3.1478	0.0508	0.0052
12.6	3.0505	0.0522	0.0052
12.61	3.0038	0.0532	0.0052
12.62	2.9921	0.0558	0.0053
12.63	2.961	0.0583	0.0053
12.64	2.9143	0.0583	0.0053
12.65	2.8831	0.0583	0.0053
12.66	2.8481	0.0574	0.0053
12.67	2.8209	0.0571	0.0053
12.68	2.8092	0.0569	0.0053
12.69	2.7975	0.0544	0.0053
12.7	2.6652	0.0532	0.0053
12.71	2.5679	0.0521	0.0053
12.72	2.4706	0.0525	0.0054
12.73	2.4045	0.0524	0.0054
12.74	2.3422	0.0523	0.0054
12.75	2.2566	0.0518	0.0054
12.76	2.208	0.0514	0.0055
12.77	2.1836	0.0502	0.0055
12.78	2.1958	0.0479	0.0055
12.79	2.208	0.0465	0.0055
12.8	2.2566	0.0462	0.0055
12.81	2.2916	0.0458	0.0055
12.82	2.2644	0.0393	0.0056
12.83	2.2235	0.0383	0.0056
12.84	2.1826	0.0361	0.0056
12.85	2.1865	0.034	0.0056
12.86	2.1632	0.0312	0.0055
12.87	2.1311	0.0288	0.0056
12.88	2.1179	0.0286	0.0056
12.89	2.1048	0.0284	0.0056
12.9	2.1126	0.0285	0.0056
12.91	2.097	0.0287	0.0056
12.92	2.1194	0.0294	0.0056
12.93	2.1418	0.0294	0.0056
12.94	2.2021	0.0294	0.0057
12.95	2.4862	0.0295	0.0056
12.96	2.3422	0.0295	0.0056
12.97	2.1437	0.0296	0.0056
12.98	2.1398	0.0297	0.0057
12.99	2.1787	0.0308	0.0057
13	2.1165	0.032	0.0057
13.01	2.0814	0.0328	0.0057
13.02	2.062	0.0331	0.0057
13.03	2.0464	0.0331	0.0057
13.04	2.027	0.0329	0.0057
13.05	2.0036	0.0327	0.0058
13.06	1.9452	0.0323	0.0057
13.07	1.9063	0.0313	0.0057
13.08	1.8752	0.0291	0.0058
13.09	1.8557	0.0287	0.0058
13.1	1.844	0.0287	0.0058
13.11	1.8246	0.0288	0.0058
13.12	1.8051	0.0286	0.0058
13.13	1.8012	0.0285	0.0058
13.14	1.8012	0.0282	0.0058
13.15	1.7857	0.0278	0.0058
13.16	1.7662	0.0266	0.0058
13.17	1.7428	0.0264	0.0058
13.18	1.7156	0.0263	0.0058
13.19	1.7078	0.0261	0.0058
13.2	1.6923	0.0254	0.0058
13.21	1.6806	0.0256	0.0058
13.22	1.6494	0.0248	0.0058
13.23	1.6456	0.025	0.0058
13.24	1.5989	0.0252	0.0058
13.25	1.5755	0.0257	0.0058
13.26	1.5599	0.0258	0.0058
13.27	1.5366	0.0258	0.0058
13.28	1.4899	0.0255	0.0058
13.29	1.4675	0.0252	0.0058
13.3	1.4651	0.0252	0.0057
13.31	1.4626	0.0247	0.0057
13.32	1.4471	0.0247	0.0058
13.33	1.4276	0.0246	0.0058
13.34	1.412	0.0246	0.0058
13.35	1.4004	0.0241	0.0058
13.36	1.377	0.0234	0.0058
13.37	1.3692	0.0235	0.0058
13.38	1.3615	0.0234	0.0058
13.39	1.3381	0.0232	0.0058
13.4	1.3303	0.0232	0.0058
13.41	1.3303	0.0231	0.0058
13.42	1.3264	0.023	0.0058
13.43	1.3031	0.0228	0.0058
13.44	1.2934	0.0212	0.0058
13.45	1.2946	0.0212	0.0058
13.46	1.2958	0.0208	0.0058
13.47	1.3031	0.021	0.0058
13.48	1.3264	0.0211	0.0058
13.49	1.3225	0.0214	0.0058
13.5	1.3459	0.0228	0.0058
13.51	1.3731	0.0229	0.0059
13.52	1.3926	0.023	0.0058
13.53	1.4393	0.023	0.0058
13.54	1.4626	0.0231	0.0059
13.55	1.4743	0.0231	0.0059
13.56	1.4704	0.023	0.0058
13.57	1.4393	0.0228	0.0058
13.58	1.3926	0.0224	0.0058
13.59	1.3926	0.0225	0.0058
13.6	1.3615	0.0226	0.0058
13.61	1.3381	0.023	0.0059
13.62	1.3264	0.023	0.0059
13.63	1.3109	0.0229	0.0059
13.64	1.3123	0.0228	0.0059
13.65	1.3138	0.0226	0.0059
13.66	1.3186	0.0226	0.0059
13.67	1.3148	0.0219	0.0059
13.68	1.2992	0.0214	0.0059
13.69	1.2914	0.0217	0.0059
13.7	1.2797	0.0214	0.0059
13.71	1.268	0.0211	0.0059
13.72	1.2642	0.0211	0.0059
13.73	1.2447	0.0206	0.0059
13.74	1.2388	0.0207	0.0059
13.75	1.2388	0.0202	0.0059
13.76	1.2418	0.0199	0.0059
13.77	1.2447	0.0195	0.0059
13.78	1.2525	0.0195	0.0059
13.79	1.2603	0.0194	0.0059
13.8	1.2525	0.0192	0.0059
13.81	1.2408	0.0189	0.0059
13.82	1.2423	0.0186	0.0059
13.83	1.2437	0.0186	0.0059
13.84	1.2486	0.0181	0.0059
13.85	1.2486	0.0181	0.0059
13.86	1.2486	0.0182	0.0059
13.87	1.2506	0.0184	0.0059
13.88	1.2525	0.0187	0.0059
13.89	1.2564	0.019	0.0059
13.9	1.2603	0.0189	0.006
13.91	1.2758	0.0188	0.0059
13.92	1.2797	0.0185	0.006
13.93	1.2914	0.0181	0.006
13.94	1.3031	0.018	0.006
13.95	1.2992	0.018	0.006
13.96	1.2953	0.018	0.006
13.97	1.2934	0.0182	0.006
13.98	1.2914	0.0179	0.006
13.99	1.2953	0.0176	0.006
14	1.2836	0.0175	0.006
14.01	1.2719	0.0174	0.006
14.02	1.2564	0.0171	0.0061
14.03	1.2525	0.0171	0.0061
14.04	1.2554	0.0158	0.0061
14.05	1.2583	0.0166	0.0061
14.06	1.268	0.0155	0.0061
14.07	1.2603	0.0147	0.0061
14.08	1.2622	0.0146	0.0061
14.09	1.2642	0.0146	0.0061
14.1	1.2719	0.0147	0.0061
14.11	1.2836	0.0148	0.0062
14.12	1.2642	0.016	0.0062
14.13	1.2369	0.0158	0.0061
14.14	1.233	0.0159	0.0061
14.15	1.2252	0.0156	0.0061
14.16	1.2252	0.0154	0.0062
14.17	1.2214	0.0147	0.0062
14.18	1.2194	0.0144	0.0061
14.19	1.2175	0.0144	0.0062
14.2	1.2175	0.0147	0.0062
14.21	1.218	0.015	0.0062
14.22	1.2184	0.0153	0.0062
14.23	1.2213	0.0163	0.0062
14.24	1.2525	0.0185	0.0062
14.25	1.2291	0.0189	0.0062
14.26	1.2136	0.0189	0.0062
14.27	1.1824	0.0188	0.0062
14.28	1.163	0.0188	0.0062
14.29	1.1474	0.0189	0.0062
14.3	1.1396	0.0189	0.0062
14.31	1.1241	0.0188	0.0062
14.32	1.1046	0.0187	0.0062
14.33	1.1007	0.0185	0.0062
14.34	1.089	0.019	0.0062
14.35	1.089	0.0194	0.0062
14.36	1.0735	0.0214	0.0062
14.37	1.0735	0.0218	0.0063
14.38	1.0696	0.0221	0.0062
14.39	1.0754	0.0219	0.0063
14.4	1.0812	0.0226	0.0063
14.41	1.1221	0.0239	0.0059
14.42	1.163	0.0239	0.0063
14.43	1.1669	0.024	0.0063
14.44	1.165	0.0241	0.0063
14.45	1.1678	0.0242	0.0063
14.46	1.1707	0.0245	0.0063
14.47	1.1785	0.0254	0.0063
14.48	1.2213	0.0263	0.0063
14.49	1.2486	0.0264	0.0063
14.5	1.2758	0.0262	0.0064
14.51	1.3031	0.026	0.0064
14.52	1.3303	0.025	0.0064
14.53	1.3653	0.025	0.0064
14.54	1.3965	0.0249	0.0064
14.55	1.4082	0.0254	0.0065
14.56	1.4198	0.0259	0.0065
14.57	1.4471	0.0275	0.0065
14.58	1.5016	0.0263	0.0065
14.59	1.5833	0.0279	0.0066
14.6	1.5989	0.0316	0.0066
14.61	1.6961	0.0315	0.0066
14.62	1.7662	0.0317	0.0067
14.63	1.8012	0.0318	0.0067
14.64	1.844	0.0319	0.0067
14.65	1.8946	0.0332	0.0067
14.66	1.9297	0.0335	0.0067
14.67	1.9374	0.0347	0.0067
14.68	1.9608	0.0354	0.0068
14.69	1.988	0.0358	0.0068
14.7	2.0503	0.0363	0.0068
14.71	2.0737	0.0381	0.0068
14.72	2.0814	0.0388	0.0068
14.73	2.0746	0.0385	0.0068
14.74	2.0722	0.0382	0.0069
14.75	2.0846	0.0382	0.0069
14.76	2.097	0.0381	0.0069
14.77	2.1048	0.0378	0.0069
14.78	2.0853	0.0375	0.0069
14.79	2.0814	0.0376	0.007
14.8	2.0542	0.0369	0.007
14.81	2.0347	0.036	0.007
14.82	2.0347	0.0347	0.007
14.83	1.9919	0.0346	0.007
14.84	1.9725	0.0345	0.007
14.85	1.953	0.0344	0.0071
14.86	1.9297	0.0346	0.0071
14.87	1.9229	0.0348	0.0071
14.88	1.9204	0.0352	0.0071
14.89	1.9328	0.0352	0.0071
14.9	1.9452	0.0352	0.0071
14.91	1.9802	0.0354	0.0071
14.92	1.9997	0.0358	0.0071
14.93	2.0775	0.0363	0.0071
14.94	2.1165	0.0365	0.0071
14.95	2.1748	0.0367	0.0071
14.96	2.1943	0.0377	0.0072
14.97	2.2254	0.0388	0.0072
14.98	2.2488	0.0395	0.0072
14.99	2.2605	0.0401	0.0072
15	2.2605	0.0406	0.0072
15.01	2.2838	0.0401	0.0073
15.02	2.3811	0.0411	0.0073
15.03	2.4473	0.0414	0.0074
15.04	2.4278	0.0424	0.0074
15.05	2.4278	0.0425	0.0074
15.06	2.3889	0.042	0.0074
15.07	2.385	0.0415	0.0075
15.08	2.3811	0.0393	0.0075
15.09	2.3772	0.0387	0.0075
15.1	2.3733	0.0366	0.0075
15.11	2.3655	0.0367	0.0076
15.12	2.3422	0.0368	0.0076
15.13	2.3149	0.0368	0.0076
15.14	2.241	0.0368	0.0076
15.15	2.1826	0.0367	0.0076
15.16	2.1242	0.036	0.0076
15.17	2.0814	0.0352	0.0076
15.18	2.0425	0.0355	0.0076
15.19	2.027	0.0347	0.0076
15.2	2.0075	0.0338	0.0076
15.21	1.988	0.033	0.0076
15.22	1.9802	0.0319	0.0076
15.23	1.9724	0.0316	0.0076
15.24	1.9773	0.029	0.0077
15.25	1.9822	0.0291	0.0077
15.26	1.9958	0.0291	0.0077
15.27	2.0347	0.0294	0.0078
15.28	2.0659	0.0297	0.0078
15.29	2.0737	0.0297	0.0078
15.3	2.1204	0.0297	0.0078
15.31	2.2916	0.0297	0.0078
15.32	2.3655	0.03	0.0078
15.33	2.4278	0.0301	0.0079
15.34	2.494	0.0307	0.0079
15.35	2.5562	0.0312	0.008
15.36	2.6302	0.0322	0.008
15.37	2.7392	0.0331	0.008
15.38	2.7936	0.0334	0.008
15.39	2.8481	0.0335	0.008
15.4	2.9104	0.0386	0.008
15.41	2.9727	0.0437	0.0081
15.42	3.0388	0.0521	0.0081
15.43	3.1205	0.0545	0.0082
15.44	3.1283	0.0557	0.0082
15.45	3.1283	0.056	0.0082
15.46	3.4008	0.0561	0.0083
15.47	3.6732	0.0556	0.0081
15.48	4.0351	0.0552	0.0085
15.49	3.7082	0.0551	0.0085
15.5	3.4085	0.0551	0.0085
15.51	3.2529	0.055	0.0086
15.52	3.1322	0.0551	0.0086
15.53	2.9493	0.0552	0.0086
15.54	2.887	0.0552	0.0086
15.55	2.8676	0.0551	0.0087
15.56	2.852	0.055	0.0087
15.57	2.8739	0.0544	0.0088
15.58	2.8958	0.0545	0.0088
15.59	2.9415	0.0546	0.0087
15.6	2.9688	0.0546	0.0088
15.61	3.031	0.0546	0.0088
15.62	3.0855	0.0548	0.0088
15.63	3.1673	0.0563	0.0088
15.64	3.4008	0.0579	0.0088
15.65	3.5019	0.0586	0.0088
15.66	3.6265	0.0608	0.0088
15.67	3.7432	0.0637	0.0088
15.68	3.8639	0.0653	0.0089
15.69	3.9729	0.0666	0.0089
15.7	4.2258	0.068	0.009
15.71	4.3348	0.0694	0.009
15.72	4.4087	0.0689	0.0091
15.73	4.4399	0.0685	0.0091
15.74	4.436	0.0674	0.0092
15.75	4.4243	0.0643	0.0092
15.76	4.2998	0.0638	0.0092
15.77	4.2492	0.064	0.0092
15.78	4.2482	0.0643	0.0093
15.79	4.2642	0.0639	0.0094
15.8	4.2803	0.0635	0.0094
15.81	4.3581	0.0626	0.0095
15.82	4.4048	0.0625	0.0095
15.83	4.3971	0.062	0.0095
15.84	4.3815	0.0613	0.0095
15.85	4.3348	0.0589	0.0096
15.86	4.2686	0.0573	0.0096
15.87	4.2336	0.0586	0.0096
15.88	4.1636	0.0523	0.0096
15.89	4.1091	0.0511	0.0096
15.9	4.0273	0.0501	0.0096
15.91	3.9534	0.0503	0.0097
15.92	3.9106	0.0504	0.0097
15.93	3.8795	0.0503	0.0097
15.94	3.7705	0.0501	0.0097
15.95	3.7316	0.0497	0.0097
15.96	3.7316	0.0494	0.0098
15.97	3.7354	0.0495	0.0098
15.98	3.7393	0.0495	0.0099
15.99	3.8016	0.0524	0.0099
16	3.9223	0.0507	0.0099
16.01	3.9729	0.0517	0.01
16.02	4.0273	0.0522	0.01
16.03	4.0663	0.0519	0.01
16.04	4.0857	0.0516	0.01
16.05	4.074	0.0489	0.01
16.06	4.0118	0.0475	0.01
16.07	3.9378	0.0471	0.01
16.08	3.86	0.0469	0.0101
16.09	3.8347	0.0469	0.0101
16.1	3.824	0.0477	0.0102
16.11	3.8498	0.048	0.0102
16.12	3.8756	0.0484	0.0103
16.13	3.93	0.0485	0.0103
16.14	3.9884	0.0486	0.0103
16.15	4.0157	0.0478	0.0103
16.16	4.0001	0.0475	0.0104
16.17	3.9884	0.0476	0.0104
16.18	3.9106	0.0476	0.0104
16.19	3.8911	0.0476	0.0104
16.2	3.8795	0.0471	0.0105
16.21	3.8785	0.0465	0.0105
16.22	3.879	0.0477	0.0105
16.23	3.8795	0.0489	0.0106
16.24	3.9651	0.0515	0.0106
16.25	4.0429	0.0532	0.0107
16.26	4.1169	0.0558	0.0107
16.27	4.1986	0.0577	0.0107
16.28	4.2725	0.0581	0.0107
16.29	4.3581	0.0581	0.0108
16.3	4.3932	0.058	0.0108
16.31	4.4087	0.0576	0.0108
16.32	4.4048	0.0576	0.0109
16.33	4.3912	0.0572	0.0109
16.34	4.406	0.0561	0.0109
16.35	4.4209	0.0559	0.0109
16.36	4.4554	0.0558	0.0109
16.37	4.5255	0.0557	0.0109
16.38	4.5955	0.0554	0.011
16.39	4.6461	0.0551	0.0111
16.4	4.7006	0.0553	0.0111
16.41	4.7551	0.0545	0.0111
16.42	4.8835	0.0537	0.0112
16.43	4.9302	0.0527	0.0112
16.44	4.9653	0.0528	0.0113
16.45	4.9653	0.0596	0.0113
16.46	4.9769	0.0664	0.0113
16.47	5.0081	0.0804	0.0113
16.48	5.1715	0.094	0.0113
16.49	5.2688	0.1019	0.0113
16.5	5.3622	0.105	0.0114
16.51	5.4284	0.1081	0.0114
16.52	5.5957	0.1086	0.0114
16.53	5.767	0.1087	0.0114
16.54	7.8686	0.1086	0.0113
16.55	7.7752	0.1086	0.0113
16.56	7.3821	0.1079	0.0113
16.57	6.9657	0.1078	0.0113
16.58	6.9657	0.1129	0.0113
16.59	6.2963	0.118	0.0114
16.6	6.1406	0.1264	0.0114
16.61	6.0579	0.136	0.0115
16.62	6.0175	0.1432	0.0115
16.63	6.0265	0.1491	0.0115
16.64	6.0355	0.1551	0.0116
16.65	6.0861	0.158	0.0116
16.66	6.1717	0.1595	0.0116
16.67	6.1912	0.1584	0.0117
16.68	6.1795	0.1572	0.0117
16.69	6.2029	0.1541	0.0117
16.7	6.2106	0.1533	0.0117
16.71	6.3391	0.1531	0.0117
16.72	6.4442	0.1542	0.0117
16.73	6.5142	0.1553	0.0118
16.74	6.5804	0.1597	0.0118
16.75	6.6504	0.1621	0.0118
16.76	6.8255	0.1682	0.0119
16.77	6.9073	0.1729	0.0119
16.78	6.9501	0.1774	0.012
16.79	7.0279	0.182	0.012
16.8	7.1564	0.1847	0.012
16.81	7.1641	0.1871	0.012
16.82	7.2031	0.1901	0.012
16.83	7.2147	0.1902	0.012
16.84	7.2186	0.1898	0.0121
16.85	7.2225	0.1894	0.0121
16.86	7.2459	0.1865	0.0121
16.87	7.2498	0.1856	0.0121
16.88	7.2323	0.1823	0.0122
16.89	7.2332	0.1818	0.0122
16.9	7.2342	0.1788	0.0122
16.91	7.4093	0.1795	0.0122
16.92	7.5572	0.1801	0.0123
16.93	7.6973	0.1818	0.0123
16.94	7.8335	0.187	0.0123
16.95	8.0242	0.188	0.0123
16.96	8.0437	0.189	0.0124
16.97	8.0281	0.1896	0.0125
16.98	8.0281	0.1892	0.0125
16.99	7.8491	0.1905	0.0125
17	7.7985	0.1907	0.0125
17.01	7.3821	0.1907	0.0125
17.02	7.0357	0.1906	0.0126
17.03	6.7438	0.1901	0.0126
17.04	6.3702	0.1895	0.0127
17.05	6.0472	0.19	0.0127
17.06	5.7748	0.1835	0.0127
17.07	5.4011	0.1729	0.0127
17.08	5.2221	0.1642	0.0127
17.09	5.0859	0.1563	0.0128
17.1	4.9692	0.1464	0.0128
17.11	4.8796	0.1392	0.0128
17.12	4.8762	0.1203	0.0129
17.13	4.8857	0.1107	0.0129
17.14	4.8952	0.1046	0.0129
17.15	5.0042	0.1	0.0129
17.16	5.1637	0.0988	0.0129
17.17	5.3817	0.0988	0.013
17.18	5.6347	0.0988	0.013
17.19	6.1484	0.1004	0.013
17.2	6.3819	0.1057	0.0131
17.21	6.5998	0.1114	0.0131
17.22	6.7866	0.1166	0.013
17.23	6.9151	0.1223	0.013
17.24	6.9384	0.1391	0.013
17.25	6.7049	0.1399	0.013
17.26	6.4909	0.1441	0.013
17.27	6.2418	0.1463	0.013
17.28	5.981	0.1428	0.013
17.29	5.7397	0.1423	0.013
17.3	5.5179	0.1424	0.013
17.31	5.1793	0.1424	0.0131
17.32	5.0937	0.1424	0.0131
17.33	5.0859	0.1422	0.0132
17.34	5.0918	0.1401	0.0132
17.35	5.0976	0.1296	0.0133
17.36	5.226	0.1258	0.0133
17.37	5.6814	0.1244	0.0133
17.38	5.9694	0.1241	0.0132
17.39	6.3002	0.1245	0.0132
17.4	6.6582	0.1249	0.0132
17.41	7.0201	0.1311	0.013
17.42	7.7051	0.1444	0.0125
17.43	7.9931	0.1492	0.0117
17.44	8.2616	0.1498	0.0103
17.45	8.5457	0.1662	0.0058
17.46	8.8026	0.1651	0.0028
17.47	9.075	0.1827	0.0006
17.48	9.3046	0.2144	-0.0016
17.49	9.5031	0.2257	-0.0025
17.5	9.5342	0.23	-0.0047
17.51	9.2424	0.2321	-0.0065
17.52	8.7598	0.2264	-0.0087
17.53	8.2149	0.2207	-0.0102
17.54	7.5806	0.2154	-0.0118
17.55	6.6932	0.21	-0.0132
17.56	6.4792	0.2125	-0.0134
17.57	6.2184	0.2149	-0.0134
17.58	5.9343	0.2165	-0.0133
17.59	6.2267	0.2164	-0.0132
17.6	6.5191	0.2163	-0.0131
17.61	7.1914	0.216	-0.0123
17.62	7.0591	0.2154	-0.0125
17.63	6.8139	0.2134	-0.0127
17.64	6.5843	0.2126	-0.0127
17.65	6.2379	0.2123	-0.0127
17.66	6.1406	0.213	-0.0127
17.67	6.1056	0.2137	-0.0127
17.68	6.0199	0.2154	-0.0127
17.69	6.0228	0.2171	-0.0127
17.7	6.0258	0.2176	-0.0127
17.71	6.0511	0.2174	-0.0127
17.72	6.1095	0.2172	-0.0126
17.73	6.199	0.2168	-0.0126
17.74	6.2768	0.2162	-0.0126
17.75	6.3663	0.216	-0.0126
17.76	6.4442	0.2212	-0.0125
17.77	6.5337	0.2264	-0.0126
17.78	6.6076	0.2239	-0.0125
17.79	6.5687	0.2266	-0.0125
17.8	6.4909	0.2274	-0.0124
17.81	6.4013	0.2298	-0.0124
17.82	6.3118	0.2292	-0.0124
17.83	6.1639	0.2285	-0.0124
17.84	5.911	0.2258	-0.0124
17.85	5.7748	0.2243	-0.0123
17.86	5.6308	0.221	-0.0123
17.87	5.5179	0.2186	-0.0123
17.88	5.3817	0.2142	-0.0123
17.89	5.1988	0.2098	-0.0123
17.9	5.1248	0.1957	-0.0122
17.91	5.1132	0.1894	-0.0122
17.92	5.1093	0.1857	-0.0121
17.93	5.1307	0.1818	-0.0121
17.94	5.1521	0.18	-0.0121
17.95	5.2455	0.1797	-0.012
17.96	5.3778	0.1817	-0.012
17.97	5.8409	0.1837	-0.0119
17.98	6.1445	0.1908	-0.0119
17.99	6.4558	0.1996	-0.0119
18	6.736	0.2167	-0.0119
18.01	7.0552	0.2141	-0.0119
18.02	7.7129	0.2357	-0.0119
18.03	7.9814	0.2493	-0.0119
18.04	8.285	0.266	-0.0119
18.05	8.5574	0.271	-0.0118
18.06	8.7753	0.2983	-0.0118
18.07	8.9972	0.3009	-0.0118
18.08	9.0361	0.3025	-0.0118
18.09	9.0205	0.3062	-0.0118
18.1	8.931	0.31	-0.0118
18.11	8.8999	0.313	-0.0118
18.12	8.7909	0.3184	-0.0118
18.13	8.5224	0.3179	-0.0118
18.14	8.3395	0.318	-0.0117
18.15	8.1916	0.3182	-0.0116
18.16	8.0515	0.3179	-0.0115
18.17	7.9425	0.3177	-0.0115
18.18	7.9425	0.3165	-0.0114
18.19	7.7946	0.2981	-0.0114
18.2	7.7907	0.2861	-0.0113
18.21	7.6973	0.2743	-0.0113
18.22	7.5066	0.2665	-0.0113
18.23	7.3237	0.2561	-0.0112
18.24	7.2459	0.2482	-0.0112
18.25	7.1058	0.2235	-0.0111
18.26	6.5998	0.2139	-0.0111
18.27	6.3975	0.2	-0.011
18.28	6.125	0.1879	-0.011
18.29	5.8526	0.176	-0.011
18.3	5.6191	0.1649	-0.0109
18.31	5.4478	0.1562	-0.0109
18.32	5.0392	0.1257	-0.0108
18.33	4.8602	0.116	-0.0107
18.34	4.6851	0.1091	-0.0106
18.35	4.5294	0.1033	-0.0106
18.36	4.3815	0.0975	-0.0106
18.37	4.292	0.0971	-0.0105
18.38	4.1597	0.0855	-0.0105
18.39	4.0896	0.0832	-0.0104
18.4	4.0312	0.0824	-0.0104
18.41	4.004	0.0785	-0.0104
18.42	3.9729	0.0719	-0.0103
18.43	3.9262	0.0702	-0.0103
18.44	3.8094	0.066	-0.0103
18.45	3.7238	0.064	-0.0103
18.46	3.6498	0.0621	-0.0103
18.47	3.6342	0.061	-0.0102
18.48	3.6304	0.0594	-0.0102
18.49	3.6284	0.0586	-0.0102
18.5	3.6323	0.0588	-0.0102
18.51	3.6362	0.0578	-0.0102
18.52	3.6459	0.0569	-0.0102
18.53	3.681	0.0559	-0.0102
18.54	3.7121	0.0563	-0.0102
18.55	3.7471	0.0566	-0.0102
18.56	3.7783	0.0574	-0.0101
18.57	3.8717	0.0585	-0.0101
18.58	3.9495	0.0599	-0.0101
18.59	4.0234	0.0766	-0.0101
18.6	4.0935	0.0933	-0.01
18.61	4.148	0.1087	-0.0101
18.62	4.2803	0.111	-0.01
18.63	4.327	0.1132	-0.01
18.64	4.362	0.1171	-0.0101
18.65	4.3893	0.1177	-0.01
18.66	5.2786	0.1171	-0.0104
18.67	6.1678	0.1166	-0.0104
18.68	5.8254	0.1148	-0.0103
18.69	5.6113	0.1135	-0.0103
18.7	5.4011	0.1136	-0.0103
18.71	5.1949	0.1113	-0.0102
18.72	5.1326	0.1092	-0.0102
18.73	5.0275	0.1064	-0.0102
18.74	4.6422	0.1045	-0.0102
18.75	4.4749	0.1038	-0.0102
18.76	4.257	0.1038	-0.0102
18.77	4.0896	0.1038	-0.0102
18.78	4.0196	0.1024	-0.0102
18.79	3.9106	0.1011	-0.0103
18.8	3.7783	0.0985	-0.0102
18.81	3.5915	0.0946	-0.0102
18.82	3.4903	0.0895	-0.0102
18.83	3.4319	0.083	-0.0102
18.84	3.393	0.0768	-0.0102
18.85	3.3696	0.0712	-0.0102
18.86	3.3696	0.0676	-0.0102
18.87	3.3872	0.0578	-0.0102
18.88	3.4047	0.0548	-0.0102
18.89	3.4552	0.0549	-0.0102
18.9	3.4864	0.055	-0.0102
18.91	3.4864	0.054	-0.0102
18.92	3.4708	0.0531	-0.0102
18.93	3.4397	0.0501	-0.0102
18.94	3.4047	0.0492	-0.0102
18.95	3.319	0.0478	-0.0102
18.96	3.2645	0.0467	-0.0102
18.97	3.2217	0.0465	-0.0101
18.98	3.1283	0.044	-0.0102
18.99	3.0583	0.0427	-0.0102
19	2.9999	0.0425	-0.0102
19.01	2.9727	0.0421	-0.0101
19.02	2.9337	0.042	-0.0101
19.03	2.9162	0.0418	-0.0101
19.04	2.9094	0.0416	-0.0101
19.05	2.9079	0.0413	-0.0101
19.06	2.9065	0.0414	-0.0101
19.07	2.9026	0.041	-0.0101
19.08	2.8987	0.041	-0.0101
19.09	2.8909	0.0409	-0.0101
19.1	2.8831	0.0402	-0.0101
19.11	2.8287	0.0394	-0.0101
19.12	2.7936	0.0387	-0.01
19.13	2.7625	0.0383	-0.01
19.14	2.7392	0.0378	-0.01
19.15	2.7197	0.0377	-0.01
19.16	2.7002	0.0376	-0.01
19.17	2.6886	0.0372	-0.01
19.18	2.6886	0.0368	-0.01
19.19	2.6847	0.0371	-0.01
19.2	2.6808	0.0366	-0.01
19.21	2.6652	0.0364	-0.01
19.22	2.6574	0.0359	-0.01
19.23	2.6302	0.0329	-0.01
19.24	2.6146	0.0323	-0.01
19.25	2.5913	0.0317	-0.01
19.26	2.5757	0.0316	-0.01
19.27	2.564	0.0311	-0.01
19.28	2.5601	0.0305	-0.01
19.29	2.5562	0.0284	-0.01
19.3	2.5562	0.0282	-0.01
19.31	2.5192	0.0283	-0.01
19.32	2.4823	0.0284	-0.01
19.33	2.494	0.0308	-0.01
19.34	2.4843	0.029	-0.01
19.35	2.4745	0.033	-0.01
19.36	2.5446	0.0329	-0.01
19.37	2.5066	0.0331	-0.01
19.38	2.4964	0.0333	-0.01
19.39	2.4862	0.038	-0.01
19.4	2.5368	0.0368	-0.01
19.41	2.4589	0.0462	-0.01
19.42	2.3811	0.0481	-0.01
19.43	2.3694	0.0494	-0.01
19.44	2.3529	0.0504	-0.01
19.45	2.3534	0.0507	-0.01
19.46	2.3539	0.0506	-0.01
19.47	2.494	0.0505	-0.01
19.48	2.4979	0.0503	-0.01
19.49	2.529	0.0497	-0.01
19.5	2.5173	0.0491	-0.01
19.51	2.5173	0.0492	-0.01
19.52	2.5173	0.0485	-0.01
19.53	2.5095	0.0479	-0.01
19.54	2.4706	0.0482	-0.0099
19.55	2.4706	0.047	-0.0099
19.56	2.4667	0.0464	-0.0099
19.57	2.4512	0.0462	-0.0099
19.58	2.42	0.047	-0.0099
19.59	2.3655	0.0467	-0.0099
19.6	2.276	0.0463	-0.0099
19.61	2.2721	0.0448	-0.0099
19.62	2.3276	0.0441	-0.0098
19.63	2.383	0.0434	-0.0099
19.64	2.5134	0.0421	-0.0098
19.65	2.3889	0.0425	-0.0098
19.66	2.2605	0.0428	-0.0098
19.67	2.2332	0.0428	-0.0098
19.68	2.2293	0.0427	-0.0098
19.69	2.2293	0.0424	-0.0098
19.7	2.2293	0.0412	-0.0098
19.71	2.2332	0.0412	-0.0098
19.72	2.2371	0.0409	-0.0098
19.73	2.2488	0.0407	-0.0098
19.74	2.2566	0.0401	-0.0098
19.75	2.2488	0.0389	-0.0098
19.76	2.2215	0.0388	-0.0098
19.77	2.2138	0.0387	-0.0098
19.78	2.206	0.0387	-0.0097
19.79	2.206	0.0387	-0.0097
19.8	2.1982	0.0387	-0.0098
19.81	2.1816	0.0384	-0.0098
19.82	2.1763	0.0383	-0.0098
19.83	2.1872	0.0388	-0.0097
19.84	2.1982	0.0389	-0.0098
19.85	2.206	0.0389	-0.0098
19.86	2.1748	0.0389	-0.0097
19.87	2.1359	0.0377	-0.0098
19.88	2.0853	0.0371	-0.0098
19.89	2.0581	0.0374	-0.0097
19.90	2.0386	0.0357	-0.0097
19.91	2.0231	0.0332	-0.0097
19.92	2.0075	0.0337	-0.0097
19.93	1.9919	0.0221	-0.0097
19.94	1.9686	0.000	-0.0097
19.95	1.9413	0.000	-0.0097
19.96	1.8985	0.000	-0.0097
19.97	1.8946	0.000	-0.0097
19.98	1.8907	0.000	-0.0097
19.99	1.8985	0.000	-0.0097
20.00	1.4004	0.000   -0.0097

