0.00	0	0	0
0.01	0.86	0	0.02236
0.02	1.08	0	0.01048
0.03	1.4	0.002	0.00405
0.04	1.6	0.004	0.00125
0.05	1.87	0.005	0.00396
0.06	2.44	0.006	0.0066
0.07	2.74	0.007	0.00682
0.08	2.98	0.008	0.00662
0.09	3.19	0.008	0.00645
0.10	3.35	0.01	0.00404
0.11	3.45	0.012	0.00207
0.12	3.55	0.014	0.00343
0.13	3.67	0.015	0.00471
0.14	3.83	0.017	0.00659
0.15	3.9	0.017	0.00822
0.16	3.93	0.018	0.00119
0.17	3.92	0.017	0.00003
0.18	3.87	0.017	-0.00152
0.19	3.79	0.017	-0.00221
0.20	3.68	0.017	-0.00174
0.21	3.58	0.017	-0.00121
0.22	3.48	0.017	-0.0015
0.23	3.37	0.018	-0.00198
0.24	3.26	0.018	-0.00291
0.25	3.12	0.021	-0.00347
0.26	3.04	0.019	-0.00194
0.27	2.93	0.019	-0.00196
0.28	2.86	0.019	-0.00196
0.29	2.7733	0.019	0.03593
0.30	2.6867	0.019	0.01711
0.31	2.6	0.018	0.00893
0.32	2.56	0.018	0.00556
0.33	2.5	0.017	0.0028
0.34	2.45	0.016	0.0015
0.35	2.41	0.015	0.00267
0.36	2.38	0.014	0.00313
0.37	2.32	0.013	0.00211
0.38	2.27	0.013	0.00072
0.39	2.2	0.012	0.00017
0.40	2.13	0.012	-0.00078
0.41	2.1	0.011	0.00012
0.42	2.08	0.011	-0.00047
0.43	2.05	0.011	-0.00138
0.44	2.03	0.012	-0.00123
0.45	2.02	0.012	-0.00096
0.46	2.04	0.013	-0.00056
0.47	2.08	0.013	-0.00059
0.48	2.14	0.013	-0.00023
0.49	2.22	0.014	0.00005
0.50	2.24	0.014	0.00059
0.51	2.3	0.014	0.00068
0.52	2.31	0.014	0.00025
0.53	2.36	0.014	0.00179
0.54	2.45	0.014	0.00292
0.55	2.52	0.016	0.00138
0.56	2.57	0.019	-0.00109
0.57	2.64	0.02	-0.0018
0.58	2.73	0.021	-0.00203
0.59	2.8	0.022	-0.0025
0.60	2.87	0.023	-0.00272
0.61	2.97	0.025	-0.00137
0.62	3.13	0.028	0.00552
0.63	3.24	0.03	0.00995
0.64	3.35	0.033	0.01002
0.65	3.48	0.036	0.00981
0.66	3.59	0.038	0.00943
0.67	3.68	0.04	0.00868
0.68	3.75	0.042	0.00466
0.69	3.8	0.046	0.00416
0.70	3.83	0.048	0.00458
0.71	3.87	0.049	0.00318
0.72	3.91	0.052	0.00053
0.73	3.92	0.055	-0.0015
0.74	3.9	0.057	-0.00325
0.75	3.88	0.06	-0.00438
0.76	3.86	0.063	-0.00659
0.77	3.84	0.067	-0.00724
0.78	3.84	0.072	-0.0106
0.79	3.84	0.075	-0.01355
0.80	3.91	0.079	-0.01552
0.81	3.91	0.083	-0.01835
0.82	3.81	0.087	-0.01732
0.83	3.8	0.089	-0.01682
0.84	3.75	0.091	-0.01527
0.85	3.72	0.094	-0.01144
0.86	3.72	0.094	-0.01478
0.87	3.56	0.1	-0.0211
0.88	3.58	0.107	-0.03089
0.89	3.46	0.109	-0.02331
0.90	3.42	0.109	-0.02436
0.91	3.26	0.107	-0.0309
0.92	3.06	0.109	-0.03374
0.93	3.07	0.112	-0.03145
0.94	2.97	0.111	-0.02909
0.95	3.51	0.114	-0.01996
0.96	4.53	0.114	0.00243
0.97	4.83	0.104	0.03216
0.98	4.86	0.099	-0.019
0.99	4.46	0.1	-0.04386
1.00	3.65	0.098	-0.00165
1.01	2.68	0.096	-0.00289
1.02	2.51	0.094	0.01033
1.03	2.41	0.089	0.01742
1.04	2.34	0.09	0.02003
1.05	2.25	0.089	0.02163
1.06	2.19	0.087	0.02629
1.07	2.15	0.086	0.03229
1.08	2.29	0.089	0.03929
1.09	2.36	0.089	0.0447
1.10	2.31	0.088	0.04445
1.11	2.58	0.083	0.03848
1.12	3.22	0.076	0.03362
1.13	3.68	0.073	0.01661
1.14	4.69	0.071	0.01287
1.15	6.38	0.072	0.02115
1.16	6.42	0.0717	0.02453
1.17	6.98	0.0713	0.01661
1.18	7.47	0.071	0.01053
1.19	7.49	0.069	0.00449
1.20	7.41	0.054	0.00577
1.21	7.3	0.0567	0.00443
1.22	6.94	0.0593	-0.00172
1.23	6.6	0.062	0.00073
1.24	6.42	0.068	0.00514
1.25	6.27	0.067	0.00007
1.26	5.68	0.073	0.00666
1.27	4.5	0.086	0.0338
1.28	3.94	0.093	0.05995
1.29	3.23	0.088	0.00118
1.30	2.81	0.083	-0.00103
1.31	2.48	0.0857	-0.00198
1.32	2.25	0.0883	-0.00195
1.33	2.11	0.091	-0.00036
1.34	2.01	0.095	0.00055
1.35	1.89	0.1	0.00096
1.36	1.8	0.107	0.00115
1.37	1.74	0.11	0.00213
1.38	1.7	0.11	0.00323
1.39	1.66	0.111	0.0035
1.40	1.63	0.111	0.00346
1.41	1.56	0.1	0.00376
1.42	1.53	0.092	0.00468
1.43	1.49	0.087	0.00493
1.44	1.44	0.082	0.0053
1.45	1.4	0.072	0.00783
1.46	1.37	0.068	0.00855
1.47	1.36	0.064	0.00817
1.48	1.35	0.063	0.0091
1.49	1.32	0.06	0.01533
1.50	1.28	0.058	0.01513
1.51	1.27	0.056	0.01412
1.52	1.25	0.054	0.01403
1.53	1.23	0.054	0.01365
1.54	1.22	0.053	0.01285
1.55	1.22	0.052	0.01186
1.56	1.25	0.052	0.01171
1.57	1.31	0.05	0.01443
1.58	1.37	0.048	0.02004
1.59	1.4	0.047	0.02125
1.60	1.46	0.045	0.0212
1.61	1.47	0.042	0.02037
1.62	1.5	0.041	0.01905
1.63	1.51	0.042	0.01789
1.64	1.52	0.042	0.01626
1.65	1.51	0.041	0.01608
1.66	1.51	0.041	0.01526
1.67	1.49	0.041	0.01367
1.68	1.46	0.041	0.01009
1.69	1.45	0.04	0.01155
1.70	1.42	0.041	0.0166
1.71	1.42	0.041	0.01838
1.72	1.39	0.04	0.01757
1.73	1.41	0.041	0.0281
1.74	1.43	0.039	0.02763
1.75	1.42	0.037	0.02614
1.76	1.41	0.037	0.03287
1.77	1.37	0.037	0.03622
1.78	1.34	0.037	0.03767
1.79	1.33	0.037	0.03521
1.80	1.31	0.036	0.03652
1.81	1.3	0.035	0.03533
1.82	1.3	0.034	0.03715
1.83	1.29	0.032	0.03873
1.84	1.3	0.029	0.03993
1.85	1.32	0.027	0.04232
1.86	1.34	0.027	0.04347
1.87	1.36	0.027	0.04503
1.88	1.38	0.028	0.0466
1.89	1.38	0.029	0.04791
1.90	1.4	0.029	0.04827
1.91	1.46	0.03	0.04925
1.92	1.51	0.031	0.05008
1.93	1.56	0.031	0.05168
1.94	1.61	0.031	0.05299
1.95	1.66	0.03	0.05458
1.96	1.69	0.03	0.05495
1.97	1.77	0.029	0.05666
1.98	1.87	0.028	0.05966
1.99	1.96	0.025	0.05922
2.00	2.05	0.024	0.04327
2.01	2.12	0.024	0.04203
2.02	2.18	0.024	0.04282
2.03	2.25	0.025	0.04265
2.04	2.35	0.025	0.04364
2.05	2.44	0.025	0.04546
2.06	2.5	0.025	0.04548
2.07	2.6	0.025	0.04543
2.08	2.73	0.026	0.04614
2.09	2.85	0.027	0.0473
2.10	2.95	0.028	0.04958
2.11	3.05	0.031	0.05252
2.12	3.14	0.033	0.05355
2.13	3.24	0.035	0.05445
2.14	3.33	0.037	0.05545
2.15	3.45	0.037	0.05786
2.16	3.59	0.039	0.06023
2.17	3.72	0.041	0.05889
2.18	3.84	0.045	0.05806
2.19	3.97	0.045	0.05822
2.20	4.04	0.047	0.05846
2.21	4.16	0.05	0.05987
2.22	4.24	0.053	0.06228
2.23	4.36	0.057	0.06479
2.24	4.52	0.06	0.06724
2.25	4.67	0.065	0.06777
2.26	4.83	0.07	0.06421
2.27	4.98	0.074	0.06308
2.28	5.39	0.081	0.08377
2.29	5.91	0.087	0.07112
2.30	6.1	0.088	0.06729
2.31	6.24	0.092	0.06324
2.32	6.36	0.097	0.05961
2.33	6.49	0.102	0.05561
2.34	6.6	0.108	0.05107
2.35	6.69	0.115	0.04842
2.36	6.8	0.123	0.04772
2.37	6.86	0.129	0.04544
2.38	7.06	0.135	0.04484
2.39	7.17	0.141	0.04257
2.40	7.21	0.149	0.04125
2.41	7.26	0.158	0.04021
2.42	7.3	0.17	0.03902
2.43	7.42	0.18	0.04082
2.44	7.56	0.186	0.04251
2.45	7.66	0.196	0.04217
2.46	7.75	0.204	0.04203
2.47	7.79	0.209	0.0426
2.48	7.91	0.219	0.04466
2.49	8.11	0.225	0.04604
2.50	8.31	0.228	0.0308
2.51	8.47	0.235	0.03008
2.52	8.65	0.24	0.03186
2.53	8.83	0.243	0.03484
2.54	8.94	0.244	0.03812
2.55	9.03	0.246	0.03975
2.56	9.06	0.248	0.04142
2.57	8.97	0.252	0.04003
2.58	8.85	0.26	0.03924
2.59	8.79	0.266	0.03955
2.60	8.73	0.27	0.03887
2.61	8.68	0.273	0.0388
2.62	8.69	0.278	0.03882
2.63	8.74	0.281	0.03907
2.64	8.88	0.284	0.03962
2.65	9.07	0.283	0.03973
2.66	9.27	0.277	0.03901
2.67	9.5	0.267	0.03856
2.68	9.7	0.257	0.03867
2.69	9.84	0.243	0.03862
2.70	9.91	0.229	0.03923
2.71	10	0.213	0.04025
2.72	10.13	0.197	0.03984
2.73	10.24	0.187	0.03948
2.74	10.31	0.177	0.03887
2.75	10.37	0.17	0.03836
2.76	10.4	0.165	0.03791
2.77	10.43	0.162	0.03701
2.78	10.45	0.16	0.03674
2.79	10.5	0.157	0.03689
2.80	10.57	0.154	0.03742
2.81	10.66	0.15	0.03788
2.82	10.76	0.149	0.03806
2.83	10.89	0.151	0.03847
2.84	11.06	0.153	0.03902
2.85	11.25	0.155	0.04014
2.86	11.46	0.157	0.04135
2.87	11.77	0.159	0.0428
2.88	12.07	0.161	0.0445
2.89	12.43	0.162	0.04609
2.90	12.78	0.163	0.04791
2.91	12.98	0.163	0.04888
2.92	13.34	0.165	0.05061
2.93	13.73	0.167	0.05264
2.94	14.15	0.17	0.05484
2.95	14.51	0.173	0.05657
2.96	14.91	0.177	0.05862
2.97	15.31	0.181	0.06044
2.98	15.71	0.186	0.06211
2.99	16.05	0.193	0.06344
3.00	16.28	0.2	0.06474
3.01	16.41	0.21	0.06492
3.02	16.53	0.218	0.06448
3.03	16.59	0.222	0.06255
3.04	16.66	0.23	0.06196
3.05	16.62	0.238	0.06112
3.06	16.63	0.244	0.06099
3.07	16.61	0.249	0.06033
3.08	16.55	0.256	0.05963
3.09	16.56	0.26	0.05908
3.10	16.43	0.267	0.05764
3.11	16.49	0.27	0.05771
3.12	16.49	0.27	0.05771
3.13	16.69	0.276	0.05818
3.14	16.74	0.277	0.0585
3.15	16.76	0.277	0.02399
3.16	16.73	0.278	0.02085
3.17	16.63	0.278	0.02047
3.18	16.52	0.278	0.02174
3.19	16.45	0.278	0.02184
3.20	16.34	0.277	0.02221
3.21	16.31	0.278	0.02241
3.22	16.21	0.277	0.0229
3.23	16.08	0.277	0.02263
3.24	16.01	0.276	0.02288
3.25	15.92	0.275	0.02307
3.26	15.8	0.273	0.02274
3.27	15.58	0.284	0.0238
3.28	15.36	0.295	0.02726
3.29	15.14	0.291	0.02849
3.30	15.12	0.283	0.02795
3.31	15	0.277	0.02721
3.32	14.81	0.27	0.0262
3.33	14.39	0.261	0.02454
3.34	14.24	0.258	0.02412
3.35	13.72	0.249	0.02216
3.36	13.52	0.246	0.02141
3.37	12.96	0.24	0.0189
3.38	12.54	0.236	0.01675
3.39	12.02	0.232	0.01434
3.40	11.72	0.231	0.01276
3.41	10.54	0.233	0.00584
3.42	9.69	0.236	0.00491
3.43	8.94	0.242	0.0084
3.44	8.36	0.249	0.01179
3.45	7.82	0.256	0.01258
3.46	7.58	0.262	0.01353
3.47	7.02	0.274	0.01902
3.48	6.83	0.277	0.02277
3.49	6.75	0.278	0.02425
3.50	6.72	0.277	0.02498
3.51	6.71	0.274	0.02597
3.52	6.71	0.269	0.02684
3.53	6.72	0.267	0.02727
3.54	6.74	0.261	0.02774
3.55	6.79	0.254	0.028
3.56	6.78	0.247	0.02824
3.57	6.74	0.239	0.02846
3.58	6.75	0.23	0.02865
3.59	6.75	0.219	0.02887
3.60	6.78	0.209	0.02952
3.61	6.81	0.199	0.03007
3.62	6.89	0.192	0.0301
3.63	6.96	0.186	0.02949
3.64	7.02	0.181	0.02892
3.65	7.09	0.179	0.02835
3.66	7.23	0.178	0.0285
3.67	7.37	0.179	0.02842
3.68	7.5	0.18	0.02858
3.69	7.71	0.18	0.02866
3.70	7.92	0.181	0.02944
3.71	8.09	0.182	0.03005
3.72	8.31	0.182	0.03158
3.73	8.49	0.183	0.03321
3.74	8.61	0.185	0.03362
3.75	8.81	0.188	0.03353
3.76	8.92	0.19	0.03356
3.77	9.12	0.194	0.03374
3.78	9.31	0.197	0.03367
3.79	9.52	0.198	0.03306
3.80	9.68	0.196	0.03323
3.81	9.84	0.197	0.03353
3.82	9.95	0.196	0.03375
3.83	10.07	0.195	0.03451
3.84	10.12	0.192	0.03513
3.85	10.14	0.188	0.03558
3.86	10.18	0.185	0.03616
3.87	10.23	0.183	0.03669
3.88	10.24	0.18	0.03722
3.89	10.24	0.176	0.03782
3.90	10.18	0.17	0.03915
3.91	10.08	0.166	0.03937
3.92	9.99	0.164	0.03926
3.93	9.83	0.161	0.03826
3.94	9.75	0.161	0.03747
3.95	9.57	0.16	0.03592
3.96	9.39	0.16	0.03524
3.97	9.22	0.162	0.03441
3.98	9.03	0.166	0.03333
3.99	8.84	0.169	0.03248
4.00	8.68	0.173	0.03168
4.01	8.51	0.178	0.0303
4.02	8.29	0.182	0.02896
4.03	8.09	0.189	0.02754
4.04	7.92	0.196	0.02609
4.05	7.78	0.205	0.02453
4.06	7.69	0.214	0.02395
4.07	7.6	0.22	0.02375
4.08	7.51	0.223	0.02345
4.09	7.4	0.226	0.02295
4.10	7.33	0.229	0.02262
4.11	7.28	0.232	0.02245
4.12	7.23	0.235	0.02268
4.13	7.2	0.235	0.02352
4.14	7.19	0.237	0.02391
4.15	7.19	0.237	0.0238
4.16	7.26	0.238	0.02371
4.17	7.31	0.236	0.02385
4.18	7.37	0.231	0.02475
4.19	7.49	0.229	0.02636
4.20	7.64	0.225	0.0272
4.21	7.79	0.22	0.02814
4.22	7.96	0.215	0.02892
4.23	8	0.209	0.02932
4.24	8.01	0.203	0.02947
4.25	7.96	0.199	0.02984
4.26	7.92	0.194	0.03019
4.27	7.86	0.189	0.03004
4.28	7.78	0.1877	0.02203
4.29	7.7	0.1863	0.0256
4.30	7.62	0.185	0.02609
4.31	7.48	0.18	0.02626
4.32	7.3	0.174	0.02604
4.33	7.08	0.171	0.02548
4.34	6.86	0.171	0.0246
4.35	6.72	0.174	0.02393
4.36	6.67	0.177	0.02335
4.37	6.64	0.182	0.02261
4.38	6.61	0.188	0.02192
4.39	6.59	0.197	0.02118
4.40	6.59	0.204	0.02068
4.41	6.52	0.209	0.01993
4.42	6.41	0.212	0.01948
4.43	6.25	0.216	0.01892
4.44	6.09	0.217	0.01841
4.45	5.91	0.218	0.01773
4.46	5.74	0.219	0.01693
4.47	5.57	0.217	0.01622
4.48	5.4	0.214	0.01564
4.49	5.18	0.211	0.01514
4.50	4.97	0.209	0.01478
4.51	4.83	0.207	0.01497
4.52	4.74	0.204	0.01524
4.53	4.69	0.199	0.01606
4.54	4.68	0.196	0.01653
4.55	4.68	0.193	0.01655
4.56	4.7	0.189	0.01644
4.57	4.7	0.187	0.01639
4.58	4.7	0.184	0.0163
4.59	4.69	0.18	0.01603
4.60	4.67	0.176	0.01605
4.61	4.65	0.17	0.01638
4.62	4.68	0.167	0.01674
4.63	4.71	0.165	0.01692
4.64	4.76	0.162	0.01717
4.65	4.83	0.158	0.01724
4.66	4.89	0.157	0.01729
4.67	4.95	0.157	0.0172
4.68	5.02	0.157	0.01704
4.69	5.07	0.157	0.01728
4.70	5.08	0.16	0.01736
4.71	5.12	0.163	0.01745
4.72	5.16	0.164	0.01769
4.73	5.18	0.165	0.01787
4.74	5.17	0.166	0.01795
4.75	5.15	0.167	0.01784
4.76	5.14	0.168	0.0176
4.77	5.12	0.168	0.01761
4.78	5.1	0.169	0.01771
4.79	5.1	0.17	0.01785
4.80	5.11	0.17	0.01791
4.81	5.1	0.17	0.01801
4.82	5.1	0.17	0.01821
4.83	5.14	0.17	0.01864
4.84	5.25	0.169	0.01932
4.85	5.38	0.167	0.02001
4.86	5.5	0.166	0.02062
4.87	5.66	0.166	0.02115
4.88	5.88	0.167	0.02177
4.89	6.13	0.168	0.02277
4.90	6.36	0.17	0.02339
4.91	6.57	0.171	0.02428
4.92	6.75	0.17	0.02489
4.93	6.94	0.172	0.02588
4.94	7.15	0.173	0.02714
4.95	7.32	0.177	0.0276
4.96	7.45	0.181	0.02767
4.97	7.52	0.185	0.02758
4.98	7.46	0.186	0.02706
4.99	7.28	0.186	0.0255
5.00	7.09	0.184	0.02318
5.01	6.92	0.18	0.02204
5.02	6.76	0.173	0.02137
5.03	6.55	0.165	0.021
5.04	6.25	0.162	0.0203
5.05	6.1	0.161	0.0201
5.06	5.83	0.161	0.01998
5.07	5.56	0.163	0.01981
5.08	5.39	0.165	0.01985
5.09	5.34	0.169	0.01955
5.10	5.41	0.171	0.01994
5.11	5.56	0.176	0.02055
5.12	5.72	0.185	0.02145
5.13	5.92	0.193	0.0316
5.14	6.17	0.201	0.03865
5.15	6.48	0.205	0.04111
5.16	6.87	0.211	0.04307
5.17	7.33	0.218	0.04583
5.18	7.82	0.224	0.04844
5.19	8.31	0.229	0.05063
5.20	8.82	0.228	0.05268
5.21	9.33	0.23	0.05482
5.22	9.84	0.229	0.05718
5.23	10.32	0.226	0.05966
5.24	10.73	0.221	0.06232
5.25	10.99	0.215	0.06453
5.26	11.17	0.21	0.06568
5.27	11.24	0.206	0.06646
5.28	11.4	0.204	0.05126
5.29	11.64	0.197	0.0531
5.30	11.64	0.197	0.05215
5.31	11.61	0.205	0.05069
5.32	11.56	0.218	0.04891
5.33	11.47	0.235	0.04777
5.34	11.42	0.244	0.04712
5.35	11.3	0.263	0.0465
5.36	11.16	0.282	0.04652
5.37	10.94	0.296	0.04471
5.38	10.68	0.314	0.04229
5.39	10.36	0.332	0.03995
5.40	10.01	0.345	0.04046
5.41	9.63	0.356	0.03984
5.42	9.24	0.368	0.03888
5.43	8.84	0.377	0.03672
5.44	8.5	0.384	0.03505
5.45	8.22	0.388	0.03361
5.46	8.03	0.39	0.03243
5.47	7.9	0.387	0.03237
5.48	7.88	0.384	0.03229
5.49	7.9	0.38	0.03217
5.50	7.9	0.377	0.03237
5.51	7.9	0.372	0.03294
5.52	7.92	0.366	0.03369
5.53	8	0.36	0.03453
5.54	8.13	0.355	0.03603
5.55	8.21	0.351	0.03716
5.56	8.22	0.347	0.03811
5.57	8.26	0.342	0.03909
5.58	8.28	0.338	0.04004
5.59	8.25	0.334	0.04082
5.60	8.2	0.332	0.04096
5.61	8.14	0.332	0.04064
5.62	8.09	0.332	0.03967
5.63	8.05	0.332	0.03936
5.64	8.06	0.333	0.03999
5.65	8.11	0.334	0.04083
5.66	8.24	0.337	0.04232
5.67	8.48	0.338	0.04413
5.68	8.84	0.334	0.0463
5.69	9.22	0.326	0.04865
5.70	9.51	0.318	0.04972
5.71	9.7	0.312	0.05018
5.72	9.85	0.306	0.05147
5.73	10.06	0.291	0.05387
5.74	10.17	0.278	0.05575
5.75	10.22	0.266	0.05718
5.76	10.24	0.256	0.05793
5.77	10.22	0.242	0.05832
5.78	10	0.23	0.05695
5.79	9.78	0.223	0.05476
5.80	9.65	0.219	0.05461
5.81	9.49	0.217	0.05463
5.82	9.3	0.218	0.05428
5.83	9.05	0.224	0.05214
5.84	8.82	0.233	0.04956
5.85	8.66	0.239	0.04764
5.86	8.47	0.245	0.04618
5.87	8.27	0.253	0.04498
5.88	8.2	0.258	0.04473
5.89	8.15	0.273	0.04405
5.90	8.23	0.288	0.04384
5.91	8.28	0.301	0.04277
5.92	8.31	0.315	0.04197
5.93	8.26	0.324	0.04089
5.94	8.13	0.326	0.04021
5.95	7.96	0.327	0.03928
5.96	7.82	0.324	0.03951
5.97	7.76	0.321	0.04041
5.98	7.7	0.318	0.04046
5.99	7.69	0.318	0.03982
6.00	7.72	0.32	0.03915
6.01	7.8	0.321	0.03939
6.02	7.84	0.32	0.03948
6.03	7.87	0.318	0.03984
6.04	7.94	0.313	0.04081
6.05	7.96	0.308	0.04172
6.06	7.99	0.302	0.04264
6.07	8.04	0.296	0.04406
6.08	8.08	0.289	0.04551
6.09	8.15	0.284	0.04645
6.10	8.24	0.277	0.0471
6.11	8.32	0.267	0.04772
6.12	8.38	0.256	0.04832
6.13	8.49	0.246	0.04971
6.14	8.58	0.234	0.05095
6.15	8.57	0.222	0.05163
6.16	8.54	0.209	0.05211
6.17	8.45	0.196	0.05207
6.18	8.33	0.186	0.05167
6.19	8.25	0.183	0.0514
6.20	8.05	0.176	0.05078
6.21	7.8	0.17	0.0497
6.22	7.49	0.167	0.04786
6.23	7.19	0.165	0.04538
6.24	6.91	0.167	0.04341
6.25	6.67	0.175	0.04227
6.26	6.4	0.183	0.04143
6.27	6.13	0.19	0.04101
6.28	5.97	0.1877	0.05035
6.29	6.39	0.1853	0.05055
6.30	6.41	0.183	0.04736
6.31	6.4	0.186	0.04534
6.32	6.43	0.189	0.04447
6.33	6.5	0.192	0.04413
6.34	6.62	0.194	0.04423
6.35	6.74	0.194	0.04441
6.36	6.83	0.191	0.04443
6.37	6.9	0.184	0.04508
6.38	6.96	0.176	0.04561
6.39	7.01	0.169	0.04454
6.40	7.01	0.162	0.04298
6.41	6.93	0.156	0.04169
6.42	6.69	0.151	0.03869
6.43	6.25	0.149	0.03342
6.44	5.79	0.148	0.02944
6.45	5.33	0.15	0.02706
6.46	4.93	0.152	0.025
6.47	4.62	0.158	0.02358
6.48	4.43	0.161	0.02405
6.49	4.3	0.167	0.02553
6.50	4.21	0.172	0.02883
6.51	4.19	0.176	0.03021
6.52	4.26	0.178	0.03072
6.53	4.31	0.179	0.03086
6.54	4.46	0.18	0.03108
6.55	4.66	0.18	0.0315
6.56	4.85	0.179	0.03225
6.57	5.07	0.178	0.03404
6.58	5.35	0.173	0.03798
6.59	5.63	0.166	0.04344
6.60	5.87	0.158	0.04587
6.61	6.16	0.148	0.04721
6.62	6.47	0.14	0.04892
6.63	6.76	0.133	0.05052
6.64	7.04	0.126	0.05236
6.65	7.29	0.119	0.05391
6.66	7.48	0.113	0.05525
6.67	7.63	0.11	0.05631
6.68	7.76	0.108	0.05711
6.69	7.96	0.103	0.05833
6.70	8.12	0.1	0.0591
6.71	8.29	0.101	0.06008
6.72	8.36	0.103	0.06048
6.73	8.54	0.107	0.06191
6.74	8.61	0.109	0.06231
6.75	8.69	0.11	0.06271
6.76	8.74	0.113	0.06275
6.77	8.77	0.116	0.0627
6.78	8.74	0.121	0.06283
6.79	8.69	0.13	0.06185
6.80	8.61	0.137	0.05997
6.81	8.54	0.141	0.05849
6.82	8.39	0.143	0.05611
6.83	8.22	0.146	0.05378
6.84	8.04	0.149	0.05163
6.85	7.84	0.151	0.0505
6.86	7.75	0.151	0.05013
6.87	7.59	0.153	0.04919
6.88	7.48	0.153	0.04803
6.89	7.45	0.153	0.04867
6.90	7.37	0.151	0.04925
6.91	7.3	0.149	0.04993
6.92	7.27	0.148	0.04984
6.93	7.28	0.15	0.04924
6.94	7.34	0.153	0.04854
6.95	7.51	0.157	0.04884
6.96	7.62	0.157	0.04872
6.97	7.68	0.156	0.04922
6.98	7.68	0.155	0.04963
6.99	7.62	0.154	0.04972
7.00	7.46	0.153	0.04908
7.01	7.19	0.157	0.04621
7.02	7.04	0.163	0.04485
7.03	6.73	0.165	0.04145
7.04	6.29	0.165	0.03743
7.05	5.69	0.162	0.0343
7.06	5.07	0.161	0.03327
7.07	4.48	0.16	0.03043
7.08	4.13	0.156	0.02852
7.09	3.83	0.155	0.02686
7.10	3.55	0.153	0.0257
7.11	3.27	0.154	0.02561
7.12	3.1	0.154	0.02649
7.13	3.03	0.152	0.0275
7.14	3.05	0.149	0.02704
7.15	3.14	0.144	0.02727
7.16	3.29	0.139	0.02816
7.17	3.51	0.135	0.02904
7.18	3.79	0.133	0.0296
7.19	4.11	0.133	0.02972
7.20	4.27	0.133	0.03004
7.21	4.57	0.132	0.03074
7.22	4.86	0.128	0.03183
7.23	5.08	0.12	0.0333
7.24	5.23	0.11	0.03498
7.25	5.34	0.103	0.03595
7.26	5.43	0.1	0.03638
7.27	5.49	0.099	0.03644
7.28	5.5167	0.0967	0.02785
7.29	5.5433	0.0943	0.03083
7.30	5.57	0.092	0.03129
7.31	5.61	0.091	0.03134
7.32	5.64	0.089	0.03141
7.33	5.66	0.089	0.03143
7.34	5.68	0.088	0.03134
7.35	5.68	0.087	0.0314
7.36	5.69	0.086	0.03135
7.37	5.68	0.085	0.03143
7.38	5.68	0.085	0.03158
7.39	5.68	0.085	0.03152
7.40	5.68	0.086	0.03133
7.41	5.68	0.087	0.03107
7.42	5.68	0.088	0.03078
7.43	5.68	0.089	0.03054
7.44	5.68	0.09	0.03034
7.45	5.68	0.091	0.03023
7.46	5.64	0.091	0.03045
7.47	5.61	0.092	0.03072
7.48	5.58	0.093	0.03089
7.49	5.57	0.093	0.031
7.50	5.58	0.094	0.03099
7.51	5.59	0.096	0.03068
7.52	5.62	0.098	0.03065
7.53	5.66	0.099	0.03111
7.54	5.71	0.1	0.03161
7.55	5.75	0.101	0.03204
7.56	5.79	0.101	0.03246
7.57	5.8	0.101	0.03275
7.58	5.84	0.102	0.03333
7.59	5.9	0.103	0.03406
7.60	5.96	0.103	0.03466
7.61	6.03	0.103	0.03514
7.62	6.09	0.104	0.03564
7.63	6.15	0.104	0.03624
7.64	6.22	0.106	0.03683
7.65	6.28	0.106	0.03744
7.66	6.33	0.107	0.038
7.67	6.37	0.107	0.03828
7.68	6.4	0.108	0.03856
7.69	6.45	0.109	0.03895
7.70	6.51	0.11	0.03949
7.71	6.61	0.112	0.04011
7.72	6.71	0.114	0.04081
7.73	6.82	0.115	0.04159
7.74	6.94	0.117	0.04246
7.75	7.11	0.119	0.04346
7.76	7.29	0.121	0.04438
7.77	7.49	0.123	0.04503
7.78	7.68	0.126	0.04605
7.79	7.87	0.128	0.04768
7.80	8.07	0.129	0.04964
7.81	8.28	0.131	0.05181
7.82	8.6	0.135	0.05477
7.83	8.71	0.136	0.05572
7.84	8.9	0.137	0.05733
7.85	9.09	0.139	0.05883
7.86	9.27	0.141	0.05993
7.87	9.45	0.144	0.06094
7.88	9.49	0.145	0.06119
7.89	9.51	0.147	0.06163
7.90	9.5	0.151	0.06138
7.91	9.41	0.156	0.06065
7.92	9.34	0.16	0.06021
7.93	9.25	0.163	0.05941
7.94	9.14	0.167	0.05854
7.95	9.1	0.169	0.05832
7.96	9.07	0.171	0.05773
7.97	9.07	0.173	0.05648
7.98	9.08	0.177	0.05606
7.99	9.11	0.179	0.05609
8.00	9.17	0.182	0.05677
8.01	9.24	0.182	0.05755
8.02	9.28	0.181	0.05733
8.03	9.32	0.18	0.05767
8.04	9.38	0.179	0.05844
8.05	9.49	0.181	0.06085
8.06	9.6	0.185	0.06359
8.07	9.58	0.187	0.06445
8.08	9.4	0.191	0.06323
8.09	9.12	0.195	0.06156
8.10	8.73	0.201	0.06057
8.11	8.33	0.21	0.0604
8.12	7.93	0.216	0.05953
8.13	7.56	0.225	0.05817
8.14	7.15	0.24	0.05837
8.15	6.87	0.251	0.06122
8.16	6.7	0.258	0.06372
8.17	6.53	0.263	0.06544
8.18	6.41	0.266	0.0679
8.19	6.33	0.269	0.07436
8.20	6.32	0.269	0.08189
8.21	6.35	0.266	0.08793
8.22	6.4	0.266	0.09484
8.23	6.5	0.263	0.10036
8.24	6.75	0.258	0.10251
8.25	7.02	0.252	0.10431
8.26	7.31	0.251	0.10391
8.27	7.57	0.25	0.1011
8.28	8.01	0.2467	0.2829
8.29	9.24	0.2433	0.17861
8.30	8.92	0.24	0.14804
8.31	8.51	0.246	0.14914
8.32	8.11	0.255	0.14149
8.33	7.73	0.266	0.13236
8.34	7.35	0.279	0.1258
8.35	7.03	0.29	0.12601
8.36	6.74	0.299	0.13331
8.37	6.49	0.305	0.13722
8.38	6.2	0.308	0.13801
8.39	5.91	0.311	0.13734
8.40	5.69	0.311	0.13731
8.41	5.48	0.31	0.13427
8.42	5.28	0.308	0.13408
8.43	5.1	0.302	0.13691
8.44	4.97	0.296	0.14079
8.45	4.86	0.292	0.14294
8.46	4.74	0.285	0.1453
8.47	4.66	0.271	0.15172
8.48	4.61	0.254	0.15545
8.49	4.57	0.238	0.15594
8.50	4.46	0.224	0.15427
8.51	4.34	0.212	0.15245
8.52	4.28	0.202	0.15105
8.53	4.23	0.193	0.14967
8.54	4.16	0.185	0.14889
8.55	4.09	0.178	0.14845
8.56	4.05	0.167	0.14827
8.57	3.98	0.157	0.14693
8.58	3.86	0.149	0.14564
8.59	3.78	0.145	0.14796
8.60	3.79	0.142	0.15025
8.61	3.8	0.139	0.15176
8.62	3.84	0.138	0.15513
8.63	3.88	0.139	0.15951
8.64	3.93	0.136	0.16276
8.65	3.96	0.13	0.1639
8.66	3.94	0.127	0.16238
8.67	3.88	0.126	0.16138
8.68	3.85	0.125	0.16053
8.69	3.76	0.125	0.15952
8.70	3.66	0.125	0.1592
8.71	3.59	0.125	0.15937
8.72	3.49	0.122	0.16009
8.73	3.43	0.119	0.16291
8.74	3.42	0.117	0.16898
8.75	3.44	0.112	0.17799
8.76	3.49	0.108	0.18815
8.77	3.59	0.105	0.19905
8.78	3.64	0.1	0.20728
8.79	3.66	0.094	0.21373
8.80	3.66	0.092	0.22037
8.81	3.68	0.092	0.22788
8.82	3.73	0.094	0.23567
8.83	3.77	0.096	0.24384
8.84	3.82	0.098	0.25441
8.85	3.84	0.097	0.26249
8.86	3.85	0.096	0.27368
8.87	3.87	0.094	0.28923
8.88	3.87	0.091	0.30521
8.89	3.88	0.089	0.31863
8.90	3.9	0.089	0.33013
8.91	3.92	0.09	0.3387
8.92	3.94	0.093	0.34582
8.93	3.93	0.095	0.35247
8.94	3.93	0.096	0.3562
8.95	3.9	0.096	0.35896
8.96	3.87	0.094	0.36515
8.97	3.84	0.093	0.37432
8.98	3.83	0.091	0.38026
8.99	3.81	0.093	0.38587
9.00	3.77	0.095	0.39234
9.01	3.78	0.096	0.39969
9.02	3.77	0.096	0.40496
9.03	3.76	0.096	0.40787
9.04	3.74	0.096	0.40849
9.05	3.65	0.094	0.40796
9.06	3.56	0.093	0.40568
9.07	3.52	0.092	0.40764
9.08	3.45	0.093	0.42498
9.09	3.32	0.089	0.44607
9.10	3.21	0.081	0.44969
9.11	3.08	0.07	0.45336
9.12	3.03	0.065	0.45797
9.13	2.98	0.054	0.47841
9.14	2.99	0.055	0.47263
9.15	2.99	0.054	0.44533
9.16	2.99	0.052	0.41496
9.17	3.07	0.05	0.40495
9.18	3.2	0.049	0.4111
9.19	3.38	0.047	0.41209
9.20	3.49	0.047	0.40688
9.21	3.61	0.047	0.40527
9.22	3.78	0.046	0.40788
9.23	3.8	0.047	0.40215
9.24	3.73	0.047	0.38615
9.25	3.67	0.048	0.36084
9.26	3.66	0.049	0.34101
9.27	3.66	0.05	0.33043
9.28	3.7433	0.0527	0.39362
9.29	3.8267	0.0553	0.53444
9.30	3.91	0.058	0.44935
9.31	3.78	0.061	0.4122
9.32	3.49	0.066	0.38609
9.33	3.3	0.072	0.39091
9.34	3.18	0.077	0.38836
9.35	3.05	0.08	0.39357
9.36	2.88	0.086	0.41984
9.37	2.84	0.087	0.43005
9.38	2.77	0.086	0.44734
9.39	2.74	0.085	0.45001
9.40	2.7	0.083	0.44935
9.41	2.65	0.079	0.45497
9.42	2.62	0.078	0.45705
9.43	2.56	0.075	0.46038
9.44	2.53	0.072	0.46026
9.45	2.47	0.066	0.45924
9.46	2.46	0.063	0.46038
9.47	2.49	0.058	0.47261
9.48	2.56	0.056	0.49077
9.49	2.64	0.055	0.50473
9.50	2.7	0.053	0.50862
9.51	2.76	0.052	0.49762
9.52	2.81	0.053	0.48225
9.53	2.84	0.055	0.47913
9.54	2.87	0.057	0.47929
9.55	2.88	0.059	0.4745
9.56	2.85	0.06	0.46406
9.57	2.82	0.062	0.45927
9.58	2.79	0.064	0.45374
9.59	2.74	0.065	0.44926
9.60	2.71	0.068	0.45393
9.61	2.7	0.069	0.46445
9.62	2.72	0.071	0.47102
9.63	2.73	0.073	0.47652
9.64	2.77	0.073	0.48238
9.65	2.84	0.074	0.4852
9.66	2.84	0.074	0.4814
9.67	2.79	0.072	0.47795
9.68	2.71	0.071	0.46808
9.69	2.64	0.07	0.44834
9.70	2.53	0.07	0.42641
9.71	2.44	0.07	0.4222
9.72	2.35	0.069	0.43038
9.73	2.24	0.066	0.43777
9.74	2.21	0.063	0.44257
9.75	2.22	0.062	0.44437
9.76	2.26	0.059	0.45089
9.77	2.27	0.055	0.4665
9.78	2.28	0.0547	0.49226
9.79	2.38	0.0543	0.52442
9.80	2.68	0.054	0.56887
9.81	3.11	0.057	0.6026
9.82	3.62	0.059	0.59078
9.83	4.1	0.064	0.58822
9.84	4.58	0.073	0.59499
9.85	5.09	0.084	0.60258
9.86	5.6	0.096	0.59018
9.87	5.98	0.108	0.56591
9.88	6.24	0.12	0.50571
9.89	6.32	0.127	0.45172
9.90	6.42	0.135	0.40284
9.91	6.65	0.146	0.37712
9.92	7.03	0.162	0.38892
9.93	7.39	0.178	0.43793
9.94	7.65	0.195	0.51271
9.95	8.14	0.207	0.57742
9.96	8.7	0.218	0.55024
9.97	9.13	0.23	0.49441
9.98	9.4	0.241	0.4446
9.99	9.58	0.25	0.4176
10.00	9.77	0.26	0.39863
10.01	9.77	0.271	0.36301
10.02	9.73	0.281	0.32309
10.03	9.58	0.289	0.30491
10.04	9.36	0.3	0.28402
10.05	9	0.311	0.25516
10.06	8.58	0.322	0.22738
10.07	8.17	0.335	0.20583
10.08	7.77	0.343	0.18797
10.09	7.4	0.347	0.17496
10.10	7.01	0.355	0.16731
10.11	6.61	0.367	0.16843
10.12	6.3	0.369	0.17361
10.13	6.12	0.367	0.18025
10.14	5.87	0.363	0.18223
10.15	5.59	0.361	0.19515
10.16	5.38	0.352	0.221
10.17	5.21	0.34	0.24986
10.18	5.07	0.329	0.26656
10.19	4.91	0.313	0.2709
10.20	4.73	0.298	0.27846
10.21	4.25	0.274	0.283
10.22	4.03	0.265	0.28676
10.23	3.66	0.246	0.28963
10.24	3.35	0.218	0.29197
10.25	3.22	0.206	0.32296
10.26	3.21	0.199	0.34265
10.27	3.27	0.189	0.38476
10.28	3.42	0.1863	0.42457
10.29	4.11	0.1837	0.42718
10.30	4.7	0.181	0.34904
10.31	4.5	0.179	0.3227
10.32	4.06	0.179	0.28599
10.33	3.74	0.179	0.26095
10.34	3.51	0.176	0.24569
10.35	3.26	0.174	0.23854
10.36	3	0.173	0.25532
10.37	2.79	0.165	0.2896
10.38	2.6	0.156	0.31863
10.39	2.49	0.146	0.34353
10.40	2.43	0.136	0.36056
10.41	2.36	0.13	0.37418
10.42	2.28	0.124	0.38943
10.43	2.22	0.116	0.40821
10.44	2.18	0.109	0.4224
10.45	2.16	0.103	0.42974
10.46	2.15	0.096	0.43872
10.47	2.15	0.09	0.4459
10.48	2.16	0.084	0.46462
10.49	2.15	0.082	0.48363
10.50	2.18	0.078	0.4939
10.51	2.23	0.071	0.50563
10.52	2.24	0.069	0.51379
10.53	2.25	0.069	0.52192
10.54	2.25	0.068	0.52336
10.55	2.25	0.064	0.52464
10.56	2.17	0.062	0.52525
10.57	2.12	0.063	0.54236
10.58	2.08	0.062	0.56002
10.59	2.06	0.06	0.56703
10.60	2.06	0.06	0.5677
10.61	2.09	0.057	0.52768
10.62	2.08	0.056	0.50146
10.63	2.07	0.054	0.49397
10.64	2.08	0.053	0.50298
10.65	2.12	0.052	0.52146
10.66	2.15	0.051	0.53678
10.67	2.17	0.049	0.53993
10.68	2.19	0.047	0.54019
10.69	2.21	0.047	0.54898
10.70	2.23	0.046	0.55606
10.71	2.23	0.045	0.56867
10.72	2.21	0.044	0.57308
10.73	2.19	0.043	0.57074
10.74	2.16	0.044	0.56918
10.75	2.13	0.044	0.57063
10.76	2.08	0.044	0.57135
10.77	2.02	0.044	0.56997
10.78	1.98	0.044	0.56598
10.79	1.92	0.043	0.55421
10.80	1.86	0.043	0.54636
10.81	1.82	0.042	0.53777
10.82	1.77	0.042	0.52388
10.83	1.7	0.042	0.51291
10.84	1.64	0.043	0.50658
10.85	1.56	0.043	0.50392
10.86	1.5	0.042	0.49986
10.87	1.45	0.042	0.49506
10.88	1.4	0.042	0.48839
10.89	1.35	0.041	0.48296
10.90	1.3	0.04	0.47519
10.91	1.29	0.039	0.46022
10.92	1.28	0.037	0.45143
10.93	1.27	0.036	0.44638
10.94	1.26	0.035	0.43928
10.95	1.26	0.034	0.43018
10.96	1.26	0.033	0.4268
10.97	1.27	0.032	0.42703
10.98	1.28	0.0317	0.42597
10.99	1.29	0.0313	0.42795
11.00	1.3	0.031	0.43198
11.01	1.34	0.031	0.43703
11.02	1.41	0.032	0.43881
11.03	1.49	0.033	0.43542
11.04	1.57	0.035	0.4261
11.05	1.66	0.036	0.41441
11.06	1.78	0.039	0.39963
11.07	1.92	0.044	0.38299
11.08	2.1	0.048	0.36964
11.09	2.34	0.053	0.36837
11.10	2.65	0.056	0.35562
11.11	3.02	0.058	0.36857
11.12	3.45	0.06	0.36227
11.13	3.93	0.062	0.34943
11.14	4.44	0.064	0.33135
11.15	4.96	0.066	0.30941
11.16	5.45	0.07	0.22366
11.17	5.8	0.074	0.17149
11.18	6.02	0.079	0.13789
11.19	6.1	0.086	0.12689
11.20	6.08	0.094	0.1173
11.21	5.96	0.103	0.11021
11.22	5.82	0.112	0.10504
11.23	5.68	0.121	0.10235
11.24	5.56	0.128	0.10165
11.25	5.38	0.133	0.10508
11.26	5.26	0.136	0.10844
11.27	4.98	0.134	0.10858
11.28	5.1033	0.133	0.11568
11.29	5.2267	0.1313	0.13527
11.30	5.35	0.1297	0.1103
11.31	5.23	0.128	0.09833
11.32	5.1	0.129	0.10779
11.33	5.18	0.124	0.12918
11.34	5.68	0.125	0.16609
11.35	6.37	0.13	0.20071
11.36	6.88	0.142	0.2119
11.37	7.27	0.154	0.20704
11.38	7.61	0.159	0.19005
11.39	7.7	0.152	0.15116
11.40	7.54	0.144	0.1237
11.41	7.14	0.136	0.0984
11.42	6.69	0.1413	0.07674
11.43	5.92	0.1467	0.05042
11.44	4.98	0.152	0.03694
11.45	4.32	0.168	0.02846
11.46	3.74	0.182	0.01982
11.47	3.31	0.192	0.01641
11.48	2.92	0.196	0.01633
11.49	2.57	0.198	0.02332
11.50	2.3	0.196	0.0295
11.51	2.05	0.189	0.03278
11.52	1.82	0.177	0.03759
11.53	1.63	0.16	0.04981
11.54	1.46	0.143	0.06041
11.55	1.37	0.128	0.06949
11.56	1.34	0.113	0.07629
11.57	1.35	0.1	0.08135
11.58	1.36	0.086	0.08689
11.59	1.39	0.066	0.093
11.60	1.45	0.048	0.09872
11.61	1.49	0.037	0.10269
11.62	1.53	0.033	0.10763
11.63	1.54	0.031	0.11212
11.64	1.53	0.031	0.11643
11.65	1.54	0.03	0.11995
11.66	1.54	0.029	0.12403
11.67	1.54	0.025	0.1268
11.68	1.53	0.024	0.12885
11.69	1.47	0.023	0.12802
11.70	1.43	0.023	0.12857
11.71	1.41	0.022	0.13207
11.72	1.41	0.019	0.137
11.73	1.4	0.016	0.14192
11.74	1.41	0.015	0.14775
11.75	1.44	0.015	0.15355
11.76	1.46	0.015	0.15916
11.77	1.49	0.015	0.16275
11.78	1.47	0.015	0.1635
11.79	1.44	0.017	0.16587
11.80	1.41	0.019	0.16891
11.81	1.4	0.021	0.17233
11.82	1.39	0.023	0.17515
11.83	1.36	0.025	0.17926
11.84	1.36	0.026	0.18518
11.85	1.37	0.027	0.19116
11.86	1.37	0.028	0.19505
11.87	1.37	0.028	0.19749
11.88	1.33	0.028	0.19898
11.89	1.3	0.027	0.20102
11.90	1.29	0.027	0.20478
11.91	1.28	0.026	0.20822
11.92	1.27	0.027	0.21242
11.93	1.26	0.027	0.21699
11.94	1.25	0.028	0.22244
11.95	1.24	0.028	0.22842
11.96	1.26	0.027	0.23288
11.97	1.3	0.027	0.23752
11.98	1.33	0.026	0.24331
11.99	1.37	0.025	0.24963
12.00	1.41	0.024	0.25649
12.01	1.49	0.024	0.26908
12.02	1.54	0.025	0.27616
12.03	1.92	0.027	0.31065
12.04	2.38	0.028	0.33387
12.05	2.64	0.028	0.33614
12.06	3.15	0.028	0.27661
12.07	3.53	0.0297	0.2084
12.08	3.77	0.0313	0.1312
12.09	3.77	0.033	0.09792
12.10	3.71	0.039	0.08081
12.11	3.58	0.044	0.0687
12.12	3.45	0.046	0.06482
12.13	3.43	0.048	0.06315
12.14	3.39	0.049	0.062
12.15	3.49	0.05	0.06371
12.16	3.66	0.052	0.06813
12.17	3.93	0.055	0.07539
12.18	4.12	0.058	0.07981
12.19	4.12	0.063	0.07866
12.20	4.15	0.062	0.07386
12.21	4.11	0.063	0.06774
12.22	4.02	0.067	0.06138
12.23	3.9	0.074	0.05424
12.24	3.76	0.073	0.05344
12.25	3.71	0.07	0.05899
12.26	3.9	0.069	0.06763
12.27	4.22	0.066	0.07776
12.28	4.52	0.064	0.08252
12.29	4.73	0.065	0.08205
12.30	4.8433	0.08	0.07737
12.31	4.9567	0.085	0.07988
12.32	5.07	0.085	0.07745
12.33	5.18	0.087	0.0712
12.34	5.23	0.088	0.07014
12.35	5.31	0.087	0.06741
12.36	5.43	0.087	0.0632
12.37	5.52	0.087	0.05979
12.38	5.64	0.086	0.05902
12.39	5.78	0.085	0.05945
12.40	6	0.086	0.06119
12.41	6.11	0.085	0.06198
12.42	6.17	0.086	0.0607
12.43	6.16	0.085	0.05602
12.44	6.09	0.085	0.04867
12.45	5.99	0.085	0.04467
12.46	5.82	0.085	0.04024
12.47	5.59	0.083	0.03604
12.48	5.29	0.077	0.0326
12.49	4.97	0.068	0.03123
12.50	4.77	0.06	0.03187
12.51	4.57	0.053	0.03274
12.52	4.47	0.0527	0.03333
12.53	4.47	0.0523	0.03432
12.54	4.59	0.052	0.03597
12.55	4.77	0.058	0.03696
12.56	4.96	0.065	0.03752
12.57	5.15	0.078	0.03671
12.58	5.24	0.092	0.03465
12.59	5.1	0.101	0.0309
12.60	4.77	0.105	0.02578
12.61	4.34	0.101	0.02125
12.62	3.85	0.094	0.0169
12.63	3.38	0.091	0.01308
12.64	2.99	0.081	0.0116
12.65	2.64	0.065	0.014
12.66	2.34	0.056	0.01612
12.67	2.06	0.05	0.01849
12.68	2.0267	0.049	0.02328
12.69	1.9933	0.05	0.02839
12.70	1.96	0.051	0.03074
12.71	1.95	0.052	0.03146
12.72	1.92	0.054	0.03123
12.73	1.89	0.056	0.03215
12.74	1.85	0.057	0.03415
12.75	1.89	0.058	0.03839
12.76	2.07	0.058	0.04585
12.77	2.38	0.056	0.06141
12.78	2.84	0.051	0.0776
12.79	3.26	0.0507	0.08544
12.80	3.51	0.0503	0.08246
12.81	3.71	0.05	0.07436
12.82	3.86	0.054	0.06315
12.83	4	0.057	0.05792
12.84	4.17	0.058	0.05728
12.85	4.41	0.054	0.05771
12.86	4.66	0.053	0.05837
12.87	4.96	0.051	0.05921
12.88	5.28	0.051	0.06004
12.89	5.64	0.053	0.06163
12.90	6.02	0.055	0.06283
12.91	6.35	0.058	0.06368
12.92	6.42	0.062	0.06137
12.93	6.2	0.066	0.05304
12.94	5.83	0.069	0.04547
12.95	5.45	0.072	0.03926
12.96	5.05	0.075	0.03371
12.97	4.65	0.075	0.02926
12.98	4.27	0.073	0.02658
12.99	3.97	0.071	0.02544
13.00	3.79	0.068	0.0252
13.01	3.7	0.066	0.02583
13.02	3.78	0.068	0.02813
13.03	3.97	0.071	0.03173
13.04	4.19	0.077	0.03489
13.05	4.34	0.081	0.03717
13.06	4.46	0.081	0.03893
13.07	4.55	0.079	0.03918
13.08	4.64	0.079	0.03903
13.09	4.72	0.078	0.03846
13.10	4.78	0.077	0.03764
13.11	4.8	0.073	0.03712
13.12	4.83	0.068	0.03671
13.13	4.85	0.063	0.03644
13.14	4.88	0.058	0.03614
13.15	4.94	0.0573	0.03606
13.16	5.03	0.0567	0.03613
13.17	5.14	0.056	0.03581
13.18	5.26	0.06	0.03477
13.19	5.25	0.061	0.0341
13.20	5.18	0.064	0.03185
13.21	5.05	0.064	0.03013
13.22	4.89	0.064	0.02809
13.23	4.77	0.064	0.02623
13.24	4.65	0.063	0.02397
13.25	4.59	0.062	0.02216
13.26	4.54	0.06	0.02147
13.27	4.52	0.059	0.02124
13.28	4.51	0.057	0.02121
13.29	4.6267	0.0577	0.02302
13.30	4.7433	0.0583	0.03518
13.31	4.86	0.059	0.03431
13.32	5.06	0.06	0.03409
13.33	5.34	0.063	0.0351
13.34	5.76	0.068	0.03688
13.35	5.97	0.071	0.03707
13.36	6.01	0.072	0.03682
13.37	6	0.074	0.03421
13.38	5.97	0.075	0.03248
13.39	5.97	0.077	0.03131
13.40	6.05	0.083	0.03079
13.41	6.15	0.086	0.03094
13.42	6.27	0.089	0.03153
13.43	6.41	0.088	0.0327
13.44	6.54	0.083	0.03407
13.45	6.66	0.077	0.03501
13.46	6.74	0.071	0.03494
13.47	6.83	0.068	0.03428
13.48	6.94	0.064	0.03357
13.49	7.1	0.063	0.03404
13.50	7.34	0.064	0.03521
13.51	7.58	0.067	0.03664
13.52	7.78	0.07	0.0377
13.53	7.94	0.071	0.03806
13.54	8.06	0.07	0.03826
13.55	8.2	0.069	0.03867
13.56	8.31	0.07	0.0389
13.57	8.43	0.074	0.03916
13.58	8.51	0.076	0.0394
13.59	8.52	0.075	0.03954
13.60	8.49	0.073	0.03937
13.61	8.44	0.07	0.03869
13.62	8.39	0.068	0.03837
13.63	8.39	0.069	0.03851
13.64	8.44	0.074	0.03852
13.65	8.52	0.078	0.03862
13.66	8.55	0.08	0.03852
13.67	8.53	0.083	0.03774
13.68	8.41	0.088	0.03617
13.69	8.24	0.094	0.03395
13.70	7.97	0.098	0.03143
13.71	7.62	0.102	0.02859
13.72	7.31	0.103	0.02653
13.73	7	0.104	0.02505
13.74	6.74	0.103	0.02382
13.75	6.5	0.102	0.02268
13.76	6.31	0.101	0.02195
13.77	6.14	0.102	0.02064
13.78	6.01	0.103	0.01921
13.79	5.93	0.103	0.01828
13.80	5.92	0.105	0.01823
13.81	5.94	0.105	0.01831
13.82	5.97	0.106	0.01791
13.83	6.06	0.107	0.0178
13.84	6.15	0.109	0.01782
13.85	6.29	0.113	0.01813
13.86	6.37	0.116	0.01785
13.87	6.41	0.12	0.0171
13.88	6.39	0.125	0.01605
13.89	6.34	0.128	0.01522
13.90	6.23	0.129	0.01426
13.91	6.13	0.13	0.01345
13.92	6.08	0.128	0.01335
13.93	6.13	0.124	0.01404
13.94	6.23	0.115	0.01554
13.95	6.33	0.11	0.01694
13.96	6.35	0.107	0.01702
13.97	6.26	0.104	0.01695
13.98	6.01	0.102	0.01534
13.99	5.6	0.101	0.01285
14.00	5.09	0.103	0.00879
14.01	4.6	0.104	0.00718
14.02	4.14	0.101	0.00719
14.03	3.77	0.096	0.00879
14.04	3.47	0.091	0.01168
14.05	3.22	0.088	0.01471
14.06	3.09	0.087	0.01867
14.07	3.1	0.087	0.02696
14.08	3.17	0.085	0.03632
14.09	3.23	0.084	0.04127
14.10	3.41	0.084	0.0541
14.11	3.7	0.084	0.06994
14.12	4.14	0.085	0.09077
14.13	4.84	0.086	0.1154
14.14	6.34	0.085	0.15562
14.15	7.42	0.082	0.17225
14.16	7.9	0.082	0.17434
14.17	8.7	0.088	0.16309
14.18	9.73	0.098	0.13977
14.19	10.04	0.102	0.13372
14.20	10.99	0.119	0.12598
14.21	11.62	0.132	0.12683
14.22	11.86	0.14	0.12491
14.23	12.17	0.162	0.11684
14.24	12.19	0.184	0.10349
14.25	12.16	0.208	0.08775
14.26	12.19	0.216	0.08356
14.27	12.28	0.221	0.08292
14.28	12.38	0.226	0.08213
14.29	12.5	0.232	0.08051
14.30	12.5067	0.22	0.03758
14.31	12.5133	0.208	0.08308
14.32	12.52	0.208	0.08021
14.33	12.41	0.208	0.07507
14.34	12.32	0.208	0.07059
14.35	12.25	0.219	0.06659
14.36	12.19	0.228	0.06374
14.37	12.15	0.236	0.06084
14.38	12.24	0.242	0.06051
14.39	12.26	0.25	0.05894
14.40	12.28	0.26	0.05801
14.41	12.35	0.273	0.05867
14.42	12.52	0.285	0.0601
14.43	12.57	0.287	0.06026
14.44	12.48	0.289	0.06004
14.45	12.26	0.291	0.05602
14.46	12.04	0.29	0.0525
14.47	11.9	0.288	0.05032
14.48	11.82	0.285	0.04848
14.49	11.69	0.285	0.04716
14.50	11.46	0.295	0.04269
14.51	11.33	0.301	0.04025
14.52	11.33	0.308	0.0398
14.53	11.49	0.317	0.04127
14.54	11.79	0.323	0.04416
14.55	12.04	0.329	0.04493
14.56	12.09	0.336	0.04341
14.57	11.95	0.336	0.0407
14.58	11.88	0.33	0.03818
14.59	11.97	0.322	0.03904
14.60	12.26	0.316	0.04227
14.61	12.67	0.314	0.04675
14.62	13.07	0.313	0.05096
14.63	13.4	0.315	0.05368
14.64	13.67	0.314	0.05489
14.65	14	0.317	0.05822
14.66	14.15	0.319	0.05939
14.67	14.2	0.309	0.05913
14.68	14.43	0.297	0.05996
14.69	14.85	0.286	0.06538
14.70	15.51	0.278	0.07538
14.71	16.0767	0.2737	0.03108
14.72	16.6433	0.2693	0.08388
14.73	17.21	0.265	0.10355
14.74	17.29	0.267	0.09975
14.75	16.98	0.276	0.08811
14.76	16.49	0.285	0.07929
14.77	16.1	0.304	0.07323
14.78	15.68	0.319	0.06616
14.79	15.4	0.331	0.06053
14.80	15.11	0.344	0.05381
14.81	15	0.349	0.05407
14.82	14.89	0.363	0.05313
14.83	15.1	0.37	0.05588
14.84	15.35	0.375	0.05797
14.85	15.64	0.383	0.05853
14.86	16.29	0.393	0.06469
14.87	17.04	0.39	0.07386
14.88	17.94	0.39	0.08306
14.89	18.24	0.389	0.08608
14.90	18.31	0.401	0.08351
14.91	17.9	0.405	0.0747
14.92	17.28	0.407	0.0641
14.93	16.39	0.414	0.05436
14.94	15.22	0.43	0.04199
14.95	13.81	0.436	0.02859
14.96	12.27	0.432	0.02163
14.97	10.93	0.435	0.01406
14.98	9.88	0.436	0.01176
14.99	9.02	0.433	0.00722
15.00	8.3	0.428	0.00396
15.01	7.95	0.425	0.0029
15.02	7.19	0.416	0.00057
15.03	6.57	0.408	0.00076
15.04	5.91	0.4	0.00087
15.05	5.25	0.388	0.0014
15.06	4.69	0.374	0.00289
15.07	4.31	0.279	0.03178
15.08	4.51	0.271	0.03227
15.09	4.2	0.255	0.03154
15.10	3.85	0.242	0.0306
15.11	3.47	0.227	0.03044
15.12	3.12	0.214	0.03073
15.13	2.89	0.202	0.03605
15.14	2.73	0.189	0.0414
15.15	2.62	0.171	0.04307
15.16	2.5	0.153	0.04244
15.17	2.38	0.138	0.04047
15.18	2.2	0.124	0.03866
15.19	2.04	0.116	0.03989
15.20	1.95	0.112	0.04345
15.21	1.91	0.109	0.04809
15.22	1.9	0.106	0.05126
15.23	1.95	0.101	0.05451
15.24	1.99	0.093	0.05634
15.25	1.99	0.086	0.05816
15.26	1.97	0.083	0.06144
15.27	1.99	0.081	0.06514
15.28	2.01	0.08	0.06868
15.29	2.05	0.074	0.0721
15.30	2.1	0.068	0.07538
15.31	2.16	0.062	0.07803
15.32	2.4233	0.059	0.14829
15.33	2.6867	0.056	0.15472
15.34	2.95	0.0553	0.16072
15.35	2.88	0.0547	0.1676
15.36	2.85	0.054	0.17647
15.37	2.84	0.054	0.18879
15.38	2.9	0.053	0.20448
15.39	2.92	0.052	0.22713
15.40	2.96	0.05	0.2478
15.41	3	0.047	0.26692
15.42	3.03	0.046	0.28492
15.43	3.07	0.046	0.30175
15.44	3.13	0.047	0.32033
15.45	3.12	0.049	0.33977
15.46	3.15	0.051	0.36182
15.47	3.15	0.051	0.37036
15.48	3.17	0.051	0.38292
15.49	3.17	0.049	0.39461
15.50	3.17	0.048	0.39812
15.51	3.15	0.048	0.39322
15.52	3.11	0.048	0.38736
15.53	3.01	0.048	0.3779
15.54	2.92	0.048	0.37288
15.55	2.78	0.049	0.36775
15.56	2.66	0.049	0.36939
15.57	2.58	0.05	0.3779
15.58	2.51	0.049	0.3902
15.59	2.48	0.047	0.39676
15.60	2.44	0.046	0.40401
15.61	2.4	0.044	0.4116
15.62	2.36	0.043	0.41327
15.63	2.33	0.042	0.41833
15.64	2.27	0.042	0.42257
15.65	2.25	0.04	0.41892
15.66	2.24	0.039	0.41729
15.67	2.21	0.038	0.41869
15.68	2.19	0.037	0.42896
15.69	2.19	0.037	0.4377
15.70	2.23	0.037	0.44283
15.71	2.24	0.037	0.4454
15.72	2.24	0.036	0.45011
15.73	2.27	0.036	0.46333
15.74	2.33	0.036	0.47811
15.75	2.37	0.034	0.4881
15.76	2.39	0.034	0.49486
15.77	2.4	0.034	0.49807
15.78	2.48	0.037	0.49957
15.79	2.58	0.04	0.50422
15.80	2.67	0.041	0.51034
15.81	2.76	0.042	0.51817
15.82	2.92	0.043	0.52461
15.83	2.99	0.045	0.52273
15.84	3.13	0.047	0.5296
15.85	3.27	0.049	0.51906
15.86	3.36	0.052	0.49899
15.87	3.37	0.054	0.46996
15.88	3.37	0.056	0.44377
15.89	3.37	0.057	0.42268
15.90	3.27	0.058	0.40323
15.91	3.16	0.057	0.38605
15.92	3.08	0.057	0.37509
15.93	3.06	0.058	0.37028
15.94	2.97	0.059	0.37404
15.95	2.85	0.061	0.38182
15.96	2.74	0.063	0.39663
15.97	2.68	0.065	0.41386
15.98	2.71	0.069	0.42996
15.99	2.76	0.072	0.44398
16.00	2.82	0.071	0.47203
16.01	2.9	0.07	0.54105
16.02	2.91	0.068	0.56532
16.03	2.95	0.067	0.58009
16.04	2.98	0.066	0.5931
16.05	2.96	0.065	0.60049
16.06	2.98	0.066	0.60217
16.07	3	0.065	0.61031
16.08	3.06	0.065	0.62535
16.09	3.12	0.065	0.63947
16.10	3.12	0.065	0.63948
16.11	3.11	0.065	0.65226
16.12	3.09	0.064	0.67008
16.13	3.04	0.067	0.67478
16.14	3.03	0.069	0.68663
16.15	2.98	0.07	0.69392
16.16	2.99	0.07	0.71384
16.17	2.96	0.071	0.73552
16.18	2.88	0.071	0.76005
16.19	2.83	0.072	0.78952
16.20	2.78	0.07	0.81442
16.21	2.75	0.068	0.84124
16.22	2.74	0.066	0.88988
16.23	2.69	0.066	0.93095
16.24	2.8	0.065	0.9798
16.25	2.98	0.064	1.00204
16.26	2.96	0.062	0.98241
16.27	2.92	0.062	0.96419
16.28	2.85	0.061	0.95779
16.29	2.77	0.06	0.96317
16.30	2.68	0.059	0.9638
16.31	2.67	0.058	0.97587
16.32	2.67	0.068	1.01076
16.33	2.9067	0.078	0.50414
16.34	3.1433	0.088	0.46795
16.35	3.38	0.091	0.61405
16.36	3.21	0.09	0.68515
16.37	3.09	0.088	0.74376
16.38	3.08	0.085	0.75671
16.39	3.04	0.084	0.76242
16.40	2.99	0.082	0.76501
16.41	2.95	0.081	0.77434
16.42	2.93	0.079	0.8041
16.43	2.92	0.076	0.82239
16.44	2.91	0.075	0.82914
16.45	2.86	0.076	0.8308
16.46	2.85	0.077	0.84597
16.47	2.83	0.077	0.86359
16.48	2.79	0.076	0.87138
16.49	2.79	0.075	0.88628
16.50	2.79	0.073	0.92057
16.51	2.73	0.072	0.94337
16.52	2.74	0.071	0.98697
16.53	2.7	0.071	1.01766
16.54	2.65	0.071	1.04507
16.55	2.64	0.072	1.10255
16.56	2.78	0.07	1.15658
16.57	2.82	0.068	1.19341
16.58	2.9	0.067	1.21981
16.59	2.93	0.066	1.24951
16.60	2.99	0.064	1.26188
16.61	2.99	0.062	1.33158
16.62	3.06	0.06	1.36311
16.63	3.06	0.059	1.36986
16.64	3.07	0.059	1.39358
16.65	3.16	0.06	1.42374
16.66	3.13	0.06	1.45935
16.67	3.18	0.059	1.48092
16.68	3.18	0.058	1.5148
16.69	3.18	0.058	1.53018
16.70	3.21	0.058	1.55068
16.71	3.18	0.058	1.55334
16.72	3.28	0.056	1.54954
16.73	3.36	0.055	1.55505
16.74	3.46	0.056	1.57194
16.75	3.54	0.057	1.57329
16.76	3.6	0.056	1.53956
16.77	3.65	0.055	1.50936
16.78	3.69	0.055	1.48917
16.79	3.73	0.055	1.45391
16.80	3.75	0.056	1.44609
16.81	4	0.056	1.47919
16.82	4.27	0.058	1.47998
16.83	4.59	0.064	1.46209
16.84	4.91	0.07	1.41416
16.85	5.32	0.076	1.33691
16.86	5.69	0.082	1.266
16.87	5.96	0.088	1.2219
16.88	6.23	0.095	1.16298
16.89	6.42	0.102	1.10087
16.90	6.58	0.108	1.04115
16.91	6.71	0.115	1.022
16.92	6.85	0.122	1.05152
16.93	6.93	0.125	1.07532
16.94	7.14	0.134	1.1131
16.95	7.35	0.145	1.16608
16.96	7.55	0.156	1.23324
16.97	7.89	0.173	1.27612
16.98	8.4	0.192	1.27588
16.99	8.93	0.207	1.16919
17.00	9.34	0.217	1.03282
17.01	9.68	0.225	0.84082
17.02	9.87	0.23	0.71153
17.03	9.93	0.235	0.58815
17.04	9.85	0.244	0.4825
17.05	9.62	0.255	0.36186
17.06	9.29	0.263	0.27441
17.07	8.89	0.273	0.2314
17.08	8.49	0.288	0.21001
17.09	8.16	0.301	0.20221
17.10	7.92	0.307	0.21245
17.11	7.65	0.309	0.22108
17.12	7.54	0.308	0.2321
17.13	7.42	0.311	0.24635
17.14	7.36	0.317	0.25614
17.15	7.4	0.322	0.26907
17.16	7.49	0.325	0.29307
17.17	7.64	0.325	0.31117
17.18	7.79	0.32	0.31658
17.19	7.45	0.347	0.44692
17.20	9.16	0.37	0.20627
17.21	9.3	0.357	0.15298
17.22	9.48	0.351	0.11931
17.23	9.83	0.349	0.10981
17.24	10.31	0.347	0.10943
17.25	10.96	0.344	0.11348
17.26	11.62	0.34	0.11783
17.27	12.28	0.334	0.12431
17.28	13.01	0.327	0.13365
17.29	13.84	0.321	0.14754
17.30	14.28	0.318	0.15866
17.31	15.04	0.313	0.17297

