0	0	0	0
0.01	0.69	0	0.13767
0.02	1.09	0	0.25966
0.03	1.63	0	0.20958
0.04	1.99	0.007	0.16579
0.05	2.45	0.012	0.13206
0.06	2.66	0.013	0.1176
0.07	2.85	0.014	0.09962
0.08	2.93	0.014	0.09
0.09	3	0.014	0.08245
0.1	3.15	0.014	0.07416
0.11	3.24	0.014	0.06951
0.12	3.31	0.014	0.06535
0.13	3.37	0.014	0.05907
0.14	3.34	0.014	0.05469
0.15	3.3	0.014	0.05075
0.16	3.26	0.014	0.04753
0.17	3.24	0.014	0.04475
0.18	3.22	0.015	0.04235
0.19	3.23	0.015	0.03922
0.2	3.21	0.016	0.03727
0.21	3.19	0.016	0.03535
0.22	3.14	0.017	0.03354
0.23	3.18	0.017	0.03199
0.24	3.19	0.016	0.03066
0.25	3.09	0.016	0.02678
0.26	3.21	0.016	0.02601
0.27	3.34	0.016	0.02532
0.28	3.54	0.016	0.02565
0.29	3.93	0.016	0.02701
0.3	4.18	0.016	0.02775
0.31	4.42	0.015	0.02829
0.32	4.6	0.015	0.02837
0.33	4.64	0.0153	0.02817
0.34	4.66	0.0157	0.02703
0.35	4.68	0.016	0.02662
0.36	4.74	0.016	0.02611
0.37	4.84	0.016	0.02598
0.38	5.06	0.016	0.02632
0.39	5.13	0.016	0.02642
0.4	5.27	0.016	0.02667
0.41	5.54	0.018	0.02691
0.42	5.65	0.019	0.02686
0.43	5.7	0.02	0.02682
0.44	5.84	0.02	0.02661
0.45	5.91	0.02	0.02632
0.46	5.97	0.02	0.02604
0.47	6.03	0.02	0.02579
0.48	6.11	0.02	0.02558
0.49	6.16	0.02	0.02538
0.5	6.23	0.02	0.02519
0.51	6.25	0.0203	0.02476
0.52	6.29	0.0207	0.02419
0.53	6.35	0.021	0.02375
0.54	6.34	0.022	0.02333
0.55	6.4	0.022	0.02337
0.56	6.45	0.023	0.02326
0.57	6.49	0.023	0.02302
0.58	6.49	0.025	0.02255
0.59	6.47	0.025	0.02198
0.6	6.43	0.025	0.0214
0.61	6.39	0.025	0.02079
0.62	6.31	0.026	0.02004
0.63	6.21	0.027	0.01916
0.64	6.1	0.027	0.01828
0.65	5.99	0.028	0.01743
0.66	5.88	0.028	0.01665
0.67	5.78	0.028	0.016
0.68	5.71	0.029	0.01552
0.69	5.67	0.029	0.0152
0.7	5.67	0.03	0.01502
0.71	5.69	0.03	0.01498
0.72	5.72	0.03	0.01503
0.73	5.77	0.031	0.01512
0.74	5.82	0.031	0.01529
0.75	5.9	0.031	0.01548
0.76	5.98	0.03	0.01576
0.77	6.08	0.03	0.01606
0.78	6.18	0.029	0.01639
0.79	6.29	0.03	0.01688
0.8	6.42	0.03	0.01752
0.81	6.58	0.031	0.01829
0.82	6.74	0.031	0.01916
0.83	6.92	0.032	0.02005
0.84	7.11	0.032	0.02101
0.85	7.28	0.032	0.02186
0.86	7.41	0.033	0.02247
0.87	7.53	0.033	0.02275
0.88	7.59	0.033	0.02286
0.89	7.63	0.031	0.02253
0.9	7.6	0.031	0.02198
0.91	7.54	0.03	0.02134
0.92	7.44	0.03	0.02053
0.93	7.31	0.031	0.01959
0.94	7.16	0.032	0.01866
0.95	7.04	0.032	0.01786
0.96	6.94	0.033	0.01725
0.97	6.88	0.034	0.01691
0.98	6.85	0.034	0.01669
0.99	6.84	0.034	0.01659
1	6.87	0.034	0.0166
1.01	6.87	0.035	0.0166
1.02	6.9	0.035	0.01668
1.03	6.94	0.035	0.01669
1.04	6.96	0.034	0.0166
1.05	6.98	0.034	0.01658
1.06	6.98	0.035	0.0165
1.07	6.99	0.036	0.01659
1.08	7.03	0.037	0.01676
1.09	7.1	0.038	0.01704
1.1	7.2	0.037	0.01738
1.11	7.3	0.037	0.01778
1.12	7.43	0.036	0.01826
1.13	7.52	0.034	0.01847
1.14	7.54	0.033	0.01822
1.15	7.52	0.033	0.01777
1.16	7.54	0.034	0.0175
1.17	7.61	0.034	0.01761
1.18	7.68	0.035	0.01775
1.19	7.75	0.036	0.01782
1.2	7.85	0.036	0.01792
1.21	7.95	0.035	0.01801
1.22	8.03	0.035	0.01809
1.23	7.9933	0.0333	0.00807
1.24	7.9567	0.0317	0.02396
1.25	7.92	0.0315	0.02382
1.26	8.02	0.0312	0.02274
1.27	8.05	0.031	0.02153
1.28	8.03	0.031	0.02046
1.29	7.96	0.032	0.01945
1.3	7.94	0.032	0.0187
1.31	7.94	0.031	0.01809
1.32	8	0.03	0.01759
1.33	8	0.031	0.01722
1.34	8.04	0.03	0.01674
1.35	8.03	0.031	0.01633
1.36	8.04	0.032	0.01589
1.37	8.02	0.033	0.01532
1.38	7.97	0.034	0.01442
1.39	7.93	0.035	0.01393
1.4	7.93	0.035	0.01357
1.41	7.94	0.035	0.01325
1.42	7.98	0.036	0.01313
1.43	8.05	0.036	0.01318
1.44	8.15	0.036	0.01342
1.45	8.29	0.037	0.01387
1.46	8.45	0.037	0.01429
1.47	8.68	0.038	0.01501
1.48	8.74	0.039	0.01517
1.49	8.84	0.039	0.01549
1.5	8.93	0.039	0.01553
1.51	9.01	0.039	0.01559
1.52	9.14	0.039	0.01596
1.53	9.31	0.039	0.01651
1.54	9.5	0.039	0.01725
1.55	9.71	0.04	0.01785
1.56	9.77	0.04	0.01791
1.57	9.87	0.04	0.0182
1.58	9.99	0.041	0.01861
1.59	10.19	0.042	0.01931
1.6	10.27	0.043	0.01945
1.61	10.28	0.045	0.01912
1.62	10.27	0.045	0.01884
1.63	10.13	0.045	0.01778
1.64	10.04	0.046	0.01711
1.65	9.99	0.047	0.01656
1.66	9.93	0.048	0.01604
1.67	9.89	0.05	0.01562
1.68	9.87	0.05	0.01534
1.69	9.89	0.05	0.01528
1.7	9.92	0.05	0.01536
1.71	10	0.05	0.01555
1.72	10.08	0.05	0.01581
1.73	10.2	0.051	0.01624
1.74	10.32	0.051	0.0166
1.75	10.37	0.05	0.01676
1.76	10.46	0.05	0.01694
1.77	10.48	0.049	0.0169
1.78	10.48	0.049	0.01658
1.79	10.43	0.049	0.01612
1.8	10.38	0.049	0.0157
1.81	10.32	0.049	0.01532
1.82	10.3	0.049	0.0151
1.83	10.31	0.049	0.01502
1.84	10.35	0.049	0.01513
1.85	10.43	0.05	0.01534
1.86	10.52	0.051	0.01567
1.87	10.58	0.051	0.01593
1.88	10.61	0.051	0.01589
1.89	10.59	0.05	0.01561
1.9	10.55	0.048	0.01518
1.91	10.51	0.046	0.01493
1.92	10.51	0.046	0.01478
1.93	10.52	0.046	0.01472
1.94	10.57	0.047	0.01472
1.95	10.6	0.047	0.0148
1.96	10.67	0.048	0.01511
1.97	10.74	0.049	0.01535
1.98	10.76	0.049	0.01517
1.99	10.81	0.05	0.01091
2	10.88	0.051	0.01114
2.01	11.01	0.052	0.01188
2.02	11.12	0.053	0.01254
2.03	11.21	0.054	0.0128
2.04	11.26	0.054	0.01297
2.05	11.31	0.053	0.01306
2.06	11.36	0.053	0.01327
2.07	11.37	0.053	0.01333
2.08	11.35	0.054	0.01335
2.09	11.32	0.054	0.01322
2.1	11.29	0.054	0.0131
2.11	11.28	0.053	0.01304
2.12	11.27	0.052	0.01303
2.13	11.29	0.052	0.01322
2.14	11.38	0.052	0.01367
2.15	11.56	0.052	0.0146
2.16	11.81	0.053	0.01599
2.17	12.07	0.054	0.01747
2.18	12.34	0.054	0.01873
2.19	12.5	0.054	0.01967
2.2	12.62	0.053	0.02012
2.21	12.69	0.053	0.02033
2.22	12.75	0.053	0.02041
2.23	12.79	0.054	0.02064
2.24	12.12	0.048	0.03966
2.25	12.16	0.049	0.03474
2.26	12.12	0.048	0.03299
2.27	12.03	0.048	0.03032
2.28	11.92	0.049	0.02845
2.29	11.81	0.05	0.02708
2.3	11.72	0.05	0.02613
2.31	11.66	0.05	0.02546
2.32	11.59	0.05	0.02483
2.33	11.55	0.05	0.02431
2.34	11.47	0.051	0.02365
2.35	11.33	0.053	0.0227
2.36	11.15	0.054	0.02162
2.37	10.98	0.055	0.02072
2.38	10.83	0.054	0.01991
2.39	10.7	0.054	0.01937
2.4	10.57	0.054	0.01882
2.41	10.44	0.053	0.01828
2.42	10.33	0.053	0.01781
2.43	10.24	0.052	0.01751
2.44	10.2	0.052	0.01742
2.45	10.19	0.053	0.01752
2.46	10.18	0.053	0.01753
2.47	10.16	0.053	0.01747
2.48	10.15	0.053	0.01744
2.49	10.15	0.053	0.01751
2.5	10.16	0.053	0.0176
2.51	10.19	0.053	0.01797
2.52	10.28	0.053	0.01858
2.53	10.42	0.053	0.01938
2.54	10.57	0.053	0.02009
2.55	10.73	0.053	0.02086
2.56	10.91	0.052	0.02169
2.57	11.12	0.051	0.02279
2.58	11.38	0.05	0.02404
2.59	11.67	0.049	0.02539
2.6	11.96	0.048	0.02672
2.61	12.21	0.047	0.02785
2.62	12.4	0.046	0.02863
2.63	12.46	0.045	0.02858
2.64	12.44	0.045	0.02789
2.65	12.34	0.047	0.02712
2.66	12.18	0.05	0.02613
2.67	12.02	0.053	0.02539
2.68	11.89	0.055	0.02476
2.69	11.8	0.056	0.0243
2.7	11.77	0.056	0.02421
2.71	11.75	0.057	0.02421
2.72	11.78	0.057	0.02436
2.73	11.83	0.058	0.0247
2.74	11.89	0.058	0.02509
2.75	11.93	0.059	0.02541
2.76	11.96	0.059	0.0256
2.77	11.85	0.058	0.02508
2.78	11.76	0.057	0.02463
2.79	11.59	0.055	0.02357
2.8	11.45	0.054	0.02271
2.81	11.34	0.053	0.02229
2.82	11.32	0.053	0.02239
2.83	11.36	0.053	0.02281
2.84	11.48	0.054	0.02364
2.85	11.54	0.054	0.02393
2.86	11.58	0.054	0.02413
2.87	11.58	0.054	0.02415
2.88	11.57	0.054	0.0241
2.89	11.51	0.055	0.02388
2.9	11.46	0.056	0.0237
2.91	11.41	0.056	0.02348
2.92	11.38	0.056	0.02327
2.93	11.39	0.057	0.02305
2.94	11.37	0.059	0.02298
2.95	11.32	0.06	0.02287
2.96	11.24	0.059	0.02271
2.97	11.18	0.058	0.02265
2.98	11.16	0.056	0.02266
2.99	11.16	0.056	0.02272
3	11.11	0.057	0.0226
3.01	10.97	0.057	0.02207
3.02	10.76	0.056	0.02119
3.03	10.54	0.055	0.0201
3.04	10.35	0.053	0.01897
3.05	10.1	0.052	0.01765
3.06	9.96	0.053	0.01726
3.07	9.85	0.054	0.01712
3.08	9.78	0.055	0.01713
3.09	9.77	0.056	0.0174
3.1	9.83	0.057	0.01798
3.11	9.96	0.057	0.01883
3.12	10.11	0.057	0.01976
3.13	10.22	0.056	0.02044
3.14	10.28	0.055	0.02073
3.15	10.26	0.054	0.02069
3.16	10.21	0.052	0.02046
3.17	10.15	0.051	0.02026
3.18	10.12	0.05	0.02019
3.19	10.11	0.049	0.02027
3.2	10.16	0.049	0.02061
3.21	10.26	0.048	0.02118
3.22	10.4	0.048	0.02194
3.23	10.4733	0.0443	0.03942
3.24	10.5467	0.0407	0.03897
3.25	10.62	0.0398	0.03765
3.26	10.68	0.0389	0.03654
3.27	10.71	0.038	0.03564
3.28	10.74	0.038	0.03494
3.29	10.75	0.039	0.03437
3.3	10.76	0.039	0.03395
3.31	10.77	0.04	0.03349
3.32	10.76	0.04	0.03306
3.33	10.76	0.041	0.03267
3.34	10.77	0.042	0.03242
3.35	10.82	0.043	0.03233
3.36	10.87	0.044	0.03238
3.37	10.93	0.045	0.03251
3.38	10.97	0.046	0.03249
3.39	11	0.046	0.03242
3.4	11.04	0.047	0.0324
3.41	11.1	0.048	0.03258
3.42	11.13	0.048	0.03266
3.43	11.13	0.049	0.0325
3.44	11.11	0.05	0.03223
3.45	11.09	0.05	0.03208
3.46	11.14	0.049	0.03216
3.47	11.21	0.048	0.0324
3.48	11.32	0.047	0.03284
3.49	11.44	0.047	0.03329
3.5	11.51	0.046	0.03361
3.51	11.56	0.046	0.03376
3.52	11.59	0.045	0.03382
3.53	11.58	0.045	0.03365
3.54	11.55	0.045	0.03341
3.55	11.52	0.046	0.03316
3.56	11.51	0.046	0.03301
3.57	11.53	0.046	0.03305
3.58	11.59	0.046	0.03328
3.59	11.66	0.046	0.03362
3.6	11.73	0.046	0.03392
3.61	11.79	0.046	0.03417
3.62	11.82	0.046	0.03424
3.63	11.83	0.046	0.03426
3.64	11.85	0.046	0.03427
3.65	11.89	0.046	0.03447
3.66	11.95	0.046	0.03466
3.67	12.01	0.046	0.03492
3.68	12.04	0.046	0.03514
3.69	12.04	0.046	0.03511
3.7	12.01	0.046	0.03487
3.71	11.96	0.047	0.03462
3.72	11.92	0.048	0.03433
3.73	11.87	0.049	0.03391
3.74	11.82	0.05	0.03355
3.75	11.76	0.05	0.03319
3.76	11.72	0.05	0.03295
3.77	11.69	0.05	0.03274
3.78	11.66	0.05	0.03269
3.79	11.62	0.05	0.03261
3.8	11.56	0.049	0.03244
3.81	11.5	0.049	0.03217
3.82	11.43	0.048	0.03168
3.83	11.42	0.048	0.03151
3.84	11.39	0.048	0.03139
3.85	11.4	0.047	0.03143
3.86	11.47	0.047	0.03199
3.87	11.51	0.046	0.03219
3.88	11.58	0.046	0.03266
3.89	11.64	0.046	0.03319
3.9	11.67	0.046	0.03339
3.91	11.7	0.046	0.0335
3.92	11.71	0.046	0.03343
3.93	11.71	0.046	0.03332
3.94	11.7	0.046	0.03325
3.95	11.67	0.048	0.0332
3.96	11.66	0.049	0.03319
3.97	11.69	0.049	0.03337
3.98	11.72	0.049	0.03367
3.99	11.74	0.048	0.0339
4	11.75	0.047	0.03404
4.01	11.77	0.047	0.03408
4.02	11.76	0.047	0.03395
4.03	11.73	0.047	0.03379
4.04	11.69	0.047	0.03359
4.05	11.65	0.048	0.03339
4.06	11.6	0.048	0.03315
4.07	11.55	0.048	0.03296
4.08	11.53	0.049	0.03289
4.09	11.51	0.05	0.03283
4.1	11.46	0.05	0.03267
4.11	11.4	0.05	0.03247
4.12	11.35	0.051	0.03226
4.13	11.34	0.051	0.03226
4.14	11.33	0.051	0.03229
4.15	11.35	0.052	0.03249
4.16	11.38	0.052	0.0327
4.17	11.41	0.051	0.03289
4.18	11.41	0.051	0.033
4.19	11.42	0.05	0.03314
4.2	11.41	0.05	0.03314
4.21	11.38	0.049	0.03306
4.22	11.29	0.0467	0.04516
4.23	11.2	0.0443	0.04384
4.24	11.11	0.042	0.04281
4.25	11.18	0.042	0.04213
4.26	11.22	0.042	0.04169
4.27	11.27	0.042	0.04147
4.28	11.32	0.043	0.04137
4.29	11.38	0.043	0.04136
4.3	11.47	0.043	0.04151
4.31	11.59	0.043	0.04182
4.32	11.72	0.043	0.04235
4.33	11.85	0.043	0.04275
4.34	11.96	0.041	0.04299
4.35	12.03	0.041	0.04301
4.36	12.08	0.04	0.04291
4.37	12.09	0.04	0.04268
4.38	12.09	0.04	0.04234
4.39	12.06	0.04	0.04192
4.4	12.03	0.04	0.04149
4.41	12	0.04	0.0411
4.42	11.98	0.041	0.04078
4.43	11.96	0.041	0.04048
4.44	11.97	0.041	0.04035
4.45	11.99	0.041	0.04033
4.46	12.01	0.042	0.04034
4.47	12.04	0.042	0.04042
4.48	12.08	0.042	0.04055
4.49	12.12	0.042	0.04077
4.5	12.15	0.042	0.04088
4.51	12.16	0.041	0.04092
4.52	12.17	0.041	0.04092
4.53	12.22	0.041	0.04106
4.54	12.28	0.04	0.0414
4.55	12.34	0.039	0.04182
4.56	12.39	0.039	0.04201
4.57	12.42	0.038	0.04214
4.58	12.43	0.038	0.04208
4.59	12.43	0.039	0.04204
4.6	12.43	0.041	0.04204
4.61	12.44	0.042	0.04208
4.62	12.44	0.043	0.04211
4.63	12.42	0.043	0.04197
4.64	12.38	0.043	0.0418
4.65	12.35	0.043	0.04167
4.66	12.33	0.044	0.04151
4.67	12.32	0.044	0.04152
4.68	12.33	0.044	0.04175
4.69	12.37	0.044	0.04213
4.7	12.42	0.044	0.04255
4.71	12.43	0.045	0.04275
4.72	12.41	0.045	0.04263
4.73	12.36	0.045	0.04233
4.74	12.29	0.046	0.04203
4.75	12.23	0.045	0.04173
4.76	12.16	0.044	0.04142
4.77	12.09	0.044	0.04109
4.78	12.04	0.044	0.04096
4.79	12.03	0.044	0.04103
4.8	11.99	0.045	0.04084
4.81	11.93	0.045	0.04057
4.82	11.83	0.046	0.0402
4.83	11.71	0.046	0.0397
4.84	11.6	0.047	0.03917
4.85	11.48	0.047	0.03861
4.86	11.36	0.047	0.03796
4.87	11.22	0.047	0.03724
4.88	11.06	0.046	0.03628
4.89	10.9	0.047	0.0355
4.9	10.74	0.048	0.03499
4.91	10.64	0.049	0.03488
4.92	10.58	0.05	0.03488
4.93	10.54	0.05	0.035
4.94	10.52	0.05	0.03515
4.95	10.49	0.05	0.0354
4.96	10.48	0.05	0.03544
4.97	10.47	0.05	0.03561
4.98	10.44	0.05	0.0357
4.99	10.43	0.049	0.03593
5	10.43	0.049	0.036
5.01	10.42	0.047	0.0362
5.02	10.42	0.047	0.03628
5.03	10.39	0.045	0.03629
5.04	10.36	0.045	0.03622
5.05	10.31	0.045	0.03602
5.06	10.26	0.044	0.03581
5.07	10.22	0.044	0.03564
5.08	10.2	0.044	0.03557
5.09	10.16	0.044	0.03555
5.1	10.14	0.043	0.0356
5.11	10.13	0.043	0.03572
5.12	10.12	0.044	0.0359
5.13	10.12	0.043	0.03603
5.14	10.11	0.043	0.03614
5.15	10.11	0.043	0.03617
5.16	10.14	0.043	0.03608
5.17	10.19	0.044	0.03628
5.18	10.26	0.046	0.03679
5.19	10.32	0.046	0.03732
5.2	10.36	0.046	0.03777
5.21	10.39	0.046	0.03805
5.22	10.39	0.046	0.03786
5.23	9.99	0.044	0.04043
5.24	10.11	0.042	0.04008
5.25	10.14	0.04	0.04002
5.26	10.15	0.041	0.04001
5.27	10.17	0.041	0.03994
5.28	10.16	0.041	0.03979
5.29	10.15	0.041	0.03969
5.3	10.14	0.041	0.03958
5.31	10.11	0.041	0.03928
5.32	10.1	0.041	0.03916
5.33	10.11	0.04	0.03912
5.34	10.13	0.04	0.03921
5.35	10.15	0.04	0.03934
5.36	10.15	0.04	0.03938
5.37	10.16	0.04	0.03942
5.38	10.16	0.04	0.03947
5.39	10.15	0.04	0.03947
5.4	10.13	0.04	0.03943
5.41	10.11	0.04	0.03945
5.42	10.09	0.04	0.03945
5.43	10.08	0.04	0.03948
5.44	10.06	0.04	0.03944
5.45	10.03	0.039	0.03945
5.46	10	0.039	0.03946
5.47	9.98	0.038	0.03949
5.48	9.97	0.038	0.03964
5.49	9.98	0.038	0.0399
5.5	9.99	0.038	0.04012
5.51	9.99	0.038	0.04028
5.52	9.98	0.038	0.04043
5.53	9.98	0.038	0.0407
5.54	10.02	0.038	0.04109
5.55	10.08	0.039	0.04153
5.56	10.15	0.04	0.04199
5.57	10.21	0.041	0.04254
5.58	10.26	0.042	0.043
5.59	10.31	0.043	0.04346
5.6	10.35	0.045	0.04385
5.61	10.37	0.047	0.04419
5.62	10.39	0.048	0.04443
5.63	10.4	0.049	0.04458
5.64	10.42	0.05	0.04476
5.65	10.43	0.051	0.04488
5.66	10.43	0.051	0.04498
5.67	10.43	0.051	0.04506
5.68	10.44	0.051	0.04511
5.69	10.43	0.051	0.04511
5.7	10.42	0.05	0.04513
5.71	10.41	0.049	0.04506
5.72	10.38	0.048	0.04498
5.73	10.35	0.046	0.04486
5.74	10.31	0.044	0.04468
5.75	10.27	0.042	0.0445
5.76	10.23	0.04	0.04439
5.77	10.21	0.039	0.04435
5.78	10.2	0.038	0.0444
5.79	10.2	0.037	0.04448
5.8	10.19	0.037	0.04458
5.81	10.2	0.037	0.04473
5.82	10.21	0.037	0.04496
5.83	10.23	0.037	0.04518
5.84	10.24	0.038	0.04537
5.85	10.25	0.037	0.0456
5.86	10.28	0.037	0.04582
5.87	10.29	0.038	0.04591
5.88	10.29	0.038	0.04603
5.89	10.29	0.038	0.04619
5.9	10.3	0.039	0.04642
5.91	10.31	0.041	0.04662
5.92	10.31	0.042	0.04682
5.93	10.33	0.042	0.04704
5.94	10.35	0.043	0.04725
5.95	10.37	0.044	0.04749
5.96	10.4	0.044	0.04777
5.97	10.46	0.043	0.04816
5.98	10.55	0.042	0.04879
5.99	10.65	0.041	0.04963
6	10.77	0.042	0.05043
6.01	10.9	0.042	0.0513
6.02	11.03	0.041	0.0522
6.03	11.15	0.041	0.05284
6.04	11.27	0.041	0.05363
6.05	11.36	0.041	0.05425
6.06	11.44	0.042	0.0546
6.07	11.49	0.043	0.05482
6.08	11.53	0.044	0.05503
6.09	11.57	0.044	0.05523
6.1	11.62	0.045	0.05548
6.11	11.69	0.046	0.05579
6.12	11.75	0.046	0.05599
6.13	11.83	0.046	0.0564
6.14	11.9	0.046	0.05661
6.15	11.98	0.046	0.05682
6.16	12	0.046	0.05683
6.17	12.02	0.047	0.05683
6.18	12.03	0.048	0.05683
6.19	12.03	0.048	0.0568
6.2	12.04	0.048	0.05685
6.21	11.55	0.0477	0.05329
6.22	11.66	0.0473	0.05794
6.23	11.86	0.047	0.05742
6.24	11.93	0.048	0.05712
6.25	11.95	0.049	0.05689
6.26	11.94	0.05	0.05659
6.27	11.93	0.051	0.05624
6.28	11.93	0.051	0.05604
6.29	11.9	0.049	0.05574
6.3	11.84	0.048	0.05517
6.31	11.77	0.047	0.05445
6.32	11.7	0.046	0.05386
6.33	11.59	0.047	0.05313
6.34	11.53	0.047	0.05288
6.35	11.51	0.048	0.05281
6.36	11.51	0.048	0.05286
6.37	11.51	0.048	0.05289
6.38	11.52	0.048	0.05297
6.39	11.54	0.048	0.05314
6.4	11.57	0.048	0.05357
6.41	11.61	0.049	0.05396
6.42	11.64	0.049	0.05426
6.43	11.65	0.049	0.05441
6.44	11.67	0.048	0.05466
6.45	11.68	0.048	0.05483
6.46	11.7	0.049	0.05504
6.47	11.71	0.049	0.05528
6.48	11.75	0.05	0.05566
6.49	11.78	0.051	0.05599
6.5	11.8	0.051	0.05627
6.51	11.84	0.051	0.05665
6.52	11.86	0.05	0.05693
6.53	11.88	0.049	0.0571
6.54	11.89	0.048	0.05718
6.55	11.89	0.048	0.05723
6.56	11.89	0.048	0.05722
6.57	11.89	0.047	0.05721
6.58	11.89	0.047	0.05732
6.59	11.91	0.048	0.05764
6.6	11.93	0.048	0.05792
6.61	11.95	0.049	0.05812
6.62	11.95	0.049	0.05826
6.63	11.94	0.049	0.05835
6.64	11.91	0.048	0.05837
6.65	11.89	0.049	0.05841
6.66	11.9	0.05	0.05865
6.67	11.95	0.05	0.05908
6.68	12.01	0.051	0.05954
6.69	12.1	0.052	0.06023
6.7	12.19	0.052	0.06107
6.71	12.23	0.052	0.06145
6.72	12.32	0.052	0.06225
6.73	12.4	0.052	0.06274
6.74	12.46	0.052	0.06309
6.75	12.51	0.052	0.06348
6.76	12.53	0.051	0.06357
6.77	12.54	0.051	0.06358
6.78	12.55	0.051	0.06367
6.79	12.56	0.052	0.0638
6.8	12.57	0.052	0.064
6.81	12.62	0.053	0.06446
6.82	12.67	0.055	0.06493
6.83	12.76	0.056	0.06558
6.84	12.82	0.056	0.06598
6.85	12.88	0.055	0.06628
6.86	12.91	0.053	0.0664
6.87	12.9	0.052	0.06622
6.88	12.91	0.051	0.06628
6.89	12.92	0.051	0.06642
6.9	12.95	0.052	0.06671
6.91	12.99	0.052	0.06687
6.92	13.03	0.051	0.06703
6.93	13.1	0.051	0.06725
6.94	13.16	0.051	0.06747
6.95	13.26	0.054	0.0682
6.96	13.4	0.059	0.06968
6.97	13.62	0.064	0.07203
6.98	13.88	0.067	0.07459
6.99	14.19	0.068	0.0774
7	14.53	0.067	0.08038
7.01	14.89	0.065	0.08338
7.02	15.21	0.063	0.0861
7.03	15.45	0.061	0.0879
7.04	15.62	0.059	0.08865
7.05	15.73	0.058	0.08911
7.06	15.79	0.057	0.08878
7.07	15.84	0.055	0.08821
7.08	15.85	0.055	0.08742
7.09	15.86	0.055	0.08677
7.1	15.87	0.055	0.08615
7.11	15.89	0.057	0.08569
7.12	15.89	0.058	0.08513
7.13	15.89	0.059	0.08458
7.14	15.9	0.059	0.08412
7.15	15.92	0.06	0.08371
7.16	15.92	0.06	0.0833
7.17	15.93	0.06	0.08269
7.18	15.91	0.06	0.08178
7.19	15.89	0.06	0.08137
7.2	15.88	0.06	0.08115
7.21	15.86	0.059	0.08091
7.22	15.6967	0.063	0.09754
7.23	15.5333	0.062	0.09385
7.24	15.37	0.062	0.09102
7.25	15.33	0.062	0.08885
7.26	15.28	0.062	0.08701
7.27	15.24	0.062	0.08544
7.28	15.19	0.062	0.08386
7.29	15.15	0.063	0.08278
7.3	15.11	0.062	0.08006
7.31	15.07	0.061	0.0787
7.32	15	0.061	0.07763
7.33	14.9	0.06	0.07633
7.34	14.78	0.06	0.07495
7.35	14.66	0.06	0.07371
7.36	14.56	0.06	0.07264
7.37	14.47	0.059	0.07177
7.38	14.42	0.059	0.07128
7.39	14.36	0.058	0.07055
7.4	14.27	0.058	0.06929
7.41	14.24	0.058	0.06894
7.42	14.2	0.059	0.06867
7.43	14.27	0.06	0.06938
7.44	14.31	0.06	0.0698
7.45	14.46	0.061	0.07118
7.46	14.63	0.062	0.07301
7.47	14.91	0.06	0.07588
7.48	15	0.059	0.07667
7.49	15.19	0.056	0.07801
7.5	15.25	0.055	0.07814
7.51	15.29	0.055	0.07817
7.52	15.32	0.055	0.07807
7.53	15.32	0.055	0.07795
7.54	15.3	0.056	0.07752
7.55	15.22	0.057	0.07661
7.56	15.11	0.058	0.07549
7.57	14.94	0.057	0.07443
7.58	14.79	0.057	0.07373
7.59	14.72	0.057	0.07313
7.6	14.69	0.059	0.07241
7.61	14.62	0.063	0.07174
7.62	14.59	0.065	0.07179
7.63	14.65	0.065	0.07255
7.64	14.79	0.065	0.07351
7.65	14.88	0.066	0.07414
7.66	14.89	0.067	0.07422
7.67	14.87	0.068	0.07417
7.68	14.86	0.068	0.07413
7.69	14.83	0.068	0.07389
7.7	14.8	0.067	0.07371
7.71	14.79	0.067	0.07372
7.72	14.79	0.067	0.07396
7.73	14.85	0.067	0.07457
7.74	14.91	0.067	0.07541
7.75	15.03	0.067	0.07676
7.76	15.19	0.067	0.07832
7.77	15.37	0.067	0.07976
7.78	15.52	0.068	0.08088
7.79	15.64	0.069	0.08172
7.8	15.73	0.07	0.082
7.81	15.79	0.07	0.08185
7.82	15.84	0.07	0.07317
7.83	15.92	0.068	0.07239
7.84	16.05	0.066	0.07339
7.85	16.19	0.065	0.07433
7.86	16.33	0.064	0.07556
7.87	16.48	0.065	0.07671
7.88	16.59	0.065	0.07759
7.89	16.63	0.065	0.07767
7.9	16.65	0.064	0.07793
7.91	16.65	0.064	0.07855
7.92	16.71	0.065	0.08014
7.93	16.84	0.066	0.08177
7.94	16.91	0.066	0.08227
7.95	16.92	0.067	0.08221
7.96	16.88	0.067	0.08164
7.97	16.77	0.067	0.08068
7.98	16.62	0.067	0.07977
7.99	16.46	0.066	0.07886
8	16.26	0.066	0.07802
8.01	16.11	0.065	0.07786
8.02	16	0.065	0.07835
8.03	15.93	0.066	0.07938
8.04	15.92	0.066	0.08058
8.05	15.94	0.067	0.08177
8.06	15.95	0.067	0.08259
8.07	15.99	0.067	0.08356
8.08	16.02	0.066	0.08417
8.09	16.01	0.066	0.08428
8.1	15.96	0.065	0.08391
8.11	15.8	0.062	0.0826
8.12	15.53	0.058	0.07957
8.13	15.15	0.0577	0.07632
8.14	14.68	0.0573	0.07292
8.15	14.22	0.057	0.07015
8.16	13.83	0.058	0.06827
8.17	13.5	0.06	0.06713
8.18	13.18	0.06	0.06605
8.19	12.93	0.062	0.06577
8.2	12.78	0.064	0.06599
8.21	12.6067	0.063	0.0851
8.22	12.4333	0.069	0.08269
8.23	12.26	0.066	0.0801
8.24	12.29	0.062	0.07734
8.25	12.22	0.061	0.07378
8.26	12.04	0.055	0.06972
8.27	11.77	0.048	0.06663
8.28	11.43	0.044	0.06443
8.29	11.03	0.04	0.06201
8.3	10.53	0.04	0.05884
8.31	9.91	0.04	0.05512
8.32	9.15	0.04	0.05101
8.33	8.35	0.046	0.04693
8.34	7.47	0.055	0.04282
8.35	6.63	0.068	0.03941
8.36	5.96	0.081	0.04107
8.37	5.67	0.093	0.04242
8.38	5.91	0.111	0.0469
8.39	6.73	0.127	0.0555
8.4	7.91	0.14	0.06375
8.41	9.54	0.148	0.07543
8.42	11.51	0.144	0.09241
8.43	12.81	0.131	0.09158
8.44	13.68	0.12	0.08993
8.45	14.35	0.118	0.08977
8.46	14.92	0.115	0.09074
8.47	15.36	0.109	0.0913
8.48	15.71	0.098	0.09105
8.49	15.99	0.085	0.09008
8.5	16.26	0.075	0.09078
8.51	16.55	0.068	0.0928
8.52	16.72	0.066	0.09362
8.53	16.79	0.067	0.09344
8.54	16.84	0.068	0.09319
8.55	16.93	0.068	0.09412
8.56	17.15	0.068	0.09641
8.57	17.43	0.073	0.0993
8.58	17.79	0.078	0.10239
8.59	18.29	0.078	0.10611
8.6	18.41	0.076	0.10685
8.61	18.6	0.073	0.10762
8.62	18.63	0.071	0.10635
8.63	18.51	0.073	0.10468
8.64	18.3	0.074	0.10253
8.65	18.2	0.075	0.10162
8.66	18.03	0.076	0.1003
8.67	17.79	0.075	0.09805
8.68	17.61	0.073	0.09645
8.69	17.53	0.073	0.09569
8.7	17.3	0.073	0.09367
8.71	17.15	0.074	0.09235
8.72	17.06	0.075	0.0915
8.73	16.96	0.076	0.09078
8.74	16.82	0.076	0.08957
8.75	16.75	0.077	0.08888
8.76	16.56	0.079	0.08771
8.77	16.35	0.079	0.08622
8.78	16.21	0.079	0.08571
8.79	16.15	0.079	0.08554
8.8	16.2	0.079	0.0864
8.81	16.29	0.079	0.08732
8.82	16.34	0.079	0.0877
8.83	16.43	0.078	0.08793
8.84	16.51	0.079	0.08674
8.85	16.66	0.077	0.08848
8.86	16.82	0.076	0.09051
8.87	17.04	0.075	0.09372
8.88	17.18	0.075	0.09568
8.89	17.28	0.075	0.09728
8.9	17.36	0.075	0.09861
8.91	17.36	0.073	0.09909
8.92	17.29	0.074	0.09819
8.93	17.16	0.075	0.09683
8.94	17.13	0.074	0.09637
8.95	17.04	0.075	0.0954
8.96	17.08	0.078	0.09572
8.97	17.13	0.077	0.09579
8.98	17.18	0.078	0.09553
8.99	17.21	0.081	0.09503
9	17.24	0.083	0.09449
9.01	17.27	0.083	0.09469
9.02	17.29	0.082	0.09465
9.03	17.31	0.081	0.09463
9.04	17.33	0.081	0.0948
9.05	17.35	0.081	0.09497
9.06	17.36	0.08	0.09522
9.07	17.36	0.079	0.09527
9.08	17.36	0.079	0.09525
9.09	17.44	0.078	0.09593
9.1	17.53	0.076	0.09642
9.11	17.67	0.075	0.0975
9.12	17.84	0.075	0.09882
9.13	18.01	0.074	0.10005
9.14	18.14	0.074	0.10071
9.15	18.21	0.075	0.10089
9.16	18.25	0.076	0.10085
9.17	18.28	0.079	0.10098
9.18	18.37	0.08	0.10164
9.19	18.54	0.081	0.10312
9.2	18.65	0.08	0.10365
9.21	18.46	0.0787	0.11776
9.22	18.27	0.0773	0.09795
9.23	18.08	0.076	0.09233
9.24	17.87	0.076	0.08897
9.25	17.76	0.076	0.08756
9.26	17.51	0.076	0.08469
9.27	17.32	0.076	0.08306
9.28	17.3	0.077	0.08311
9.29	17.46	0.079	0.0845
9.3	17.72	0.082	0.08676
9.31	17.94	0.083	0.08884
9.32	18.16	0.083	0.0903
9.33	18.34	0.083	0.09157
9.34	18.46	0.082	0.09215
9.35	18.51	0.082	0.09208
9.36	18.5	0.08	0.09171
9.37	18.48	0.078	0.09155
9.38	18.47	0.077	0.09139
9.39	18.42	0.076	0.09077
9.4	18.35	0.075	0.09005
9.41	18.25	0.073	0.08894
9.42	18.14	0.072	0.08758
9.43	18.09	0.072	0.08666
9.44	18.05	0.072	0.08569
9.45	17.91	0.074	0.08439
9.46	17.74	0.076	0.08316
9.47	17.54	0.077	0.08185
9.48	17.33	0.076	0.08041
9.49	17.12	0.075	0.07905
9.5	16.89	0.074	0.07735
9.51	16.65	0.074	0.07562
9.52	16.4	0.073	0.07429
9.53	16.17	0.073	0.07303
9.54	15.96	0.073	0.07184
9.55	15.75	0.073	0.07054
9.56	15.58	0.074	0.0699
9.57	15.37	0.074	0.06892
9.58	15.19	0.075	0.06794
9.59	14.98	0.076	0.06708
9.6	14.76	0.076	0.06607
9.61	14.57	0.075	0.06534
9.62	14.37	0.074	0.06458
9.63	14.19	0.075	0.06395
9.64	14.02	0.075	0.06355
9.65	13.86	0.075	0.06317
9.66	13.7	0.076	0.06267
9.67	13.57	0.076	0.06266
9.68	13.46	0.077	0.06285
9.69	13.37	0.078	0.06318
9.7	13.33	0.078	0.06371
9.71	13.26	0.08	0.06408
9.72	13.23	0.08	0.06414
9.73	13.12	0.08	0.06424
9.74	13.01	0.08	0.06413
9.75	12.84	0.08	0.06346
9.76	12.79	0.08	0.06315
9.77	12.68	0.081	0.06264
9.78	12.62	0.08	0.06262
9.79	12.64	0.08	0.0632
9.8	12.86	0.077	0.06537
9.81	13.14	0.074	0.06749
9.82	13.5	0.072	0.07053
9.83	13.9	0.071	0.07371
9.84	14.24	0.07	0.07628
9.85	14.51	0.067	0.07815
9.86	14.73	0.064	0.07973
9.87	14.88	0.06	0.0809
9.88	14.98	0.058	0.08171
9.89	15.06	0.059	0.08228
9.9	15.18	0.061	0.08296
9.91	15.29	0.062	0.08358
9.92	15.38	0.064	0.08398
9.93	15.54	0.066	0.08524
9.94	15.76	0.069	0.0868
9.95	16.03	0.07	0.08849
9.96	16.32	0.07	0.09073
9.97	16.62	0.071	0.09316
9.98	16.89	0.073	0.09466
9.99	17.11	0.075	0.09566
10	17.31	0.077	0.09653
10.01	17.43	0.079	0.09703
10.02	17.43	0.079	0.0968
10.03	17.41	0.08	0.09662
10.04	17.36	0.082	0.09641
10.05	17.3	0.082	0.09556
10.06	17.22	0.082	0.09443
10.07	17.11	0.081	0.09298
10.08	17.01	0.081	0.09167
10.09	16.93	0.08	0.09085
10.1	16.88	0.08	0.09058
10.11	16.88	0.079	0.09051
10.12	16.91	0.079	0.09096
10.13	16.91	0.078	0.09129
10.14	16.95	0.078	0.09172
10.15	16.97	0.077	0.09194
10.16	17.04	0.077	0.09249
10.17	17.12	0.077	0.09306
10.18	17.22	0.077	0.0939
10.19	17.29	0.078	0.09459
10.2	17.2333	0.07	0.12746
10.21	17.1767	0.07	0.11789
10.22	17.12	0.07	0.11292
10.23	17.14	0.071	0.11039
10.24	17.09	0.07	0.10769
10.25	16.99	0.071	0.10542
10.26	16.96	0.071	0.10405
10.27	17.08	0.072	0.10419
10.28	17.31	0.074	0.10568
10.29	17.65	0.075	0.1073
10.3	18	0.076	0.10884
10.31	18.3	0.078	0.1102
10.32	18.61	0.078	0.11211
10.33	18.94	0.077	0.11449
10.34	19.25	0.077	0.11653
10.35	19.54	0.076	0.11886
10.36	19.86	0.076	0.12135
10.37	20.14	0.076	0.1237
10.38	20.36	0.075	0.12488
10.39	20.54	0.075	0.12647
10.4	20.74	0.076	0.12802
10.41	20.98	0.076	0.1298
10.42	21.19	0.076	0.13151
10.43	21.42	0.076	0.13352
10.44	21.53	0.076	0.13487
10.45	21.76	0.077	0.13656
10.46	22.03	0.081	0.13792
10.47	22.32	0.086	0.14069
10.48	22.57	0.09	0.1429
10.49	22.79	0.096	0.14391
10.5	22.96	0.1	0.14235
10.51	23.14	0.103	0.13264
10.52	23.36	0.106	0.13419
10.53	23.56	0.107	0.13633
10.54	23.75	0.108	0.13807
10.55	23.92	0.11	0.13949
10.56	24.08	0.112	0.1407
10.57	24.18	0.114	0.14091
10.58	24.2	0.115	0.14102
10.59	24.2	0.115	0.13969
10.6	24.25	0.115	0.1392
10.61	24.27	0.115	0.13688
10.62	24.21	0.114	0.13452
10.63	24.16	0.112	0.13153
10.64	24.06	0.11	0.12902
10.65	23.99	0.107	0.12788
10.66	23.89	0.102	0.12532
10.67	23.73	0.098	0.12333
10.68	23.5	0.094	0.12067
10.69	23.27	0.092	0.11775
10.7	22.97	0.09	0.1144
10.71	22.7	0.089	0.11126
10.72	22.57	0.089	0.10988
10.73	22.32	0.088	0.10759
10.74	22.08	0.087	0.10518
10.75	21.81	0.089	0.10277
10.76	21.48	0.089	0.1002
10.77	21.15	0.091	0.09757
10.78	20.76	0.093	0.09459
10.79	20.4	0.095	0.09139
10.8	20.07	0.095	0.08896
10.81	19.7	0.095	0.08669
10.82	19.28	0.095	0.08376
10.83	18.79	0.096	0.08092
10.84	18.27	0.098	0.0778
10.85	17.73	0.098	0.07468
10.86	17.15	0.099	0.07136
10.87	16.61	0.099	0.06863
10.88	16.06	0.1	0.06613
10.89	15.6	0.102	0.06394
10.9	15.26	0.105	0.06283
10.91	14.99	0.106	0.06252
10.92	14.9	0.107	0.06391
10.93	14.94	0.106	0.06465
10.94	15.11	0.104	0.06686
10.95	15.26	0.104	0.06894
10.96	15.49	0.103	0.07116
10.97	15.59	0.102	0.07267
10.98	15.85	0.1	0.07594
10.99	15.95	0.1	0.07705
11	16.22	0.099	0.07937
11.01	16.41	0.099	0.08075
11.02	16.9	0.097	0.08395
11.03	17.08	0.095	0.08514
11.04	17.35	0.094	0.08694
11.05	17.42	0.094	0.08749
11.06	17.74	0.093	0.08813
11.07	18.03	0.092	0.08954
11.08	18.39	0.093	0.09217
11.09	18.77	0.095	0.0941
11.1	19.17	0.098	0.09654
11.11	19.54	0.1	0.0989
11.12	19.86	0.101	0.10169
11.13	20.1	0.1	0.10371
11.14	20.39	0.099	0.10568
11.15	20.64	0.099	0.10693
11.16	20.83	0.1	0.10781
11.17	20.9	0.101	0.10717
11.18	20.88	0.101	0.10566
11.19	20.9	0.102	0.10459
11.2	20.82	0.1	0.10233
11.21	20.66	0.096	0.15054
11.22	20.5	0.1	0.14104
11.23	20.34	0.099	0.13053
11.24	20.18	0.098	0.12167
11.25	20.06	0.099	0.11609
11.26	19.97	0.099	0.11217
11.27	19.96	0.1	0.10945
11.28	20	0.101	0.10653
11.29	19.98	0.102	0.10422
11.3	19.96	0.103	0.10288
11.31	19.92	0.103	0.10075
11.32	19.86	0.103	0.09937
11.33	19.66	0.103	0.09516
11.34	19.55	0.103	0.09337
11.35	19.2	0.106	0.08884
11.36	18.92	0.108	0.086
11.37	18.64	0.109	0.08321
11.38	18.43	0.112	0.08163
11.39	18.3	0.115	0.08021
11.4	18.21	0.117	0.07918
11.41	18.09	0.118	0.0782
11.42	18	0.117	0.07715
11.43	17.85	0.115	0.07597
11.44	17.71	0.111	0.07513
11.45	17.52	0.107	0.07399
11.46	17.39	0.102	0.07329
11.47	17.26	0.098	0.07269
11.48	17.2	0.095	0.07283
11.49	17.16	0.092	0.07281
11.5	17.14	0.091	0.07342
11.51	17.11	0.091	0.07352
11.52	17.08	0.091	0.07348
11.53	17.05	0.091	0.07348
11.54	17.03	0.091	0.07343
11.55	17	0.093	0.0736
11.56	16.98	0.093	0.07338
11.57	16.91	0.093	0.0733
11.58	16.83	0.091	0.07282
11.59	16.68	0.091	0.07165
11.6	16.55	0.089	0.07075
11.61	16.38	0.088	0.06977
11.62	16.23	0.087	0.06942
11.63	16.1	0.087	0.06882
11.64	16	0.088	0.06857
11.65	15.93	0.09	0.06834
11.66	15.91	0.091	0.06867
11.67	15.91	0.093	0.06922
11.68	15.99	0.093	0.0706
11.69	16.1	0.093	0.07273
11.7	16.25	0.093	0.07467
11.71	16.46	0.092	0.07645
11.72	16.64	0.094	0.0781
11.73	16.79	0.095	0.07927
11.74	16.97	0.096	0.08066
11.75	17.19	0.097	0.08223
11.76	17.33	0.098	0.08359
11.77	17.63	0.1	0.08579
11.78	17.97	0.103	0.08856
11.79	18.31	0.104	0.09128
11.8	18.64	0.105	0.09337
11.81	18.89	0.106	0.095
11.82	19.1	0.105	0.0956
11.83	19.32	0.102	0.0965
11.84	19.54	0.098	0.09762
11.85	19.71	0.095	0.0982
11.86	19.81	0.096	0.09754
11.87	19.85	0.097	0.0967
11.88	19.87	0.098	0.09552
11.89	19.81	0.098	0.09366
11.9	19.69	0.098	0.09213
11.91	19.53	0.099	0.08923
11.92	19.35	0.103	0.08689
11.93	19.15	0.105	0.08464
11.94	19.02	0.108	0.08339
11.95	18.99	0.11	0.08227
11.96	18.99	0.112	0.08248
11.97	19.03	0.115	0.083
11.98	19.07	0.116	0.08319
11.99	19.25	0.117	0.08425
12	19.43	0.117	0.08511
12.01	19.6	0.115	0.08659
12.02	19.76	0.114	0.08707
12.03	19.82	0.113	0.08688
12.04	19.8	0.114	0.08605
12.05	19.76	0.114	0.08497
12.06	19.63	0.113	0.08334
12.07	19.49	0.113	0.08175
12.08	19.35	0.113	0.08022
12.09	19.13	0.112	0.07835
12.1	18.91	0.109	0.07581
12.11	18.67	0.107	0.07329
12.12	18.46	0.106	0.07125
12.13	18.29	0.105	0.06953
12.14	18.13	0.104	0.06861
12.15	18	0.104	0.0683
12.16	17.84	0.103	0.06781
12.17	17.77	0.103	0.06758
12.18	17.67	0.102	0.06734
12.19	17.55	0.101	0.06778
12.2	17.55	0.1	0.06832
12.21	17.5067	0.101	0.09581
12.22	17.4633	0.102	0.13787
12.23	17.42	0.103	0.1267
12.24	17.64	0.103	0.1206
12.25	17.82	0.101	0.11659
12.26	17.99	0.101	0.11297
12.27	18.16	0.101	0.11088
12.28	18.28	0.102	0.10898
12.29	18.37	0.103	0.10683
12.3	18.45	0.103	0.10453
12.31	18.45	0.103	0.10153
12.32	18.47	0.104	0.09784
12.33	18.46	0.105	0.09514
12.34	18.45	0.106	0.09292
12.35	18.44	0.106	0.09152
12.36	18.47	0.107	0.08999
12.37	18.54	0.107	0.08923
12.38	18.69	0.107	0.08837
12.39	18.78	0.108	0.08826
12.4	18.78	0.108	0.08826
12.41	18.89	0.106	0.08811
12.42	18.9	0.105	0.08768
12.43	19.03	0.104	0.08797
12.44	19.2	0.105	0.08889
12.45	19.38	0.105	0.09045
12.46	19.73	0.106	0.09363
12.47	20.03	0.107	0.0955
12.48	20.37	0.107	0.09719
12.49	20.67	0.107	0.09824
12.5	20.96	0.107	0.09621
12.51	21.13	0.107	0.09394
12.52	21.31	0.108	0.09238
12.53	21.43	0.108	0.08982
12.54	21.57	0.11	0.09004
12.55	21.74	0.111	0.08747
12.56	21.88	0.111	0.08792
12.57	21.98	0.112	0.08694
12.58	22.13	0.113	0.08766
12.59	22.16	0.113	0.08742
12.6	22.26	0.115	0.08694
12.61	22.35	0.117	0.08672
12.62	22.47	0.118	0.08714
12.63	22.49	0.119	0.07774
12.64	22.5	0.12	0.07514
12.65	22.46	0.121	0.07264
12.66	22.44	0.122	0.07089
12.67	22.39	0.121	0.0693
12.68	22.34	0.121	0.06852
12.69	22.23	0.121	0.06744
12.7	22.08	0.121	0.06683
12.71	21.97	0.122	0.06655
12.72	21.86	0.123	0.06668
12.73	21.78	0.123	0.06599
12.74	21.68	0.12	0.06564
12.75	21.63	0.12	0.06555
12.76	21.55	0.12	0.06511
12.77	21.48	0.119	0.06481
12.78	21.4	0.119	0.06494
12.79	21.29	0.118	0.06499
12.8	21.18	0.117	0.06498
12.81	21.05	0.117	0.065
12.82	20.91	0.116	0.0648
12.83	20.74	0.115	0.06442
12.84	20.58	0.114	0.06415
12.85	20.45	0.114	0.06437
12.86	20.3	0.113	0.06454
12.87	20.14	0.11	0.06458
12.88	20.07	0.11	0.06501
12.89	19.99	0.109	0.06493
12.9	19.94	0.108	0.06523
12.91	19.92	0.109	0.06557
12.92	19.91	0.11	0.0664
12.93	19.9	0.112	0.06743
12.94	19.9	0.114	0.06882
12.95	19.91	0.115	0.06992
12.96	19.91	0.117	0.07058
12.97	19.88	0.115	0.07067
12.98	19.77	0.114	0.07088
12.99	19.59	0.113	0.07111
13	19.45	0.112	0.07253
13.01	19.41	0.111	0.07353
13.02	19.41	0.11	0.07453
13.03	19.45	0.108	0.07546
13.04	19.44	0.107	0.0766
13.05	19.5	0.108	0.07717
13.06	19.51	0.109	0.07679
13.07	19.37	0.111	0.07659
13.08	19.2	0.114	0.0749
13.09	19.1	0.115	0.07477
13.1	19.08	0.115	0.07501
13.11	19.06	0.116	0.07551
13.12	19.08	0.116	0.07604
13.13	19.11	0.116	0.07593
13.14	19.07	0.117	0.07554
13.15	18.93	0.117	0.07422
13.16	18.73	0.117	0.07212
13.17	18.51	0.115	0.06984
13.18	18.34	0.116	0.0674
13.19	18.15	0.116	0.06332
13.2	17.96	0.119	0.0591
13.21	17.79	0.12	0.05612
13.22	17.57	0.1153	0.15703
13.23	17.35	0.1107	0.15364
13.24	17.13	0.106	0.14066
13.25	17.16	0.101	0.12565
13.26	17.2	0.097	0.11843
13.27	17.31	0.097	0.11097
13.28	17.4	0.098	0.10414
13.29	17.47	0.098	0.1011
13.3	17.44	0.098	0.09852
13.31	17.41	0.096	0.09551
13.32	17.37	0.097	0.09358
13.33	17.38	0.099	0.0913
13.34	17.41	0.104	0.08945
13.35	17.49	0.109	0.08822
13.36	17.61	0.114	0.08844
13.37	17.74	0.117	0.0886
13.38	17.88	0.118	0.08897
13.39	17.94	0.118	0.08995
13.4	18.01	0.117	0.09083
13.41	18.04	0.117	0.09117
13.42	18.08	0.113	0.09092
13.43	18.14	0.11	0.091
13.44	18.13	0.107	0.08972
13.45	18.09	0.104	0.08783
13.46	18.03	0.103	0.08593
13.47	17.98	0.101	0.08369
13.48	17.97	0.101	0.08271
13.49	17.98	0.101	0.08218
13.5	18.03	0.101	0.08205
13.51	18.02	0.102	0.08198
13.52	18.02	0.102	0.08141
13.53	17.9	0.102	0.07923
13.54	17.87	0.103	0.0787
13.55	17.74	0.103	0.07761
13.56	17.62	0.104	0.0766
13.57	17.47	0.107	0.0757
13.58	17.39	0.107	0.07523
13.59	17.24	0.109	0.07432
13.6	17.08	0.114	0.07384
13.61	17.03	0.12	0.07462
13.62	17.03	0.123	0.07506
13.63	17.19	0.128	0.07763
13.64	17.4	0.13	0.08011
13.65	17.62	0.128	0.08243
13.66	17.91	0.126	0.08466
13.67	18.22	0.124	0.08678
13.68	18.53	0.123	0.08834
13.69	18.85	0.121	0.09019
13.7	19.12	0.118	0.09106
13.71	19.34	0.115	0.09132
13.72	19.52	0.112	0.09096
13.73	19.62	0.108	0.09008
13.74	19.69	0.106	0.08977
13.75	19.69	0.102	0.08764
13.76	19.68	0.099	0.08643
13.77	19.58	0.098	0.08487
13.78	19.49	0.099	0.08404
13.79	19.39	0.101	0.08284
13.8	19.31	0.102	0.08193
13.81	19.18	0.102	0.08057
13.82	19.05	0.102	0.07928
13.83	18.97	0.105	0.07831
13.84	18.88	0.108	0.07776
13.85	18.84	0.112	0.07739
13.86	18.8	0.115	0.07734
13.87	18.72	0.117	0.07685
13.88	18.66	0.118	0.07724
13.89	18.63	0.118	0.07717
13.9	18.56	0.116	0.07722
13.91	18.44	0.115	0.0771
13.92	18.27	0.114	0.07661
13.93	18.14	0.114	0.07645
13.94	17.98	0.115	0.07589
13.95	17.89	0.114	0.07526
13.96	17.72	0.114	0.07329
13.97	17.54	0.113	0.07145
13.98	17.29	0.114	0.06985
13.99	17.06	0.114	0.06874
14	16.81	0.111	0.06783
14.01	16.51	0.109	0.06672
14.02	16.29	0.107	0.06636
14.03	16.09	0.106	0.06596
14.04	15.92	0.106	0.06584
14.05	15.87	0.107	0.06594
14.06	15.76	0.107	0.06521
14.07	15.66	0.108	0.06506
14.08	15.62	0.109	0.06535
14.09	15.57	0.11	0.06532
14.1	15.54	0.11	0.06563
14.11	15.53	0.111	0.06588
14.12	15.51	0.112	0.06612
14.13	15.53	0.114	0.06699
14.14	15.6	0.116	0.06891
14.15	15.69	0.117	0.07102
14.16	15.89	0.118	0.07406
14.17	16.12	0.117	0.07665
14.18	16.43	0.114	0.07958
14.19	16.71	0.112	0.0821
14.2	17	0.108	0.08462
14.21	17.26	0.107	0.08662
14.22	17.52	0.106	0.08889
14.23	17.5933	0.1027	0.18851
14.24	17.6667	0.0993	0.14936
14.25	17.74	0.096	0.13153
14.26	17.89	0.096	0.12127
14.27	18	0.096	0.11477
14.28	18.1	0.098	0.11158
14.29	18.17	0.099	0.10799
14.3	18.17	0.099	0.10649
14.31	18.14	0.099	0.10446
14.32	18.03	0.1	0.10275
14.33	17.87	0.101	0.10028
14.34	17.66	0.101	0.09758
14.35	17.46	0.101	0.09521
14.36	17.29	0.102	0.09312
14.37	17.17	0.102	0.09209
14.38	17.1	0.102	0.09157
14.39	17.03	0.103	0.09157
14.4	16.98	0.104	0.09126
14.41	16.91	0.104	0.0914
14.42	16.89	0.105	0.09192
14.43	16.86	0.104	0.09193
14.44	16.87	0.103	0.09263
14.45	16.91	0.103	0.09366
14.46	16.92	0.104	0.09435
14.47	16.95	0.104	0.09509
14.48	16.98	0.104	0.0956
14.49	17.07	0.104	0.09704
14.5	17.11	0.104	0.09835
14.51	17.19	0.104	0.10003
14.52	17.29	0.105	0.10133
14.53	17.37	0.106	0.10258
14.54	17.54	0.107	0.1045
14.55	17.7	0.107	0.10614
14.56	17.89	0.108	0.10834
14.57	18.02	0.108	0.10924
14.58	18.14	0.108	0.11033
14.59	18.21	0.107	0.11104
14.6	18.24	0.106	0.11128
14.61	18.22	0.105	0.11089
14.62	18.21	0.104	0.11059
14.63	18.25	0.103	0.11075
14.64	18.28	0.104	0.11127
14.65	18.34	0.106	0.11226
14.66	18.49	0.107	0.11319
14.67	18.67	0.108	0.1147
14.68	18.87	0.108	0.11682
14.69	18.97	0.108	0.11738
14.7	18.97	0.108	0.11658
14.71	18.98	0.107	0.11607
14.72	18.94	0.108	0.11305
14.73	18.9	0.108	0.11165
14.74	18.84	0.108	0.11037
14.75	18.79	0.109	0.10903
14.76	18.72	0.109	0.10785
14.77	18.67	0.11	0.10724
14.78	18.68	0.111	0.1072
14.79	18.68	0.111	0.10693
14.8	18.65	0.112	0.10641
14.81	18.63	0.111	0.10602
14.82	18.58	0.112	0.10461
14.83	18.54	0.113	0.10327
14.84	18.56	0.113	0.10321
14.85	18.57	0.113	0.10341
14.86	18.6	0.114	0.10363
14.87	18.59	0.113	0.10344
14.88	18.49	0.112	0.10231
14.89	18.37	0.111	0.1012
14.9	18.25	0.109	0.09992
14.91	18.07	0.107	0.09744
14.92	17.92	0.106	0.09563
14.93	17.81	0.105	0.09503
14.94	17.77	0.107	0.09563
14.95	17.81	0.109	0.09748
14.96	17.86	0.11	0.09844
14.97	17.97	0.111	0.10026
14.98	18.16	0.112	0.10288
14.99	18.35	0.113	0.1048
15	18.53	0.113	0.10607
15.01	18.75	0.114	0.10812
15.02	18.97	0.114	0.11103
15.03	19.16	0.115	0.11276
15.04	19.37	0.116	0.11441
15.05	19.56	0.117	0.11617
15.06	19.69	0.119	0.11511
15.07	19.73	0.12	0.11361
15.08	19.74	0.12	0.11237
15.09	19.7	0.119	0.11084
15.1	19.6	0.117	0.10698
15.11	19.52	0.115	0.10476
15.12	19.52	0.115	0.10448
15.13	19.55	0.116	0.10332
15.14	19.62	0.117	0.10289
15.15	19.68	0.117	0.10327
15.16	19.77	0.118	0.10362
15.17	19.89	0.119	0.10496
15.18	20.02	0.12	0.10548
15.19	20.13	0.121	0.10632
15.2	20.27	0.122	0.10786
15.21	20.35	0.122	0.1071
15.22	20.39	0.122	0.10707
15.23	20.13	0.12	0.17281
15.24	20.38	0.118	0.15556
15.25	20.45	0.117	0.14092
15.26	20.48	0.116	0.13426
15.27	20.61	0.116	0.13274
15.28	20.73	0.116	0.1307
15.29	20.75	0.116	0.12825
15.3	20.73	0.116	0.12578
15.31	20.68	0.116	0.12349
15.32	20.56	0.115	0.12014
15.33	20.53	0.117	0.11872
15.34	20.5	0.117	0.11716
15.35	20.51	0.117	0.11613
15.36	20.47	0.118	0.1144
15.37	20.39	0.118	0.11214
15.38	20.27	0.118	0.11018
15.39	20.17	0.119	0.1086
15.4	20.07	0.12	0.10644
15.41	19.99	0.122	0.10497
15.42	19.89	0.123	0.10365
15.43	19.86	0.125	0.10343
15.44	19.85	0.125	0.10264
15.45	19.88	0.126	0.10204
15.46	19.91	0.126	0.10245
15.47	19.96	0.127	0.10397
15.48	20	0.126	0.10505
15.49	20.04	0.126	0.10579
15.5	20.06	0.123	0.10608
15.51	20.07	0.122	0.10663
15.52	20.13	0.123	0.10797
15.53	20.18	0.121	0.10857
15.54	20.23	0.121	0.10884
15.55	20.31	0.123	0.1098
15.56	20.35	0.123	0.11039
15.57	20.37	0.123	0.1106
15.58	20.38	0.121	0.10996
15.59	20.38	0.121	0.10964
15.6	20.33	0.12	0.10853
15.61	20.31	0.121	0.10841
15.62	20.29	0.122	0.10787
15.63	20.23	0.121	0.10556
15.64	20.1	0.121	0.1038
15.65	20.05	0.121	0.10341
15.66	19.98	0.12	0.10212
15.67	19.95	0.12	0.10195
15.68	19.92	0.12	0.10166
15.69	19.98	0.12	0.10217
15.7	20.05	0.12	0.10271
15.71	20.14	0.12	0.10359
15.72	20.12	0.119	0.10356
15.73	20	0.118	0.1019
15.74	19.96	0.116	0.10044
15.75	19.83	0.116	0.09885
15.76	19.6	0.116	0.09712
15.77	19.49	0.115	0.09626
15.78	19.12	0.115	0.09239
15.79	18.93	0.115	0.09012
15.8	18.84	0.114	0.08926
15.81	18.54	0.116	0.08751
15.82	18.42	0.116	0.08691
15.83	18.22	0.118	0.08599
15.84	18.11	0.118	0.08671
15.85	18.07	0.118	0.08785
15.86	18.1	0.118	0.08911
15.87	18.13	0.118	0.09012
15.88	18.07	0.117	0.09001
15.89	17.97	0.116	0.08952
15.9	17.84	0.115	0.08909
15.91	17.68	0.113	0.08866
15.92	17.56	0.112	0.08853
15.93	17.47	0.112	0.08869
15.94	17.4	0.113	0.08902
15.95	17.33	0.114	0.08962
15.96	17.26	0.114	0.08973
15.97	17.16	0.113	0.09
15.98	17.03	0.113	0.08988
15.99	16.92	0.112	0.0901
16	16.78	0.111	0.09033
16.01	16.74	0.111	0.09143
16.02	16.73	0.11	0.09223
16.03	16.76	0.108	0.09333
16.04	16.85	0.108	0.09442
16.05	16.96	0.108	0.09573
16.06	17.03	0.107	0.09666
16.07	17.13	0.107	0.09829
16.08	17.17	0.108	0.09983
16.09	17.21	0.109	0.10074
16.1	17.26	0.11	0.10213
16.11	17.34	0.112	0.10342
16.12	17.4	0.113	0.10449
16.13	17.44	0.114	0.10521
16.14	17.46	0.116	0.10517
16.15	17.5	0.116	0.10463
16.16	17.48	0.117	0.10375
16.17	17.41	0.118	0.10434
16.18	17.41	0.119	0.10543
16.19	17.47	0.12	0.10724
16.2	17.56	0.12	0.10855
16.21	17.68	0.12	0.11001
16.22	17.74	0.12	0.11058
16.23	17.6767	0.1163	0.19845
16.24	17.6133	0.1127	0.15949
16.25	17.55	0.109	0.14709
16.26	17.54	0.106	0.13924
16.27	17.55	0.105	0.1342
16.28	17.56	0.105	0.13067
16.29	17.65	0.105	0.13044
16.3	17.8	0.105	0.1305
16.31	17.9	0.105	0.12956
16.32	17.98	0.106	0.12859
16.33	18.1	0.106	0.1291
16.34	18.32	0.107	0.13076
16.35	18.51	0.107	0.13228
16.36	18.72	0.108	0.1338
16.37	18.91	0.106	0.13568
16.38	19.05	0.107	0.13684
16.39	19.15	0.107	0.13654
16.4	19.21	0.106	0.13538
16.41	19.23	0.106	0.13408
16.42	19.22	0.106	0.13213
16.43	19.17	0.107	0.1299
16.44	19.04	0.109	0.12777
16.45	18.98	0.109	0.12563
16.46	18.83	0.108	0.12078
16.47	18.57	0.108	0.11591
16.48	18.35	0.107	0.11239
16.49	18.11	0.106	0.11035
16.5	18.09	0.106	0.11233
16.51	18.12	0.106	0.11377
16.52	18.17	0.106	0.11419
16.53	18.22	0.107	0.11432
16.54	18.18	0.107	0.11298
16.55	18.17	0.106	0.1119
16.56	18.06	0.105	0.11039
16.57	17.92	0.105	0.10821
16.58	17.74	0.105	0.10642
16.59	17.54	0.104	0.10487
16.6	17.4	0.104	0.1034
16.61	17.27	0.103	0.10311
16.62	17.24	0.104	0.10394
16.63	17.32	0.107	0.10668
16.64	17.48	0.111	0.10983
16.65	17.63	0.112	0.11193
16.66	17.75	0.111	0.1134
16.67	17.74	0.11	0.11217
16.68	17.62	0.106	0.10916
16.69	17.35	0.108	0.10591
16.7	17.08	0.109	0.10396
16.71	16.81	0.11	0.10254
16.72	16.63	0.11	0.10198
16.73	16.51	0.111	0.10218
16.74	16.52	0.111	0.10497
16.75	16.52	0.111	0.10599
16.76	16.61	0.11	0.10853
16.77	16.63	0.108	0.10896
16.78	16.63	0.105	0.10833
16.79	16.61	0.103	0.10794
16.8	16.59	0.1	0.1078
16.81	16.66	0.1	0.11032
16.82	16.77	0.1	0.11259
16.83	16.84	0.1	0.11389
16.84	16.97	0.101	0.11623
16.85	17.04	0.102	0.1175
16.86	17.25	0.101	0.12049
16.87	17.29	0.1	0.1207
16.88	17.37	0.1	0.12202
16.89	17.37	0.101	0.1227
16.9	17.33	0.102	0.12144
16.91	17.32	0.102	0.12135
16.92	17.28	0.102	0.12027
16.93	17.27	0.103	0.12038
16.94	17.27	0.104	0.1204
16.95	17.23	0.104	0.11927
16.96	17.14	0.104	0.11765
16.97	17.09	0.104	0.11712
16.98	17	0.103	0.11528
16.99	16.9	0.103	0.11354
17	16.83	0.102	0.11264
17.01	16.75	0.102	0.11081
17.02	16.7	0.102	0.11012
17.03	16.62	0.101	0.10902
17.04	16.57	0.101	0.10909
17.05	16.58	0.101	0.11019
17.06	16.6	0.102	0.1116
17.07	16.71	0.103	0.11337
17.08	16.84	0.103	0.1152
17.09	17.02	0.104	0.11739
17.1	17.21	0.103	0.11926
17.11	17.28	0.103	0.11975
17.12	17.21	0.102	0.11916
17.13	17.05	0.1	0.11656
17.14	16.88	0.1	0.11536
17.15	16.75	0.099	0.11397
17.16	16.61	0.099	0.1125
17.17	16.52	0.098	0.11049
17.18	16.44	0.098	0.1098
17.19	16.37	0.099	0.10896
17.2	16.3	0.099	0.10826
17.21	16.23	0.101	0.10809
17.22	16.2	0.104	0.10847
17.23	16.1833	0.1053	0.15935
17.24	16.1667	0.1067	0.19031
17.25	16.15	0.108	0.16259
17.26	16.47	0.108	0.15237
17.27	16.68	0.106	0.14704
17.28	16.8	0.102	0.14269
17.29	16.9	0.098	0.13943
17.3	16.99	0.096	0.13619
17.31	17.07	0.097	0.13251
17.32	17.13	0.096	0.1305
17.33	17.17	0.096	0.12955
17.34	17.23	0.097	0.12896
17.35	17.32	0.097	0.12911
17.36	17.42	0.098	0.12953
17.37	17.53	0.098	0.12974
17.38	17.66	0.099	0.13107
17.39	17.75	0.1	0.13218
17.4	17.81	0.101	0.13236
17.41	17.76	0.101	0.13083
17.42	17.72	0.102	0.12902
17.43	17.76	0.103	0.12902
17.44	17.87	0.103	0.1287
17.45	18.03	0.104	0.12983
17.46	18.15	0.105	0.13093
17.47	18.3	0.106	0.13322
17.48	18.53	0.106	0.13594
17.49	18.79	0.106	0.13877
17.5	19.05	0.106	0.14141
17.51	19.2	0.105	0.14137
17.52	19.26	0.106	0.14069
17.53	19.24	0.105	0.13802
17.54	19.25	0.105	0.13553
17.55	19.22	0.107	0.13122
17.56	19.08	0.107	0.1293
17.57	18.88	0.105	0.12815
17.58	18.74	0.103	0.12657
17.59	18.72	0.103	0.12862
17.6	18.75	0.101	0.12939
17.61	18.69	0.1	0.12585
17.62	18.61	0.098	0.11901
17.63	18.48	0.098	0.11763
17.64	18.43	0.098	0.11711
17.65	18.43	0.1	0.11801
17.66	18.5	0.102	0.11927
17.67	18.51	0.102	0.11904
17.68	18.48	0.102	0.11834
17.69	18.32	0.101	0.11433
17.7	18.09	0.101	0.11083
17.71	17.8	0.103	0.10753
17.72	17.62	0.107	0.10615
17.73	17.62	0.11	0.10754
17.74	17.76	0.11	0.11067
17.75	17.94	0.11	0.11475
17.76	18.12	0.109	0.11919
17.77	18.19	0.108	0.12048
17.78	18.25	0.107	0.12114
17.79	18.23	0.106	0.12046
17.8	18.13	0.105	0.11849
17.81	18	0.104	0.11764
17.82	17.92	0.102	0.11746
17.83	17.92	0.099	0.11899
17.84	17.89	0.097	0.11926
17.85	17.77	0.094	0.11748
17.86	17.72	0.092	0.11728
17.87	17.62	0.09	0.11628
17.88	17.48	0.089	0.11506
17.89	17.39	0.088	0.11451
17.9	17.4	0.089	0.11509
17.91	17.46	0.091	0.11722
17.92	17.52	0.093	0.11945
17.93	17.58	0.093	0.12105
17.94	17.55	0.093	0.12069
17.95	17.5	0.092	0.12106
17.96	17.46	0.092	0.12075
17.97	17.36	0.09	0.11968
17.98	17.2	0.089	0.11781
17.99	17.1	0.089	0.1168
18	16.86	0.089	0.11452
18.01	16.66	0.089	0.11194
18.02	16.45	0.089	0.10963
18.03	16.29	0.091	0.10767
18.04	16.11	0.092	0.1066
18.05	15.94	0.092	0.10534
18.06	15.72	0.092	0.10309
18.07	15.5	0.093	0.10204
18.08	15.25	0.093	0.10016
18.09	14.99	0.093	0.09822
18.1	14.75	0.094	0.09654
18.11	14.53	0.094	0.09531
18.12	14.34	0.093	0.09484
18.13	14.2	0.093	0.09515
18.14	14.14	0.092	0.09617
18.15	14.09	0.092	0.09727
18.16	14.02	0.092	0.09774
18.17	13.91	0.092	0.09736
18.18	13.66	0.094	0.09547
18.19	13.34	0.096	0.09307
18.2	13.07	0.096	0.0915
18.21	12.81	0.096	0.09005
18.22	12.64	0.095	0.0899
18.23	12.54	0.095	0.09075
18.24	12.48	0.094	0.1757
18.25	12.42	0.093	0.16072
18.26	12.36	0.092	0.15543
18.27	12.44	0.091	0.15425
18.28	12.53	0.09	0.15376
18.29	12.56	0.088	0.15238
18.3	12.54	0.086	0.15187
18.31	12.53	0.083	0.15113
18.32	12.51	0.082	0.15
18.33	12.51	0.083	0.15075
18.34	12.6	0.083	0.15153
18.35	12.71	0.083	0.15265
18.36	12.86	0.084	0.15456
18.37	12.97	0.084	0.15449
18.38	13.03	0.084	0.15418
18.39	13.02	0.083	0.15319
18.4	12.94	0.082	0.15156
18.41	12.82	0.082	0.14952
18.42	12.7	0.082	0.14831
18.43	12.57	0.083	0.1473
18.44	12.49	0.083	0.14713
18.45	12.46	0.083	0.14711
18.46	12.54	0.084	0.14856
18.47	12.68	0.086	0.15107
18.48	12.88	0.087	0.15424
18.49	13.12	0.088	0.15758
18.5	13.37	0.089	0.16011
18.51	13.63	0.089	0.16244
18.52	13.85	0.089	0.164
18.53	14.04	0.087	0.16395
18.54	14.21	0.087	0.16513
18.55	14.36	0.086	0.16619
18.56	14.49	0.086	0.16626
18.57	14.56	0.086	0.16489
18.58	14.55	0.084	0.16201
18.59	14.48	0.084	0.15865
18.6	14.39	0.083	0.15681
18.61	14.34	0.084	0.15608
18.62	14.33	0.085	0.15539
18.63	14.4	0.086	0.15644
18.64	14.52	0.088	0.15867
18.65	14.66	0.089	0.16116
18.66	14.83	0.089	0.16306
18.67	15.01	0.091	0.16492
18.68	15.18	0.092	0.16582
18.69	15.36	0.094	0.16686
18.7	15.52	0.094	0.16742
18.71	15.63	0.095	0.1665
18.72	15.68	0.095	0.16425
18.73	15.66	0.095	0.16046
18.74	15.57	0.095	0.15682
18.75	15.41	0.095	0.15316
18.76	15.33	0.095	0.15184
18.77	15.12	0.095	0.14832
18.78	14.95	0.095	0.14556
18.79	14.8	0.095	0.1424
18.8	14.72	0.096	0.14098
18.81	14.67	0.097	0.14063
18.82	14.67	0.098	0.1418
18.83	14.7	0.098	0.14309
18.84	14.73	0.098	0.14412
18.85	14.86	0.1	0.14687
18.86	14.94	0.101	0.1491
18.87	15	0.1	0.15092
18.88	15.06	0.099	0.15345
18.89	15.15	0.098	0.15516
18.9	15.28	0.096	0.15758
18.91	15.39	0.094	0.15891
18.92	15.46	0.094	0.15915
18.93	15.41	0.094	0.15762
18.94	15.34	0.095	0.15612
18.95	15.24	0.095	0.15388
18.96	15.2	0.095	0.1534
18.97	15.16	0.095	0.15327
18.98	15.26	0.095	0.15583
18.99	15.45	0.096	0.15933
19	15.68	0.098	0.16304
19.01	15.74	0.099	0.16391
19.02	15.78	0.1	0.1634
19.03	15.8	0.1	0.1623
19.04	15.85	0.1	0.16245
19.05	16	0.101	0.16544
19.06	16.41	0.102	0.17222
19.07	16.7	0.103	0.17629
19.08	16.83	0.104	0.17801
19.09	17.15	0.104	0.1806
19.1	17.27	0.102	0.17906
19.11	17.33	0.1	0.1773
19.12	17.31	0.1	0.17427
19.13	17.32	0.101	0.1712
19.14	17.23	0.1	0.16794
19.15	17.12	0.1	0.16511
19.16	17.01	0.1	0.16187
19.17	16.97	0.101	0.16055
19.18	16.96	0.101	0.15844
19.19	17.01	0.102	0.15629
19.2	17.05	0.103	0.1554
19.21	17.09	0.103	0.15506
19.22	17.15	0.104	0.15487
19.23	17.15	0.1063	0.17869
19.24	17.15	0.1087	0.23478
19.25	17.15	0.111	0.19873
19.26	17.34	0.11	0.19036
19.27	17.46	0.109	0.18394
19.28	17.55	0.109	0.17943
19.29	17.67	0.11	0.17776
19.3	17.78	0.11	0.17663
19.31	17.89	0.109	0.17597
19.32	18.01	0.108	0.17702
19.33	18.13	0.107	0.17536
19.34	18.18	0.108	0.17462
19.35	18.23	0.107	0.17122
19.36	18.21	0.106	0.16762
19.37	18.16	0.105	0.1655
19.38	18.18	0.105	0.16533
19.39	18.18	0.104	0.15974
19.4	18.16	0.104	0.15756
19.41	18.18	0.106	0.15762
19.42	18.14	0.108	0.15642
19.43	18.11	0.109	0.15574
19.44	18.06	0.109	0.1543
19.45	18.04	0.109	0.15354
19.46	18.01	0.109	0.15324
19.47	17.98	0.109	0.1528
19.48	17.96	0.109	0.1525
19.49	17.96	0.109	0.15177
19.5	17.97	0.109	0.15057
19.51	17.98	0.109	0.15086
19.52	18.01	0.107	0.15234
19.53	18.07	0.106	0.15278
19.54	18.09	0.106	0.15187
19.55	18.11	0.107	0.15204
19.56	18.13	0.108	0.15079
19.57	18.08	0.109	0.14918
19.58	18.09	0.11	0.14951
19.59	18.14	0.111	0.14981
19.6	18.22	0.111	0.15075
19.61	18.31	0.112	0.15144
19.62	18.42	0.112	0.15306
19.63	18.5	0.112	0.15323
19.64	18.63	0.113	0.15596
19.65	18.76	0.113	0.15677
19.66	18.93	0.114	0.15803
19.67	19.17	0.116	0.15873
19.68	19.48	0.115	0.16404
19.69	19.76	0.116	0.16669
19.7	19.98	0.117	0.16875
19.71	20.03	0.118	0.167
19.72	20.05	0.118	0.16458
19.73	20	0.117	0.15994
19.74	19.96	0.117	0.15625
19.75	19.94	0.117	0.1513
19.76	19.87	0.117	0.14958
19.77	19.79	0.117	0.14723
19.78	19.66	0.117	0.14159
19.79	19.46	0.116	0.13756
19.8	19.35	0.114	0.13597
19.81	19.26	0.113	0.13412
19.82	19.16	0.111	0.13289
19.83	19.02	0.11	0.13077
19.84	18.91	0.107	0.12935
19.85	18.87	0.106	0.13066
19.86	18.85	0.106	0.13056
19.87	18.84	0.106	0.12907
19.88	18.89	0.106	0.12923
19.89	19.04	0.107	0.13206
19.9	19.3	0.108	0.13543
19.91	19.57	0.109	0.13756
19.92	19.78	0.11	0.14024
19.93	19.9	0.11	0.14096
19.94	19.94	0.11	0.14005
19.95	19.93	0.111	0.14044
19.96	19.91	0.112	0.13952
19.97	19.87	0.114	0.13958
19.98	19.92	0.115	0.13977
19.99	20.02	0.116	0.141
20	20.06	0.117	0.1397
20.01	20.07	0.117	0.1385
20.02	20.13	0.118	0.13827
20.03	20.21	0.119	0.14061
20.04	20.32	0.121	0.14211
20.05	20.42	0.123	0.14339
20.06	20.48	0.126	0.14351
20.07	20.54	0.127	0.14349
20.08	20.56	0.125	0.14107
20.09	20.58	0.125	0.14056
20.1	20.68	0.125	0.14148
20.11	20.86	0.126	0.14031
20.12	20.98	0.127	0.1423
20.13	21.08	0.128	0.1427
20.14	21.15	0.129	0.14347
20.15	21.17	0.127	0.13987
20.16	21.25	0.129	0.13939
20.17	21.23	0.13	0.1345
20.18	21.27	0.13	0.13357
20.19	21.37	0.126	0.13522
20.2	21.36	0.125	0.13359
20.21	21.32	0.127	0.13425
20.22	21.32	0.126	0.13424
20.23	21.35	0.126	0.13348
20.24	21.33	0.125	0.13101
20.25	21.3167	0.1253	0.29423
20.26	21.3033	0.1257	0.23504
20.27	21.29	0.126	0.21381
20.28	21.38	0.124	0.19603
20.29	21.38	0.123	0.18083
20.3	21.37	0.123	0.16992
20.31	21.29	0.124	0.1603
20.32	21.32	0.124	0.15261
20.33	21.25	0.124	0.14503
20.34	21.13	0.124	0.14111
20.35	21.1	0.124	0.13676
20.36	20.97	0.127	0.13529
20.37	20.86	0.127	0.1311
20.38	20.84	0.128	0.13188
20.39	20.84	0.129	0.13297
20.4	20.95	0.132	0.13473
20.41	21.08	0.134	0.13634
20.42	21.23	0.137	0.13818
20.43	21.4	0.137	0.13833
20.44	21.52	0.137	0.13946
20.45	21.59	0.137	0.13831
20.46	21.59	0.136	0.13883
20.47	21.56	0.136	0.13777
20.48	21.43	0.136	0.13394
20.49	21.43	0.136	0.13343
20.5	21.37	0.135	0.13243
20.51	21.3	0.136	0.13102
20.52	21.31	0.136	0.13081
20.53	21.3	0.136	0.12859
20.54	21.35	0.137	0.13225
20.55	21.4	0.138	0.13297
20.56	21.42	0.138	0.13339
20.57	21.5	0.138	0.13462
20.58	21.59	0.139	0.13682
20.59	21.69	0.139	0.13972
20.6	21.85	0.141	0.14289
20.61	21.99	0.141	0.14539
20.62	22.15	0.14	0.14809
20.63	22.33	0.14	0.1489
20.64	22.48	0.141	0.15075
20.65	22.65	0.141	0.15406
20.66	22.8	0.139	0.15442
20.67	22.98	0.141	0.15424
20.68	23.08	0.14	0.15041
20.69	23.17	0.141	0.15231
20.7	23.15	0.141	0.14841
20.71	23.07	0.141	0.14527
20.72	22.93	0.14	0.14286
20.73	22.75	0.14	0.13613
20.74	22.52	0.139	0.13146
20.75	22.34	0.139	0.12848
20.76	22.12	0.138	0.12544
20.77	21.93	0.138	0.12423
20.78	21.71	0.137	0.11827
20.79	21.55	0.137	0.11639
20.8	21.38	0.136	0.11576
20.81	21.24	0.136	0.1156
20.82	21.09	0.135	0.11491
20.83	20.91	0.135	0.1132
20.84	20.7	0.134	0.11116
20.85	20.61	0.133	0.11205
20.86	20.58	0.132	0.11278
20.87	20.55	0.132	0.11455
20.88	20.45	0.132	0.11495
20.89	20.34	0.13	0.1153
20.9	20.24	0.129	0.11503
20.91	20.17	0.129	0.11509
20.92	20.26	0.13	0.11909
20.93	20.36	0.13	0.12221
20.94	20.45	0.13	0.12476
20.95	20.41	0.129	0.1257
20.96	20.36	0.129	0.12603
20.97	20.34	0.13	0.12771
20.98	20.35	0.132	0.12955
20.99	20.31	0.133	0.13036
21	20.24	0.132	0.13038
21.01	20.07	0.13	0.12822
21.02	19.85	0.128	0.1247
21.03	19.65	0.128	0.12426
21.04	19.51	0.128	0.12461
21.05	19.48	0.129	0.12599
21.06	19.53	0.131	0.12945
21.07	19.65	0.134	0.13065
21.08	19.81	0.135	0.12982
21.09	19.95	0.135	0.12932
21.1	20.26	0.135	0.13263
21.11	20.54	0.133	0.13699
21.12	20.84	0.131	0.14314
21.13	21.14	0.128	0.14739
21.14	21.32	0.125	0.14965
21.15	21.53	0.125	0.15342
21.16	21.66	0.126	0.15458
21.17	21.8	0.128	0.15737
21.18	21.96	0.131	0.15874
21.19	22.03	0.133	0.15875
21.2	22.14	0.136	0.1602
21.21	22.26	0.137	0.15953
21.22	22.33	0.14	0.1596
21.23	22.55	0.142	0.16204
21.24	22.75	0.145	0.16354
21.25	22.8633	0.1483	0.19358
21.26	22.9767	0.1517	0.27257
21.27	23.09	0.155	0.22647
21.28	23.4	0.154	0.20344
21.29	23.62	0.153	0.19292
21.3	23.89	0.153	0.18755
21.31	24.11	0.154	0.18336
21.32	24.33	0.156	0.1818
21.33	24.55	0.156	0.17895
21.34	24.72	0.158	0.17744
21.35	24.77	0.158	0.17182
21.36	24.76	0.16	0.16717
21.37	24.68	0.161	0.16111
21.38	24.6	0.165	0.15711
21.39	24.48	0.167	0.1536
21.4	24.45	0.168	0.1516
21.41	24.49	0.17	0.15096
21.42	24.61	0.171	0.15169
21.43	24.73	0.172	0.15142
21.44	24.85	0.173	0.15217
21.45	25.03	0.175	0.15246
21.46	25.06	0.177	0.15145
21.47	25.21	0.178	0.15295
21.48	25.25	0.178	0.1524
21.49	25.22	0.177	0.15045
21.5	25.11	0.177	0.14893
21.51	25.04	0.178	0.14807
21.52	25.02	0.178	0.14864
21.53	25.06	0.178	0.14938
21.54	25.06	0.178	0.14845
21.55	25.18	0.179	0.15007
21.56	25.36	0.179	0.15154
21.57	25.58	0.179	0.15549
21.58	25.81	0.18	0.15893
21.59	26	0.18	0.1623
21.6	26.18	0.18	0.16578
21.61	26.3	0.179	0.16822
21.62	26.42	0.178	0.16431
21.63	26.53	0.177	0.16236
21.64	26.64	0.177	0.16096
21.65	26.75	0.176	0.16162
21.66	26.72	0.176	0.16071
21.67	26.57	0.176	0.15644
21.68	26.46	0.175	0.15155
21.69	26.19	0.176	0.14761
21.7	26.09	0.176	0.14539
21.71	25.86	0.177	0.14282
21.72	25.55	0.177	0.13586
21.73	25.27	0.177	0.13166
21.74	25.07	0.177	0.1304
21.75	24.92	0.177	0.12997
21.76	24.79	0.176	0.12865
21.77	24.81	0.177	0.13136
21.78	24.8	0.175	0.13188
21.79	24.9	0.177	0.13417
21.8	24.96	0.175	0.13545
21.81	25.05	0.175	0.13796
21.82	25.08	0.174	0.13979
21.83	25.1	0.174	0.1396
21.84	25.1	0.175	0.14104
21.85	25.12	0.173	0.14219
21.86	25.19	0.174	0.14673
21.87	25.21	0.174	0.14813
21.88	25.31	0.174	0.15071
21.89	25.42	0.175	0.15213
21.9	25.49	0.175	0.15285
21.91	25.57	0.176	0.1533
21.92	25.67	0.176	0.15551
21.93	25.78	0.177	0.15696
21.94	25.81	0.176	0.15661
21.95	25.8	0.177	0.15591
21.96	25.77	0.177	0.15461
21.97	25.76	0.178	0.15413
21.98	25.83	0.178	0.15551
21.99	26.06	0.18	0.15877
22	26.37	0.181	0.16262
22.01	26.63	0.182	0.1659
22.02	26.83	0.183	0.16775
22.03	26.99	0.184	0.16776
22.04	27.15	0.185	0.16825
22.05	27.22	0.184	0.16774
22.06	27.41	0.185	0.16801
22.07	27.61	0.184	0.1681
22.08	27.74	0.185	0.17029
22.09	27.74	0.185	0.16685
22.1	27.75	0.185	0.16537
22.11	27.66	0.186	0.16081
22.12	27.51	0.187	0.15776
22.13	27.45	0.187	0.15653
22.14	27.15	0.187	0.151
22.15	26.93	0.187	0.14706
22.16	26.76	0.186	0.14336
22.17	26.55	0.185	0.13984
22.18	26.46	0.185	0.13945
22.19	26.33	0.184	0.13363
22.2	26.14	0.183	0.12943
22.21	25.79	0.182	0.12372
22.22	25.38	0.18	0.11826
22.23	24.92	0.178	0.11313
22.24	24.52	0.178	0.10835
22.25	24.08	0.178	0.10338
22.26	23.64	0.178	0.09989
22.27	22.45	0.183	0.25126
22.28	22.45	0.179	0.2023
22.29	22.24	0.176	0.17646
22.3	22.05	0.174	0.15914
22.31	21.87	0.172	0.15052
22.32	21.79	0.171	0.1448
22.33	21.72	0.17	0.14094
22.34	21.69	0.168	0.13932
22.35	21.7	0.167	0.13926
22.36	21.72	0.166	0.13808
22.37	21.64	0.165	0.13668
22.38	21.57	0.163	0.13532
22.39	21.55	0.162	0.13511
22.4	21.66	0.161	0.13756
22.41	21.87	0.16	0.14139
22.42	22.08	0.16	0.14584
22.43	22.29	0.16	0.14869
22.44	22.5	0.161	0.15057
22.45	22.7	0.161	0.15366
22.46	22.8	0.161	0.15501
22.47	22.83	0.162	0.15526
22.48	22.83	0.162	0.15388
22.49	22.84	0.163	0.15309
22.5	22.84	0.164	0.15196
22.51	22.88	0.164	0.15257
22.52	23.02	0.164	0.15508
22.53	23.1	0.164	0.15529
22.54	23.22	0.165	0.15701
22.55	23.29	0.165	0.15591
22.56	23.4	0.166	0.15644
22.57	23.49	0.166	0.15611
22.58	23.52	0.166	0.15467
22.59	23.52	0.165	0.15304
22.6	23.43	0.165	0.15158
22.61	23.36	0.165	0.15109
22.62	23.37	0.165	0.14995
22.63	23.47	0.165	0.15168
22.64	23.62	0.165	0.15309
22.65	23.79	0.166	0.15544
22.66	23.9	0.165	0.15703
22.67	23.95	0.164	0.15619
22.68	23.91	0.163	0.15515
22.69	23.85	0.163	0.15214
22.7	23.75	0.163	0.14912
22.71	23.64	0.163	0.14608
22.72	23.39	0.162	0.14001
22.73	23.18	0.161	0.13557
22.74	23.02	0.16	0.13127
22.75	22.96	0.159	0.12961
22.76	22.88	0.158	0.12847
22.77	22.82	0.157	0.12662
22.78	22.76	0.158	0.12697
22.79	22.68	0.156	0.12403
22.8	22.55	0.155	0.12148
22.81	22.24	0.154	0.11714
22.82	21.92	0.153	0.11299
22.83	21.61	0.152	0.10953
22.84	21.36	0.151	0.10888
22.85	21.13	0.15	0.1058
22.86	20.91	0.15	0.10494
22.87	20.6	0.151	0.10256
22.88	20.54	0.151	0.10284
22.89	20.4	0.151	0.10582
22.9	20.4	0.151	0.10582
22.91	20.41	0.15	0.10863
22.92	20.4	0.15	0.11099
22.93	20.34	0.148	0.11176
22.94	20.3	0.148	0.11205
22.95	20.17	0.147	0.11343
22.96	20.12	0.146	0.11407
22.97	20	0.145	0.11628
22.98	19.99	0.145	0.11899
22.99	19.96	0.144	0.1199
23	19.97	0.144	0.12443
23.01	20.05	0.144	0.12815
23.02	20.15	0.144	0.1319
23.03	20.15	0.144	0.1338
23.04	20.05	0.144	0.13263
23.05	19.73	0.144	0.12808
23.06	19.31	0.143	0.12323
23.07	18.8	0.142	0.11616
23.08	18.24	0.142	0.11121
23.09	17.71	0.143	0.10708
23.1	17.14	0.143	0.10119
23.11	16.63	0.143	0.09807
23.12	16.21	0.149	0.09776
23.13	15.97	0.156	0.10069
23.14	15.88	0.162	0.10499
23.15	15.94	0.163	0.1091
23.16	16.09	0.16	0.11204
23.17	16.14	0.157	0.1133
23.18	16.19	0.153	0.11541
23.19	16.26	0.147	0.11617
23.2	16.35	0.14	0.11341
23.21	16.54	0.134	0.10742
23.22	16.75	0.127	0.09589
23.23	16.94	0.119	0.08504
23.24	17.07	0.111	0.07678
23.25	17.19	0.104	0.07364
23.26	17.32	0.097	0.07762
23.27	16.51	0.085	0.27282
23.28	17.38	0.083	0.23315
23.29	17.67	0.08	0.20431
23.3	17.88	0.078	0.1917
23.31	18.11	0.08	0.18529
23.32	18.38	0.082	0.18329
23.33	18.68	0.084	0.18398
23.34	18.99	0.088	0.18485
23.35	19.27	0.093	0.18396
23.36	19.44	0.098	0.1813
23.37	19.55	0.105	0.18087
23.38	19.57	0.112	0.17578
23.39	19.66	0.118	0.1748
23.4	19.7	0.121	0.17166
23.41	19.82	0.127	0.17325
23.42	19.94	0.131	0.17389
23.43	20.07	0.134	0.1731
23.44	20.17	0.134	0.17026
23.45	20.27	0.137	0.1701
23.46	20.43	0.141	0.17313
23.47	20.61	0.142	0.17332
23.48	20.84	0.143	0.17493
23.49	21.08	0.143	0.17701
23.5	21.35	0.143	0.17889
23.51	21.69	0.143	0.18372
23.52	22.11	0.144	0.18839
23.53	22.54	0.145	0.19288
23.54	22.78	0.146	0.19491
23.55	23.16	0.148	0.19431
23.56	23.5	0.15	0.19524
23.57	23.88	0.151	0.20069
23.58	24.17	0.152	0.19976
23.59	24.61	0.153	0.20077
23.6	25.04	0.154	0.20111
23.61	25.57	0.156	0.20398
23.62	26.09	0.155	0.20483
23.63	26.51	0.156	0.20302
23.64	26.82	0.158	0.19898
23.65	26.99	0.159	0.19684
23.66	27.06	0.16	0.19118
23.67	27.04	0.162	0.18551
23.68	27.02	0.163	0.17964
23.69	27.02	0.164	0.17412
23.7	27	0.166	0.17121
23.71	26.91	0.168	0.16518
23.72	26.76	0.171	0.16049
23.73	26.62	0.171	0.1539
23.74	26.5	0.173	0.15113
23.75	26.5	0.177	0.1506
23.76	26.47	0.177	0.14739
23.77	26.51	0.178	0.14727
23.78	26.5	0.178	0.14365
23.79	26.44	0.179	0.14078
23.8	26.45	0.178	0.14008
23.81	26.36	0.177	0.13607
23.82	26.25	0.177	0.13552
23.83	26.21	0.176	0.13428
23.84	26	0.174	0.12701
23.85	25.78	0.173	0.12237
23.86	25.55	0.172	0.11816
23.87	25.41	0.173	0.11884
23.88	25.32	0.171	0.11687
23.89	25.21	0.17	0.11624
23.9	25.19	0.169	0.11626
23.91	25.06	0.168	0.11386
23.92	25	0.167	0.11494
23.93	24.92	0.167	0.11486
23.94	24.89	0.166	0.11473
23.95	24.79	0.166	0.11345
23.96	24.64	0.166	0.11004
23.97	24.49	0.165	0.10875
23.98	24.25	0.167	0.1075
23.99	23.89	0.166	0.10657
24	23.84	0.166	0.10725
24.01	23.61	0.165	0.10464
24.02	23.35	0.164	0.10301
24.03	23.11	0.164	0.1014
24.04	22.84	0.164	0.09982
24.05	22.43	0.163	0.09596
24.06	22.12	0.164	0.09607
24.07	21.95	0.162	0.09542
24.08	21.88	0.161	0.09669
24.09	21.83	0.16	0.09696
24.1	21.78	0.16	0.09706
24.11	21.86	0.159	0.10188
24.12	21.9	0.159	0.1055
24.13	22.01	0.159	0.10948
24.14	22.12	0.158	0.11308
24.15	22.2	0.157	0.11517
24.16	22.26	0.158	0.1184
24.17	22.29	0.158	0.12072
24.18	22.4	0.158	0.12375
24.19	22.43	0.157	0.12394
24.2	22.56	0.158	0.12748
24.21	22.7	0.158	0.1296
24.22	22.78	0.159	0.13016
24.23	22.88	0.159	0.13092
24.24	22.94	0.158	0.13075
24.25	22.99	0.159	0.13128
24.26	23.04	0.158	0.13141
24.27	23.1	0.158	0.1323
24.28	22.65	0.148	0.27097
24.29	23.11	0.146	0.22857
24.3	23.07	0.144	0.19219
24.31	23.01	0.143	0.17688
24.32	22.75	0.141	0.15083
24.33	22.3	0.142	0.13137
24.34	22.21	0.143	0.12036
24.35	22.05	0.144	0.10005
24.36	22.06	0.152	0.07608
24.37	22.17	0.157	0.06389
24.38	22.37	0.161	0.06024
24.39	22.58	0.163	0.05839
24.4	22.8	0.162	0.0587
24.41	23.07	0.16	0.05939
24.42	23.38	0.157	0.06389
24.43	23.77	0.153	0.0701
24.44	23.94	0.15	0.07221
24.45	24.04	0.148	0.07312
24.46	24.08	0.146	0.07532
24.47	23.99	0.145	0.07598
24.48	23.89	0.144	0.07639
24.49	23.79	0.145	0.07664
24.5	23.67	0.146	0.0776
24.51	23.58	0.147	0.0798
24.52	23.69	0.15	0.08343
24.53	23.88	0.151	0.08664
24.54	24.09	0.153	0.09038
24.55	24.13	0.155	0.09212
24.56	24.18	0.157	0.09467
24.57	24.05	0.157	0.09432
24.58	23.96	0.157	0.09529
24.59	23.88	0.157	0.09527
24.6	23.87	0.156	0.09653
24.61	23.86	0.156	0.0985
24.62	23.96	0.157	0.10096
24.63	24.07	0.157	0.10451
24.64	24.16	0.157	0.10616
24.65	24.21	0.16	0.10732
24.66	24.22	0.161	0.10866
24.67	24.23	0.162	0.10947
24.68	24.25	0.162	0.10962
24.69	24.24	0.162	0.11004
24.7	24.26	0.163	0.11091
24.71	24.22	0.163	0.11051
24.72	24.25	0.162	0.11169
24.73	24.23	0.163	0.11196
24.74	24.26	0.164	0.11447
24.75	24.17	0.164	0.1131
24.76	24.17	0.164	0.11295
24.77	24.37	0.165	0.11582
24.78	24.6	0.165	0.1173
24.79	24.85	0.166	0.12109
24.8	25.16	0.166	0.12596
24.81	25.47	0.165	0.13129
24.82	25.86	0.165	0.13519
24.83	26.12	0.165	0.13731
24.84	26.38	0.165	0.1393
24.85	26.62	0.165	0.14006
24.86	26.77	0.164	0.14019
24.87	26.9	0.165	0.13932
24.88	26.9	0.165	0.13448
24.89	26.87	0.166	0.13215
24.9	26.81	0.166	0.12969
24.91	26.78	0.167	0.12928
24.92	26.7	0.167	0.12688
24.93	26.54	0.165	0.12351
24.94	26.34	0.162	0.11874
24.95	26.19	0.159	0.11476
24.96	25.77	0.156	0.10817
24.97	25.17	0.151	0.10197
24.98	24.52	0.144	0.09406
24.99	23.53	0.14	0.08333
25	22.97	0.139	0.0778
25.01	21.71	0.14	0.06788
25.02	19.97	0.137	0.05286
25.03	17.96	0.132	0.04013
25.04	14.91	0.14	0.02375
25.05	12.53	0.152	0.01357
25.06	10.39	0.166	0.00508
25.07	8.72	0.173	0.00043
25.08	7.38	0.177	-0.00035
25.09	6.3	0.18	-0.00127
25.1	5.39	0.187	-0.00374
25.11	4.73	0.198	-0.00432
25.12	4.26	0.21	0.0002
25.13	3.92	0.215	0.00554
25.14	3.68	0.215	0.00985
25.15	3.44	0.213	0.02698
25.16	3.44	0.212	0.04006
25.17	3.25	0.208	0.06712
25.18	2.93	0.188	0.12234
25.19	2.8767	0.166	0.20024
25.2	2.8233	0.156	0.23325
25.21	2.77	0.123	0.30794
25.22	2.84	0.108	0.3197
25.23	3.34	0.104	0.33911
25.24	6.28	0.095	0.54885
25.25	8.71	0.079	0.71288
25.26	9.38	0.065	0.40872
25.27	8.8	0.061	0.20186
25.28	7.53	0.057	0.126
25.29	6.75	0.053	0.19603
25.3	6.23	0.049	0.13845
25.31	5.8	0.045	0.12595
25.32	4.94	0.043	0.10359
25.33	4.31	0.045	0.09617
25.34	4	0.058	0.09697
25.35	3.65	0.08	0.0968
25.36	3.35	0.098	0.09701
25.37	2.92	0.114	0.09452
25.38	2.7	0.129	0.10356
25.39	2.53	0.13	0.13942
25.4	2.3	0.127	0.21117
25.41	1.93	0.116	0.21129
25.42	1.74	0.112	0.2497
25.43	1.58	0.104	0.28803
25.44	1.45	0.098	0.28803
25.45	1.39	0.097	0.28889
25.46	1.31	0.088	0.35251
25.47	1.3	0.075	0.41266
25.48	1.28	0.055	0.49439
25.49	1.28	0.044	0.53789
25.5	1.29	0.032	0.57764
25.51	1.35	0.024	0.61298
25.52	1.44	0.021	0.65338
25.53	1.56	0.021	0.70327
25.54	1.71	0.021	0.74237
25.55	1.7	0.021	0.66868
25.56	1.65	0.024	0.66069
25.57	1.65	0.023	0.67267
25.58	1.68	0.021	0.70342
25.59	1.72	0.021	0.74311
25.6	1.76	0.021	0.7731
25.61	1.97	0.021	0.80611
25.62	2.31	0.024	0.8483
25.63	2.78	0.025	0.8866
25.64	3.38	0.0253	0.82412
25.65	3.44	0.0257	0.38455
25.66	3.27	0.026	0.20302
25.67	3.49	0.039	0.17079
25.68	4.31	0.053	0.19743
25.69	5.75	0.061	0.26589
25.7	7.78	0.065	0.35547
25.71	9.66	0.064	0.43517
25.72	11	0.063	0.2548
25.73	11.75	0.062	0.14187
25.74	12.22	0.061	0.11674
25.75	12.52	0.064	0.11294
25.76	12.68	0.065	0.11226
25.77	12.85	0.067	0.11785
25.78	13.04	0.068	0.12636
25.79	13.21	0.066	0.1331
25.8	13.4	0.065	0.14039
25.81	13.63	0.065	0.14719
25.82	13.88	0.067	0.15372
25.83	14.14	0.074	0.16326
25.84	14.4	0.078	0.17434
25.85	14.64	0.082	0.18116
25.86	14.87	0.084	0.18389
25.87	15.14	0.085	0.18202
25.88	15.4	0.085	0.17072
25.89	15.68	0.084	0.15688
25.9	16.01	0.083	0.13995
25.91	16.34	0.084	0.12294
25.92	16.69	0.084	0.1122
25.93	17.01	0.083	0.10702
25.94	17.29	0.082	0.1069
25.95	17.57	0.08	0.11189
25.96	17.81	0.079	0.11619
25.97	17.99	0.078	0.1193
25.98	18.15	0.079	0.12445
25.99	18.3	0.08	0.12824
26	18.4	0.083	0.13291
26.01	18.54	0.086	0.139
26.02	18.64	0.089	0.14349
26.03	18.78	0.093	0.14828
26.04	18.87	0.096	0.1505
26.05	18.95	0.099	0.15391
26.06	19.03	0.105	0.15745
26.07	19.12	0.111	0.16168
26.08	19.27	0.116	0.16893
26.09	19.44	0.117	0.1758
26.1	19.63	0.119	0.18263
26.11	19.88	0.122	0.19209
26.12	20.14	0.123	0.20156
26.13	20.36	0.125	0.2078
26.14	20.5	0.126	0.21196
26.15	20.59	0.126	0.21495
26.16	20.6	0.126	0.21516
26.17	20.53	0.123	0.21436
26.18	20.4	0.122	0.21159
26.19	20.37	0.121	0.21102
26.2	20.36	0.12	0.21113
26.21	20.45	0.119	0.21421
26.22	20.54	0.119	0.21851
26.23	20.69	0.12	0.22243
26.24	20.81	0.121	0.22506
26.25	20.88	0.122	0.22527
26.26	20.94	0.123	0.22704
26.27	20.98	0.124	0.22748
26.28	21.1267	0.122	0.30639
26.29	21.2733	0.126	0.26491
26.3	21.42	0.125	0.24074
26.31	21.84	0.125	0.2275
26.32	22.34	0.129	0.23014
26.33	22.85	0.132	0.22189
26.34	23.35	0.135	0.22166
26.35	23.85	0.136	0.21948
26.36	24.14	0.134	0.21116
26.37	24.39	0.133	0.20734
26.38	24.58	0.132	0.20099
26.39	24.75	0.132	0.19785
26.4	24.77	0.133	0.19392
26.41	24.81	0.135	0.1942
26.42	24.79	0.136	0.18806
26.43	24.79	0.137	0.1852
26.44	24.76	0.139	0.18126
26.45	24.84	0.14	0.18266
26.46	24.8	0.14	0.17663
26.47	24.79	0.142	0.17834
26.48	24.7	0.143	0.17361
26.49	24.52	0.145	0.16927
26.5	24.42	0.147	0.16707
26.51	24.28	0.149	0.16517
26.52	24.11	0.149	0.1626
26.53	24.09	0.15	0.16691
26.54	24.11	0.149	0.16737
26.55	24.14	0.151	0.17135
26.56	24.3	0.153	0.17905
26.57	24.52	0.154	0.18513
26.58	24.81	0.152	0.19363
26.59	25.09	0.152	0.19681
26.6	25.59	0.15	0.20541
26.61	25.9	0.148	0.20745
26.62	26.12	0.149	0.21196
26.63	26.5	0.148	0.21373
26.64	26.67	0.147	0.2121
26.65	26.77	0.148	0.20995
26.66	27.02	0.15	0.2086
26.67	27.24	0.152	0.20781
26.68	27.44	0.155	0.20235
26.69	27.62	0.158	0.20194
26.7	27.8	0.161	0.20153
26.71	28.04	0.164	0.2042
26.72	28.21	0.166	0.20376
26.73	28.39	0.167	0.20175
26.74	28.56	0.168	0.20464
26.75	28.78	0.168	0.19788
26.76	28.89	0.168	0.19909
26.77	28.97	0.168	0.1956
26.78	28.93	0.167	0.19345
26.79	28.82	0.164	0.18794
26.8	28.78	0.163	0.18493
26.81	28.73	0.161	0.17981
26.82	28.73	0.162	0.18081
26.83	28.83	0.162	0.18349
26.84	28.85	0.161	0.18329
26.85	28.99	0.161	0.18044
26.86	29.28	0.161	0.17584
26.87	29.74	0.159	0.17194
26.88	30.34	0.159	0.18188
26.89	30.95	0.159	0.18544
26.9	31.24	0.157	0.18448
26.91	31.43	0.153	0.17872
26.92	31.72	0.148	0.15752
26.93	30.76	0.133	0.25007
26.94	31.83	0.129	0.25215
26.95	32.3	0.128	0.25007
26.96	32.9	0.129	0.24882
26.97	33.4	0.131	0.23859
26.98	33.85	0.135	0.23058
26.99	34.2	0.132	0.21515
27	34.34	0.13	0.19321
27.01	34.36	0.12	0.17099
27.02	34.7	0.114	0.16851
27.03	35.08	0.111	0.16804
27.04	35.29	0.11	0.16771
27.05	35.91	0.107	0.1668
27.06	36.43	0.106	0.17407
27.07	36.66	0.113	0.17356
27.08	36.82	0.117	0.1656
27.09	36.76	0.125	0.16228
27.1	36.36	0.121	0.15664
27.11	35.86	0.133	0.15291
27.12	35.35	0.13	0.14794
27.13	35.19	0.133	0.14285
27.14	34.61	0.136	0.13732
27.15	34.05	0.139	0.13276
27.16	33	0.142	0.12682
27.17	31.68	0.173	0.11416
27.18	31.17	0.174	0.11226
27.19	30.73	0.172	0.10891
27.2	30.38	0.169	0.10604
27.21	30.39	0.167	0.10587
27.22	30.39	0.168	0.10723
27.23	30.29	0.176	0.10797
27.24	30.13	0.183	0.10857
27.25	30.01	0.178	0.10967
27.26	29.79	0.179	0.10981
27.27	29.58	0.18	0.10948
27.28	29.36	0.186	0.10936
27.29	29.11	0.187	0.26602
27.3	28.86	0.188	0.35815
27.31	28.61	0.189	0.3129
27.32	28.97	0.181	0.26135
27.33	29.21	0.177	0.21659
27.34	29.34	0.173	0.19173
27.35	29.67	0.172	0.18666
27.36	29.94	0.172	0.18154
27.37	30.18	0.174	0.17806
27.38	30.36	0.176	0.17698
27.39	30.4	0.177	0.17408
27.4	30.39	0.176	0.1655
27.41	30.27	0.177	0.16085
27.42	30.12	0.177	0.15708
27.43	30.01	0.175	0.1551
27.44	29.96	0.174	0.15348
27.45	29.72	0.173	0.15144
27.46	29.56	0.173	0.14972
27.47	29.5	0.174	0.14898
27.48	29.4	0.175	0.14713
27.49	29.27	0.176	0.14898
27.5	29.26	0.176	0.15096
27.51	29.12	0.176	0.14961
27.52	29.06	0.175	0.14976
27.53	28.82	0.177	0.14818
27.54	28.58	0.179	0.14546
27.55	28.29	0.182	0.14477
27.56	28.13	0.182	0.14316
27.57	27.9	0.183	0.14127
27.58	27.8	0.186	0.1423
27.59	27.8	0.188	0.14688
27.6	27.89	0.189	0.14995
27.61	27.89	0.188	0.15226
27.62	27.93	0.19	0.15984
27.63	27.95	0.192	0.16084
27.64	28.01	0.195	0.16622
27.65	27.95	0.194	0.16648
27.66	28.02	0.195	0.17146
27.67	28.26	0.195	0.1788
27.68	28.28	0.196	0.17894
27.69	28.49	0.196	0.18594
27.7	28.65	0.196	0.19027
27.71	28.66	0.195	0.19046
27.72	28.68	0.194	0.18813
27.73	28.62	0.194	0.18694
27.74	27.33	0.191	0.31473
27.75	28.48	0.191	0.28033
27.76	28.63	0.19	0.25294
27.77	28.82	0.189	0.23654
27.78	29.06	0.187	0.22761
27.79	29.36	0.187	0.23034
27.8	29.72	0.186	0.23174
27.81	29.98	0.187	0.2301
27.82	29.99	0.187	0.22253
27.83	30.06	0.188	0.22048
27.84	30.03	0.186	0.21467
27.85	30.05	0.187	0.21167
27.86	30.06	0.19	0.20819
27.87	30.22	0.191	0.20965
27.88	30.45	0.19	0.21208
27.89	30.7	0.192	0.21478
27.9	30.87	0.192	0.21559
27.91	31.09	0.194	0.21572
27.92	31.17	0.196	0.21392
27.93	31.27	0.196	0.2133
27.94	31.34	0.196	0.21092
27.95	31.3	0.197	0.2057
27.96	31.3	0.198	0.20539
27.97	31.1333	0.208	0.35835
27.98	30.9667	0.206	0.2882
27.99	30.8	0.203	0.24905
28	30.77	0.204	0.2282
28.01	30.71	0.205	0.21441
28.02	30.71	0.204	0.20812
28.03	30.65	0.202	0.20433
28.04	30.49	0.201	0.19824
28.05	30.12	0.201	0.18956
28.06	29.64	0.199	0.17957
28.07	29.17	0.197	0.17216
28.08	28.71	0.193	0.16389
28.09	28.12	0.188	0.15384
28.1	27.51	0.184	0.1425
28.11	26.8	0.183	0.1303
28.12	26.45	0.182	0.12603
28.13	25.7	0.183	0.11321
28.14	24.87	0.18	0.102
28.15	24.25	0.177	0.09678
28.16	23.65	0.173	0.09074
28.17	23.22	0.172	0.08757
28.18	22.88	0.168	0.08661
28.19	22.52	0.164	0.08521
28.2	22.33	0.164	0.08605
28.21	22.07	0.159	0.08678
28.22	21.97	0.158	0.08825
28.23	21.78	0.153	0.08865
28.24	21.7	0.152	0.09115
28.25	21.58	0.15	0.09338
28.26	21.49	0.148	0.09857
28.27	21.47	0.147	0.10184
28.28	21.42	0.145	0.10467
28.29	21.42	0.145	0.1088
28.3	21.43	0.145	0.11257
28.31	21.2933	0.144	0.27572
28.32	21.1567	0.143	0.31136
28.33	21.02	0.142	0.25136
28.34	21.23	0.141	0.22904
28.35	21.38	0.14	0.21988
28.36	21.5	0.14	0.21517
28.37	21.64	0.14	0.21217
28.38	21.77	0.14	0.21367
28.39	21.97	0.141	0.21563
28.4	22.25	0.143	0.21966
28.41	22.59	0.145	0.21937
28.42	23.05	0.146	0.22807
28.43	23.61	0.148	0.23481
28.44	24.27	0.149	0.23695
28.45	24.94	0.149	0.24234
28.46	25.63	0.15	0.24096
28.47	26.33	0.153	0.24289
28.48	27.02	0.155	0.24325
28.49	27.73	0.158	0.24894
28.5	28.39	0.16	0.25098
28.51	29.05	0.163	0.25483
28.52	29.67	0.166	0.25548
28.53	30.14	0.171	0.25257
28.54	30.56	0.175	0.24891
28.55	31.03	0.181	0.24505
28.56	31.14	0.184	0.2431
28.57	31.33	0.189	0.23956
28.58	31.64	0.197	0.23321
28.59	31.77	0.202	0.23198
28.6	31.84	0.204	0.23209
28.61	31.95	0.207	0.2273

