0	0	0	0
0.01	0.39	0.002	0.00857
0.02	0.66	0.002	0.01141
0.03	0.78	0.001	0.01154
0.04	0.96	0.004	0.01118
0.05	1.04	0.007	0.01082
0.06	1.07	0.008	0.01046
0.07	1.12	0.008	0.01013
0.08	1.15	0.008	0.00996
0.09	1.23	0.008	0.00967
0.1	1.31	0.01	0.00946
0.11	1.37	0.012	0.00935
0.12	1.44	0.014	0.00929
0.13	1.5	0.014	0.00923
0.14	1.58	0.015	0.00912
0.15	1.65	0.016	0.00902
0.16	1.59	0.019	0.00424
0.17	1.75	0.017	0.0044
0.18	1.83	0.017	0.00445
0.19	1.88	0.017	0.00446
0.2	1.93	0.017	0.00447
0.21	1.99	0.019	0.00449
0.22	2.1	0.013	0.00382
0.23	2.15	0.012	0.00251
0.24	2.28	0.0123	0.00147
0.25	2.54	0.0127	0.00117
0.26	2.72	0.013	0.00194
0.27	2.76	0.013	0.00235
0.28	3.16	0.007	0.00177
0.29	3.42	0.005	0.00136
0.3	3.7	0.007	0.00143
0.31	3.74	0.0163	0.00317
0.32	4.02	0.0257	0.01031
0.33	4.13	0.035	0.02049
0.34	4.28	0.031	0.02376
0.35	4.61	0.016	0.02235
0.36	5.15	0.0297	0.02132
0.37	4.82	0.0433	0.01918
0.38	4.4167	0.057	0.01733
0.39	4.0133	0.085	0.01359
0.4	3.61	0.091	0.01047
0.41	2.46	0.069	0.00825
0.42	2.3867	0.031	0.01314
0.43	2.3133	0.0263	0.01548
0.44	2.24	0.0217	0.01452
0.45	2.72	0.017	0.01334
0.46	3.01	0.022	0.01265
0.47	3.05	0.027	0.01223
0.48	3.12	0.032	0.01236
0.49	3.12	0.036	0.01166
0.5	2.97	0.035	0.00923
0.51	3.4167	0.032	0.00942
0.52	3.8633	0.015	0.01192
0.53	4.31	0.012	0.01495
0.54	4.18	0.008	0.01724
0.55	4.46	0.004	0.02092
0.56	4.67	-0.018	0.01862
0.57	4.71	-0.017	0.01365
0.58	4.89	-0.016	0.01058
0.59	4.87	-0.018	0.00846
0.6	4.58	-0.015	0.00544
0.61	3.47	0.014	0.0032
0.62	3.23	0.0183	0.00216
0.63	3.0767	0.0227	0.00122
0.64	2.9233	0.027	0.00116
0.65	2.77	0.034	0.00112
0.66	1.34	0.091	0.01588
0.67	1.17	0.108	0.02368
0.68	1	0.112	0.02318
0.69	0.99	0.109	0.02217
0.7	0.98	0.103	0.02123
0.71	0.97	0.101	0.02056
0.72	1	0.1	0.02006
0.73	0.98	0.101	0.01945
0.74	0.95	0.106	0.01831
0.75	0.89	0.104	0.0171
0.76	0.8833	0.102	0.01524
0.77	0.8767	0.111	0.01335
0.78	0.87	0.118	0.01234
0.79	1.19	0.138	0.01476
0.8	1.18	0.133	0.01492
0.81	2.99	0.048	0.01833
0.82	3.99	0.0387	0.01932
0.83	6.51	0.0293	0.02101
0.84	7.92	0.0292	0.02212
0.85	8.61	0.0291	0.02256
0.86	8.29	0.029	0.02141
0.87	9.22	0.035	0.02084
0.88	9.78	0.038	0.01654
0.89	9.77	0.039	0.02094
0.9	8.94	0.062	0.02127
0.91	7.9	0.077	0.0157
0.92	8.02	0.079	0.01254
0.93	7.4	0.055	0.01083
0.94	6.35	0.061	0.00986
0.95	5.2	0.067	0.01028
0.96	2.8	0.073	0.00953
0.97	2.4	0.111	0.00821
0.98	2.38	0.12	0.01264
0.99	2.36	0.129	0.01394
1	2.34	0.136	0.01364
1.01	2.45	0.132	0.01302
1.02	2.53	0.128	0.0125
1.03	2.57	0.125	0.01202
1.04	2.58	0.12	0.01156
1.05	2.54	0.11	0.01109
1.06	2.52	0.107	0.01102
1.07	2.48	0.106	0.01091
1.08	2.45	0.101	0.01061
1.09	2.52	0.082	0.00969
1.1	2.57	0.074	0.00919
1.11	2.76	0.033	0.00702
1.12	2.61	0.032	0.0062
1.13	2.5767	0.032	0.00502
1.14	2.5433	0.032	0.00497
1.15	2.51	0.032	0.00509
1.16	2.63	0.02	0.00508
1.17	2.75	0.02	0.00538
1.18	2.87	0.019	0.00576
1.19	3.06	0.018	0.00588
1.2	3.26	0.018	0.00597
1.21	3.42	0.015	0.00598
1.22	3.57	0.013	0.00601
1.23	3.7	0.012	0.00602
1.24	3.82	0.012	0.00603
1.25	3.94	0.012	0.00602
1.26	4.05	0.012	0.00604
1.27	4.15	0.012	0.00604
1.28	4.24	0.012	0.00609
1.29	4.33	0.012	0.00608
1.3	4.42	0.012	0.0061
1.31	4.52	0.0127	0.00614
1.32	4.62	0.0133	0.00619
1.33	4.72	0.014	0.00626
1.34	4.81	0.014	0.00631
1.35	4.87	0.0157	0.00633
1.36	4.96	0.0173	0.00632
1.37	5.04	0.019	0.00631
1.38	5.12	0.021	0.00638
1.39	5.17	0.021	0.00648
1.4	5.21	0.023	0.00658
1.41	5.27	0.025	0.0066
1.42	5.36	0.031	0.00654
1.43	5.46	0.032	0.00652
1.44	5.54	0.032	0.00655
1.45	5.61	0.032	0.00661
1.46	5.67	0.032	0.00665
1.47	5.7	0.033	0.0067
1.48	5.72	0.034	0.00673
1.49	5.75	0.034	0.00675
1.5	5.79	0.033	0.00679
1.51	5.85	0.033	0.00686
1.52	5.89	0.033	0.0069
1.53	5.87	0.033	0.0069
1.54	5.81	0.035	0.00685
1.55	5.78	0.035	0.00684
1.56	5.73	0.035	0.00684
1.57	5.7	0.036	0.00683
1.58	5.7	0.035	0.00684
1.59	5.72	0.036	0.00687
1.6	5.76	0.0363	0.00688
1.61	5.82	0.0367	0.00689
1.62	5.91	0.037	0.00692
1.63	6	0.037	0.00698
1.64	6.12	0.036	0.00701
1.65	6.26	0.032	0.00707
1.66	6.4	0.032	0.00712
1.67	6.54	0.031	0.00714
1.68	6.71	0.033	0.00717
1.69	6.87	0.034	0.00722
1.7	7.03	0.034	0.00728
1.71	7.19	0.034	0.00736
1.72	7.36	0.034	0.00743
1.73	7.5	0.035	0.00749
1.74	7.6	0.036	0.00758
1.75	7.69	0.039	0.00767
1.76	7.73	0.041	0.00769
1.77	7.78	0.045	0.00767
1.78	7.82	0.048	0.00767
1.79	7.83	0.05	0.00766
1.8	7.81	0.052	0.00765
1.81	7.79	0.054	0.00763
1.82	7.76	0.055	0.0076
1.83	7.74	0.057	0.00755
1.84	7.72	0.059	0.00752
1.85	7.68	0.061	0.00751
1.86	7.65	0.063	0.00745
1.87	7.67	0.064	0.00744
1.88	7.73	0.064	0.00745
1.89	7.83	0.063	0.0075
1.9	7.97	0.062	0.00756
1.91	8.14	0.061	0.00767
1.92	8.32	0.06	0.00779
1.93	8.52	0.059	0.00792
1.94	8.72	0.057	0.00807
1.95	8.96	0.055	0.0082
1.96	9.02	0.054	0.00824
1.97	9.08	0.053	0.00829
1.98	9.16	0.052	0.00833
1.99	9.2	0.051	0.00836
2	9.2	0.052	0.00838
2.01	9.19	0.054	0.00839
2.02	9.23	0.057	0.00843
2.03	9.29	0.058	0.00847
2.04	9.36	0.059	0.00852
2.05	9.39	0.059	0.00853
2.06	9.44	0.059	0.00858
2.07	9.4	0.06	0.00859
2.08	9.34	0.06	0.00855
2.09	9.3	0.061	0.00852
2.1	9.27	0.061	0.0085
2.11	9.3	0.062	0.00848
2.12	9.33	0.061	0.00851
2.13	9.37	0.06	0.00852
2.14	9.37	0.059	0.00857
2.15	9.2567	0.0537	0.00941
2.16	9.1433	0.0483	0.00928
2.17	9.03	0.0469	0.00913
2.18	9	0.0454	0.00905
2.19	8.99	0.044	0.00897
2.2	8.98	0.045	0.00886
2.21	8.96	0.047	0.00869
2.22	8.95	0.048	0.00863
2.23	8.93	0.049	0.00857
2.24	8.88	0.049	0.00853
2.25	8.8	0.05	0.00849
2.26	8.71	0.051	0.00843
2.27	8.64	0.051	0.00834
2.28	8.62	0.053	0.00829
2.29	8.62	0.053	0.00831
2.3	8.7	0.054	0.00832
2.31	8.79	0.054	0.0084
2.32	8.95	0.054	0.00847
2.33	9.13	0.054	0.00849
2.34	9.29	0.054	0.00859
2.35	9.47	0.053	0.00868
2.36	9.72	0.053	0.00878
2.37	10	0.052	0.00897
2.38	10.28	0.052	0.0092
2.39	10.54	0.051	0.00941
2.4	10.72	0.051	0.00958
2.41	10.85	0.05	0.00967
2.42	11	0.051	0.00971
2.43	11.1	0.051	0.0098
2.44	11.21	0.051	0.00989
2.45	11.33	0.052	0.01
2.46	11.45	0.053	0.01015
2.47	11.58	0.054	0.01031
2.48	11.68	0.055	0.01046
2.49	11.7	0.056	0.01054
2.5	11.61	0.057	0.01052
2.51	11.5	0.059	0.01047
2.52	11.4	0.06	0.01044
2.53	11.32	0.062	0.01042
2.54	11.27	0.064	0.01049
2.55	11.3	0.065	0.01055
2.56	11.33	0.066	0.01062
2.57	11.35	0.066	0.01067
2.58	11.35	0.066	0.01069
2.59	11.34	0.065	0.01071
2.6	11.35	0.064	0.01073
2.61	11.36	0.064	0.01078
2.62	11.38	0.063	0.01083
2.63	11.42	0.063	0.01086
2.64	11.43	0.062	0.01088
2.65	11.39	0.063	0.01085
2.66	11.3	0.064	0.0108
2.67	11.16	0.063	0.01073
2.68	10.98	0.063	0.01063
2.69	10.82	0.063	0.01049
2.7	10.68	0.065	0.01042
2.71	10.61	0.066	0.01043
2.72	10.56	0.067	0.0105
2.73	10.55	0.068	0.01058
2.74	10.49	0.069	0.01068
2.75	10.44	0.068	0.01072
2.76	10.35	0.068	0.01072
2.77	10.2	0.069	0.01067
2.78	9.96	0.069	0.01057
2.79	9.66	0.069	0.01038
2.8	9.36	0.068	0.01018
2.81	9.05	0.068	0.00996
2.82	8.77	0.068	0.0097
2.83	8.58	0.067	0.00961
2.84	8.48	0.066	0.00952
2.85	8.44	0.066	0.00956
2.86	8.48	0.066	0.00964
2.87	8.58	0.065	0.0097
2.88	8.73	0.064	0.00994
2.89	8.88	0.062	0.00999
2.9	9.02	0.06	0.01012
2.91	9.1	0.059	0.01022
2.92	9.05	0.056	0.01028
2.93	8.89	0.055	0.01024
2.94	8.67	0.054	0.01012
2.95	8.45	0.054	0.01005
2.96	8.27	0.054	0.01002
2.97	8.14	0.054	0.00998
2.98	8.05	0.054	0.00995
2.99	8	0.054	0.00996
3	8	0.055	0.01003
3.01	8.05	0.055	0.01014
3.02	8.2	0.054	0.01027
3.03	8.27	0.054	0.01033
3.04	8.47	0.054	0.01049
3.05	8.9	0.054	0.01082
3.06	9.06	0.054	0.01092
3.07	9.59	0.054	0.01141
3.08	9.89	0.053	0.01166
3.09	10.11	0.052	0.01183
3.1	10.36	0.048	0.01215
3.11	10.51	0.046	0.01238
3.12	10.65	0.045	0.01255
3.13	10.77	0.045	0.01273
3.14	10.91	0.046	0.01291
3.15	11.02	0.0463	0.01178
3.16	11.13	0.0467	0.01213
3.17	11.24	0.047	0.01229
3.18	11.43	0.049	0.01242
3.19	11.61	0.051	0.01255
3.2	11.78	0.053	0.01269
3.21	11.95	0.055	0.01283
3.22	12.12	0.057	0.01297
3.23	12.27	0.058	0.01312
3.24	12.39	0.06	0.01325
3.25	12.51	0.061	0.01337
3.26	12.62	0.061	0.01348
3.27	12.74	0.061	0.01357
3.28	12.83	0.062	0.01367
3.29	12.91	0.062	0.01376
3.3	12.95	0.063	0.01385
3.31	12.95	0.064	0.01392
3.32	12.96	0.064	0.01397
3.33	12.96	0.065	0.01403
3.34	12.94	0.066	0.0141
3.35	12.93	0.067	0.01413
3.36	12.92	0.068	0.01418
3.37	12.91	0.069	0.01421
3.38	12.9	0.069	0.01428
3.39	12.91	0.07	0.01434
3.4	12.91	0.07	0.01446
3.41	12.86	0.069	0.0145
3.42	12.79	0.069	0.01453
3.43	12.68	0.069	0.01452
3.44	12.56	0.069	0.01452
3.45	12.45	0.069	0.01453
3.46	12.39	0.07	0.01456
3.47	12.37	0.07	0.01461
3.48	12.38	0.07	0.01471
3.49	12.39	0.07	0.01475
3.5	12.39	0.07	0.01484
3.51	12.41	0.07	0.01496
3.52	12.44	0.07	0.0151
3.53	12.46	0.069	0.01523
3.54	12.51	0.069	0.01533
3.55	12.54	0.069	0.01544
3.56	12.55	0.068	0.01554
3.57	12.52	0.067	0.01563
3.58	12.46	0.067	0.01567
3.59	12.42	0.066	0.01571
3.6	12.38	0.065	0.01576
3.61	12.33	0.065	0.01583
3.62	12.25	0.065	0.01587
3.63	12.17	0.065	0.01589
3.64	12.05	0.065	0.01587
3.65	11.97	0.065	0.01586
3.66	11.91	0.065	0.01589
3.67	11.89	0.065	0.01598
3.68	11.88	0.065	0.01605
3.69	11.88	0.065	0.01614
3.7	11.86	0.065	0.01618
3.71	11.82	0.065	0.01624
3.72	11.79	0.065	0.01633
3.73	11.78	0.064	0.0164
3.74	11.77	0.064	0.01649
3.75	11.78	0.063	0.0166
3.76	11.77	0.062	0.01669
3.77	11.78	0.062	0.01678
3.78	11.76	0.062	0.01684
3.79	11.69	0.061	0.01692
3.8	11.59	0.062	0.01696
3.81	11.45	0.062	0.01696
3.82	11.3	0.063	0.01697
3.83	11.14	0.063	0.01694
3.84	10.98	0.063	0.01689
3.85	10.81	0.064	0.01683
3.86	10.68	0.064	0.01678
3.87	10.57	0.064	0.01676
3.88	10.51	0.063	0.01679
3.89	10.46	0.063	0.01679
3.9	10.43	0.062	0.01683
3.91	10.37	0.062	0.01686
3.92	10.3	0.061	0.01686
3.93	10.22	0.061	0.01687
3.94	10.13	0.061	0.01687
3.95	10.04	0.06	0.01696
3.96	9.98	0.059	0.01699
3.97	9.93	0.058	0.017
3.98	9.91	0.057	0.01707
3.99	9.88	0.056	0.01718
4	9.85	0.056	0.01732
4.01	9.84	0.056	0.01739
4.02	9.86	0.055	0.01742
4.03	9.88	0.055	0.01752
4.04	9.9	0.055	0.01758
4.05	9.89	0.055	0.01766
4.06	9.89	0.055	0.01773
4.07	9.88	0.054	0.01785
4.08	9.87	0.054	0.01795
4.09	9.9	0.053	0.01808
4.1	9.95	0.051	0.01816
4.11	10.04	0.05	0.01819
4.12	10.19	0.049	0.01829
4.13	10.33	0.049	0.01842
4.14	9.85	0.0477	0.01801
4.15	10.4	0.0463	0.0201
4.16	10.79	0.045	0.02024
4.17	11.06	0.045	0.02039
4.18	11.31	0.045	0.02054
4.19	11.58	0.045	0.02076
4.2	11.83	0.046	0.02098
4.21	12.02	0.047	0.02118
4.22	12.15	0.049	0.02132
4.23	12.27	0.05	0.0214
4.24	12.43	0.051	0.02154
4.25	12.48	0.052	0.02159
4.26	12.57	0.053	0.02167
4.27	12.65	0.053	0.02177
4.28	12.72	0.055	0.02185
4.29	12.83	0.057	0.02201
4.3	12.93	0.058	0.02216
4.31	13.1	0.059	0.02245
4.32	13.22	0.06	0.02259
4.33	13.36	0.061	0.0228
4.34	13.49	0.062	0.02297
4.35	13.6	0.062	0.02316
4.36	13.72	0.062	0.02335
4.37	13.78	0.062	0.02348
4.38	13.8	0.063	0.02355
4.39	13.8	0.063	0.02362
4.4	13.79	0.063	0.02366
4.41	13.81	0.064	0.02375
4.42	13.87	0.065	0.02387
4.43	13.94	0.065	0.02403
4.44	13.99	0.066	0.02417
4.45	13.97	0.067	0.02424
4.46	13.88	0.068	0.02424
4.47	13.74	0.069	0.02424
4.48	13.6	0.069	0.02415
4.49	13.5	0.07	0.02415
4.5	13.44	0.07	0.02419
4.51	13.39	0.071	0.02422
4.52	13.37	0.071	0.02428
4.53	13.35	0.071	0.02436
4.54	13.38	0.071	0.02444
4.55	13.47	0.07	0.02458
4.56	13.59	0.07	0.02479
4.57	13.75	0.07	0.025
4.58	13.96	0.07	0.02525
4.59	14.16	0.07	0.02551
4.6	14.34	0.069	0.02573
4.61	14.44	0.069	0.02592
4.62	14.47	0.069	0.02604
4.63	14.47	0.069	0.02613
4.64	14.47	0.068	0.02623
4.65	14.47	0.069	0.02631
4.66	14.47	0.069	0.0264
4.67	14.46	0.069	0.02646
4.68	14.43	0.07	0.0265
4.69	14.43	0.07	0.02656
4.7	14.41	0.07	0.02666
4.71	14.39	0.07	0.02672
4.72	14.35	0.071	0.02678
4.73	14.28	0.071	0.02674
4.74	14.16	0.071	0.02674
4.75	14	0.072	0.02667
4.76	13.79	0.074	0.02651
4.77	13.58	0.076	0.02639
4.78	13.42	0.076	0.02628
4.79	13.28	0.076	0.02621
4.8	13.18	0.075	0.02623
4.81	13.12	0.075	0.02631
4.82	13.11	0.075	0.02644
4.83	13.15	0.074	0.02656
4.84	13.21	0.073	0.02671
4.85	13.24	0.073	0.02686
4.86	13.26	0.073	0.02695
4.87	13.26	0.073	0.02701
4.88	13.27	0.072	0.0271
4.89	13.26	0.071	0.02719
4.9	13.22	0.07	0.02729
4.91	13.17	0.069	0.02735
4.92	13.1	0.068	0.02737
4.93	13	0.068	0.02735
4.94	12.88	0.067	0.02735
4.95	12.76	0.067	0.02737
4.96	12.69	0.067	0.02741
4.97	12.67	0.068	0.0275
4.98	12.69	0.068	0.02762
4.99	12.73	0.069	0.02776
5	12.76	0.069	0.02789
5.01	12.8	0.068	0.02802
5.02	12.83	0.068	0.02812
5.03	12.85	0.068	0.02823
5.04	12.86	0.068	0.0283
5.05	12.85	0.068	0.02837
5.06	12.81	0.068	0.02849
5.07	12.76	0.068	0.02863
5.08	12.67	0.068	0.02868
5.09	12.57	0.068	0.02865
5.1	12.45	0.068	0.02864
5.11	12.34	0.068	0.02863
5.12	12.23	0.069	0.02858
5.13	12.15	0.071	0.02865
5.14	12.14	0.071	0.02876
5.15	12.1633	0.0677	0.0269
5.16	12.1867	0.0643	0.02728
5.17	12.21	0.061	0.02756
5.18	12.2	0.061	0.02769
5.19	12.1	0.06	0.02776
5.2	12.05	0.06	0.02779
5.21	12.06	0.059	0.02786
5.22	12.11	0.059	0.02798
5.23	12.19	0.058	0.02808
5.24	12.31	0.057	0.0282
5.25	12.36	0.057	0.02824
5.26	12.34	0.057	0.02827
5.27	12.27	0.056	0.02826
5.28	12.2	0.057	0.02826
5.29	12.13	0.057	0.02828
5.3	12.11	0.057	0.02828
5.31	12.13	0.057	0.02836
5.32	12.16	0.058	0.02848
5.33	12.19	0.058	0.02859
5.34	12.24	0.058	0.02873
5.35	12.33	0.058	0.02888
5.36	12.49	0.056	0.02898
5.37	12.67	0.057	0.02892
5.38	12.83	0.057	0.02887
5.39	12.93	0.057	0.02893
5.4	13.02	0.056	0.02907
5.41	13.07	0.056	0.02923
5.42	13.11	0.055	0.02937
5.43	13.13	0.055	0.02953
5.44	13.18	0.055	0.02968
5.45	13.25	0.054	0.02975
5.46	13.33	0.053	0.02994
5.47	13.36	0.053	0.03005
5.48	13.35	0.054	0.03015
5.49	13.34	0.055	0.03023
5.5	13.35	0.057	0.03032
5.51	13.42	0.059	0.03048
5.52	13.49	0.062	0.03065
5.53	13.68	0.064	0.03092
5.54	13.84	0.064	0.03116
5.55	13.97	0.064	0.03138
5.56	14.06	0.064	0.03154
5.57	14.15	0.063	0.03175
5.58	14.22	0.062	0.03196
5.59	14.3	0.06	0.03214
5.6	14.38	0.058	0.03227
5.61	14.5	0.056	0.03243
5.62	14.64	0.055	0.03266
5.63	14.78	0.054	0.03294
5.64	14.93	0.054	0.03319
5.65	15.04	0.054	0.03344
5.66	15.14	0.053	0.03366
5.67	15.21	0.052	0.03381
5.68	15.23	0.051	0.03397
5.69	15.23	0.05	0.0341
5.7	15.19	0.05	0.03415
5.71	15.17	0.051	0.03421
5.72	15.16	0.052	0.03431
5.73	15.15	0.054	0.03442
5.74	15.2	0.055	0.03461
5.75	15.26	0.056	0.0348
5.76	15.34	0.057	0.03505
5.77	15.4	0.058	0.03527
5.78	15.43	0.059	0.03546
5.79	15.44	0.06	0.03565
5.8	15.46	0.061	0.03581
5.81	15.47	0.06	0.036
5.82	15.47	0.059	0.03617
5.83	15.5	0.057	0.03626
5.84	15.51	0.057	0.03637
5.85	15.52	0.058	0.0365
5.86	15.52	0.058	0.03664
5.87	15.52	0.059	0.03672
5.88	15.53	0.06	0.03683
5.89	15.55	0.061	0.03691
5.9	15.59	0.062	0.03709
5.91	15.64	0.064	0.03724
5.92	15.68	0.065	0.03742
5.93	15.72	0.066	0.03759
5.94	15.77	0.068	0.03776
5.95	15.81	0.069	0.03792
5.96	15.86	0.07	0.0381
5.97	15.95	0.071	0.03832
5.98	16.02	0.072	0.03849
5.99	16.08	0.073	0.03869
6	16.11	0.073	0.0389
6.01	16.14	0.074	0.03906
6.02	16.16	0.075	0.03919
6.03	16.19	0.076	0.03931
6.04	16.19	0.077	0.03939
6.05	16.17	0.078	0.03946
6.06	16.16	0.079	0.03949
6.07	16.07	0.078	0.03954
6.08	16.03	0.077	0.03955
6.09	15.98	0.075	0.03955
6.1	15.91	0.073	0.0395
6.11	15.78	0.071	0.03948
6.12	15.68	0.07	0.03946
6.13	15.55	0.071	0.03942
6.14	15.3233	0.0717	0.03457
6.15	15.0967	0.0723	0.03509
6.16	14.87	0.073	0.03568
6.17	15	0.073	0.03587
6.18	15.11	0.073	0.03596
6.19	15.47	0.077	0.0362
6.2	16.29	0.087	0.03689
6.21	16.57	0.089	0.03711
6.22	17.07	0.091	0.03751
6.23	17.56	0.088	0.03817
6.24	17.75	0.086	0.03843
6.25	17.83	0.084	0.03851
6.26	17.8	0.081	0.03847
6.27	17.66	0.078	0.03825
6.28	17.47	0.077	0.03804
6.29	17.32	0.077	0.03799
6.3	17.21	0.076	0.03788
6.31	17.1	0.075	0.03783
6.32	16.97	0.075	0.03787
6.33	16.78	0.075	0.03782
6.34	16.56	0.076	0.03779
6.35	16.29	0.079	0.03781
6.36	16.07	0.079	0.0379
6.37	15.9	0.079	0.0381
6.38	15.81	0.079	0.03825
6.39	15.77	0.079	0.03851
6.4	15.75	0.079	0.03878
6.41	15.76	0.078	0.03908
6.42	15.79	0.078	0.03927
6.43	15.81	0.078	0.0395
6.44	15.83	0.078	0.03979
6.45	15.86	0.077	0.04004
6.46	15.87	0.077	0.04024
6.47	15.87	0.076	0.04038
6.48	15.84	0.075	0.04056
6.49	15.77	0.074	0.04072
6.5	15.65	0.074	0.0408
6.51	15.52	0.075	0.0409
6.52	15.39	0.076	0.04094
6.53	15.27	0.077	0.04098
6.54	15.16	0.078	0.04105
6.55	15.08	0.078	0.04114
6.56	15.03	0.078	0.04123
6.57	15.04	0.078	0.04141
6.58	15.12	0.077	0.04163
6.59	15.23	0.077	0.04189
6.6	15.33	0.076	0.04216
6.61	15.41	0.076	0.04238
6.62	15.46	0.075	0.04255
6.63	15.46	0.074	0.04272
6.64	15.45	0.074	0.04278
6.65	15.4	0.073	0.04285
6.66	15.3	0.071	0.0429
6.67	15.17	0.07	0.04291
6.68	15.04	0.069	0.04293
6.69	14.9	0.069	0.0429
6.7	14.79	0.069	0.04288
6.71	14.68	0.07	0.04282
6.72	14.59	0.07	0.04282
6.73	14.46	0.071	0.04287
6.74	14.36	0.071	0.04292
6.75	14.26	0.071	0.04301
6.76	14.16	0.07	0.04306
6.77	14.06	0.069	0.04311
6.78	13.96	0.069	0.04315
6.79	13.87	0.069	0.04319
6.8	13.79	0.068	0.04315
6.81	13.73	0.068	0.0432
6.82	13.7	0.068	0.04334
6.83	13.7	0.069	0.04355
6.84	13.72	0.07	0.04381
6.85	13.77	0.071	0.04403
6.86	13.81	0.072	0.04419
6.87	13.86	0.072	0.04435
6.88	13.92	0.072	0.0445
6.89	13.99	0.072	0.04469
6.9	14.07	0.073	0.0449
6.91	14.17	0.073	0.04509
6.92	14.29	0.072	0.04532
6.93	14.4	0.072	0.04552
6.94	14.52	0.072	0.04571
6.95	14.66	0.072	0.04594
6.96	14.8	0.072	0.04623
6.97	14.93	0.071	0.0465
6.98	15.07	0.07	0.04676
6.99	15.19	0.07	0.04696
7	15.3	0.069	0.04714
7.01	15.39	0.068	0.04729
7.02	15.48	0.068	0.0475
7.03	15.54	0.069	0.04763
7.04	15.61	0.069	0.04784
7.05	15.61	0.07	0.04789
7.06	15.63	0.071	0.04793
7.07	15.64	0.071	0.04798
7.08	15.68	0.073	0.04812
7.09	15.72	0.073	0.0482
7.1	15.85	0.075	0.04846
7.11	15.96	0.075	0.04866
7.12	16.01	0.074	0.04877
7.13	16.05	0.073	0.04886
7.14	16.06	0.073	0.04897
7.15	15.31	0.0723	0.04503
7.16	15.96	0.0717	0.04543
7.17	16.23	0.071	0.04578
7.18	16.44	0.072	0.04618
7.19	16.63	0.073	0.04654
7.2	16.8	0.074	0.04694
7.21	16.95	0.074	0.04721
7.22	17.04	0.074	0.04746
7.23	17.11	0.075	0.0476
7.24	17.13	0.075	0.04771
7.25	17.12	0.076	0.04788
7.26	17.05	0.077	0.04788
7.27	16.95	0.078	0.04786
7.28	16.83	0.079	0.04777
7.29	16.67	0.08	0.04752
7.3	16.47	0.082	0.04718
7.31	16.23	0.085	0.04701
7.32	15.98	0.087	0.04685
7.33	15.87	0.088	0.04681
7.34	15.67	0.089	0.04671
7.35	15.5	0.089	0.0467
7.36	15.36	0.089	0.04667
7.37	15.28	0.09	0.04682
7.38	15.28	0.089	0.04695
7.39	15.32	0.089	0.04726
7.4	15.45	0.087	0.04761
7.41	15.62	0.086	0.04792
7.42	15.77	0.085	0.04821
7.43	15.87	0.083	0.04851
7.44	15.95	0.081	0.04876
7.45	15.99	0.08	0.04899
7.46	16.02	0.079	0.04915
7.47	16.02	0.078	0.04939
7.48	16.03	0.077	0.04948
7.49	16.03	0.078	0.04951
7.5	15.97	0.078	0.04956
7.51	15.9	0.078	0.04958
7.52	15.82	0.078	0.0496
7.53	15.73	0.079	0.04957
7.54	15.62	0.079	0.04953
7.55	15.52	0.08	0.04949
7.56	15.42	0.08	0.04953
7.57	15.34	0.081	0.04951
7.58	15.26	0.082	0.04944
7.59	15.24	0.083	0.04953
7.6	15.31	0.084	0.04972
7.61	15.42	0.084	0.05002
7.62	15.5	0.084	0.05019
7.63	15.67	0.084	0.05059
7.64	15.81	0.084	0.051
7.65	15.95	0.084	0.0514
7.66	16.08	0.084	0.05179
7.67	16.21	0.083	0.05219
7.68	16.35	0.083	0.05252
7.69	16.47	0.082	0.05281
7.7	16.58	0.082	0.05306
7.71	16.65	0.082	0.05328
7.72	16.73	0.081	0.05348
7.73	16.77	0.081	0.05365
7.74	16.81	0.081	0.05378
7.75	16.81	0.081	0.05388
7.76	16.78	0.081	0.05395
7.77	16.7	0.081	0.0539
7.78	16.61	0.081	0.05387
7.79	16.57	0.081	0.05393
7.8	16.57	0.082	0.05403
7.81	16.57	0.083	0.05412
7.82	16.55	0.083	0.05424
7.83	16.5	0.083	0.05428
7.84	16.46	0.083	0.0543
7.85	16.43	0.083	0.05429
7.86	16.42	0.084	0.05433
7.87	16.39	0.084	0.05439
7.88	16.36	0.084	0.0545
7.89	16.35	0.084	0.05459
7.9	16.37	0.084	0.0547
7.91	16.38	0.083	0.05487
7.92	16.38	0.083	0.05502
7.93	16.38	0.083	0.05513
7.94	16.35	0.083	0.05516
7.95	16.26	0.083	0.05513
7.96	16.16	0.082	0.05506
7.97	16.05	0.082	0.05497
7.98	15.9	0.082	0.05485
7.99	15.74	0.082	0.05477
8	15.57	0.082	0.05472
8.01	15.38	0.082	0.05462
8.02	15.18	0.082	0.05446
8.03	14.98	0.082	0.05432
8.04	14.81	0.081	0.05431
8.05	14.66	0.08	0.05422
8.06	14.53	0.08	0.05417
8.07	14.45	0.08	0.05408
8.08	14.27	0.08	0.05396
8.09	14.05	0.08	0.05385
8.1	13.8	0.08	0.05364
8.11	13.51	0.079	0.05353
8.12	13.24	0.078	0.05345
8.13	12.99	0.077	0.05325
8.14	12.7167	0.07	0.05209
8.15	12.4433	0.07	0.0526
8.16	12.17	0.069	0.05263
8.17	12.03	0.068	0.0525
8.18	11.86	0.067	0.05242
8.19	11.7	0.066	0.0523
8.2	11.58	0.065	0.05221
8.21	11.56	0.065	0.0523
8.22	11.67	0.064	0.05248
8.23	11.88	0.064	0.05271
8.24	12.18	0.064	0.05306
8.25	12.46	0.063	0.05336
8.26	12.65	0.061	0.05356
8.27	12.81	0.061	0.0537
8.28	12.92	0.06	0.05382
8.29	12.97	0.06	0.05384
8.3	12.96	0.06	0.05391
8.31	12.98	0.06	0.05418
8.32	12.97	0.06	0.05426
8.33	12.94	0.061	0.05429
8.34	12.88	0.061	0.05427
8.35	12.81	0.062	0.05425
8.36	12.79	0.063	0.05431
8.37	12.85	0.065	0.0544
8.38	12.95	0.067	0.05453
8.39	13.1	0.068	0.05477
8.4	13.23	0.069	0.05505
8.41	13.35	0.07	0.05527
8.42	13.45	0.07	0.0555
8.43	13.49	0.071	0.05562
8.44	13.51	0.072	0.05573
8.45	13.5	0.072	0.05579
8.46	13.41	0.072	0.05558
8.47	13.28	0.073	0.0553
8.48	13.13	0.074	0.05513
8.49	13.01	0.074	0.05503
8.5	12.95	0.074	0.05502
8.51	12.91	0.075	0.05505
8.52	12.9	0.075	0.0551
8.53	12.92	0.075	0.05521
8.54	12.97	0.076	0.0554
8.55	13.05	0.076	0.0556
8.56	13.13	0.075	0.05582
8.57	13.17	0.075	0.05596
8.58	13.24	0.075	0.0562
8.59	13.26	0.075	0.05628
8.6	13.33	0.075	0.05657
8.61	13.54	0.074	0.05714
8.62	13.81	0.074	0.0578
8.63	14.21	0.073	0.05866
8.64	14.7	0.073	0.05973
8.65	15.22	0.073	0.06077
8.66	15.66	0.072	0.0617
8.67	16	0.072	0.0625
8.68	16.27	0.072	0.06316
8.69	16.52	0.072	0.06385
8.7	16.78	0.072	0.06454
8.71	17.02	0.072	0.06518
8.72	17.25	0.072	0.06563
8.73	17.5	0.072	0.06623
8.74	17.79	0.073	0.06694
8.75	18.12	0.074	0.06762
8.76	18.36	0.074	0.06792
8.77	18.45	0.076	0.06808
8.78	18.51	0.078	0.06806
8.79	18.55	0.08	0.06806
8.8	18.65	0.08	0.0678
8.81	18.72	0.081	0.06755
8.82	18.77	0.082	0.06779
8.83	18.77	0.083	0.06802
8.84	18.69	0.084	0.06818
8.85	18.54	0.086	0.06781
8.86	18.35	0.09	0.06729
8.87	18.21	0.092	0.06677
8.88	18.11	0.094	0.06651
8.89	18.07	0.096	0.06636
8.9	18.13	0.098	0.06644
8.91	18.33	0.099	0.06678
8.92	18.54	0.1	0.067
8.93	18.74	0.1	0.06714
8.94	18.85	0.1	0.06734
8.95	18.99	0.1	0.06769
8.96	19.19	0.101	0.06808
8.97	19.26	0.1	0.06814
8.98	19.35	0.1	0.06818
8.99	19.39	0.099	0.06833
9	19.37	0.099	0.06856
9.01	19.4	0.099	0.06876
9.02	19.44	0.099	0.06907
9.03	19.46	0.1	0.06916
9.04	19.49	0.101	0.06937
9.05	19.52	0.101	0.0693
9.06	19.51	0.101	0.06927
9.07	19.49	0.102	0.0694
9.08	19.47	0.103	0.06944
9.09	19.4	0.102	0.06915
9.1	19.3	0.102	0.06905
9.11	19.18	0.103	0.06894
9.12	19.09	0.102	0.06896
9.13	18.9333	0.099	0.05941
9.14	18.7767	0.096	0.061
9.15	18.62	0.093	0.06123
9.16	18.69	0.092	0.06132
9.17	18.66	0.091	0.06132
9.18	18.57	0.09	0.06151
9.19	18.49	0.09	0.06163
9.2	18.32	0.089	0.06147
9.21	18.17	0.089	0.0613
9.22	18.03	0.088	0.06128
9.23	17.86	0.088	0.06104
9.24	17.68	0.088	0.0609
9.25	17.46	0.088	0.06059
9.26	17.23	0.088	0.06012
9.27	16.96	0.089	0.05976
9.28	16.65	0.09	0.05945
9.29	16.38	0.091	0.05908
9.3	16.07	0.092	0.05877
9.31	15.79	0.092	0.05866
9.32	15.56	0.092	0.05857
9.33	15.35	0.092	0.05853
9.34	15.13	0.091	0.05841
9.35	14.94	0.091	0.05838
9.36	14.75	0.091	0.05837
9.37	14.56	0.091	0.05836
9.38	14.39	0.089	0.05839
9.39	14.24	0.088	0.05826
9.4	14.07	0.087	0.0582
9.41	13.92	0.085	0.05821
9.42	13.8	0.083	0.05829
9.43	13.71	0.082	0.05842
9.44	13.68	0.081	0.05843
9.45	13.69	0.08	0.05864
9.46	13.78	0.08	0.05891
9.47	13.94	0.079	0.05927
9.48	14.13	0.078	0.05967
9.49	14.32	0.076	0.06003
9.5	14.49	0.074	0.06048
9.51	14.6	0.073	0.06095
9.52	14.67	0.071	0.06126
9.53	14.69	0.07	0.06164
9.54	14.69	0.07	0.06182
9.55	14.66	0.07	0.06192
9.56	14.56	0.07	0.06192
9.57	14.42	0.071	0.06191
9.58	14.15	0.072	0.06192
9.59	14.05	0.072	0.06188
9.6	13.79	0.071	0.06162
9.61	13.52	0.071	0.06134
9.62	13.19	0.071	0.06102
9.63	12.88	0.072	0.06072
9.64	12.59	0.073	0.06043
9.65	12.24	0.073	0.05992
9.66	12.14	0.073	0.05978
9.67	11.98	0.074	0.05958
9.68	11.9	0.074	0.05957
9.69	11.93	0.073	0.0597
9.7	11.99	0.072	0.05985
9.71	12.14	0.07	0.06003
9.72	12.32	0.068	0.06045
9.73	12.48	0.064	0.06058
9.74	12.53	0.062	0.06073
9.75	12.57	0.061	0.06087
9.76	12.53	0.06	0.06096
9.77	12.46	0.06	0.06096
9.78	12.37	0.061	0.06096
9.79	12.28	0.062	0.06085
9.8	12.2	0.063	0.06083
9.81	12.16	0.064	0.0609
9.82	12.14	0.065	0.06086
9.83	12.13	0.065	0.06098
9.84	12.14	0.065	0.06109
9.85	12.17	0.067	0.06116
9.86	12.22	0.068	0.06131
9.87	12.31	0.071	0.06149
9.88	12.47	0.072	0.06177
9.89	12.66	0.073	0.062
9.9	12.86	0.075	0.06226
9.91	13.01	0.076	0.06243
9.92	13.13	0.077	0.06267
9.93	13.22	0.077	0.06278
9.94	13.32	0.073	0.06281
9.95	13.39	0.07	0.06281
9.96	13.46	0.07	0.06292
9.97	13.55	0.072	0.06315
9.98	13.68	0.074	0.06349
9.99	13.9	0.075	0.0639
10	14.15	0.075	0.06439
10.01	14.38	0.077	0.06483
10.02	14.59	0.077	0.06511
10.03	14.73	0.077	0.06536
10.04	14.83	0.076	0.06543
10.05	14.85	0.075	0.06546
10.06	14.85	0.074	0.06558
10.07	14.88	0.074	0.06565
10.08	14.87	0.074	0.0658
10.09	14.89	0.075	0.06597
10.1	14.89	0.075	0.06601
10.11	14.88	0.076	0.06604
10.12	14.81	0.075	0.0659
10.13	14.6633	0.074	0.06095
10.14	14.5167	0.073	0.06572
10.15	14.37	0.072	0.06636
10.16	14.42	0.072	0.06658
10.17	14.43	0.072	0.06671
10.18	14.37	0.073	0.06679
10.19	14.26	0.073	0.06665
10.2	14.12	0.072	0.06651
10.21	13.99	0.072	0.06638
10.22	13.89	0.072	0.06642
10.23	13.83	0.071	0.06641
10.24	13.79	0.072	0.06646
10.25	13.74	0.072	0.06649
10.26	13.63	0.07	0.06661
10.27	13.63	0.07	0.06668
10.28	13.55	0.071	0.06678
10.29	13.44	0.071	0.0669
10.3	13.31	0.071	0.06699
10.31	13.17	0.07	0.06682
10.32	13.04	0.069	0.0666
10.33	12.89	0.068	0.06655
10.34	12.78	0.067	0.06654
10.35	12.67	0.066	0.06658
10.36	12.58	0.065	0.06667
10.37	12.53	0.065	0.06684
10.38	12.52	0.065	0.067
10.39	12.54	0.066	0.06721
10.4	12.56	0.066	0.06735
10.41	12.57	0.066	0.06748
10.42	12.59	0.065	0.06748
10.43	12.68	0.065	0.06759
10.44	12.84	0.064	0.06778
10.45	13.08	0.062	0.0683
10.46	13.29	0.061	0.06891
10.47	13.47	0.06	0.06938
10.48	13.57	0.06	0.06962
10.49	13.59	0.059	0.06979
10.5	13.58	0.058	0.06989
10.51	13.53	0.058	0.07
10.52	13.47	0.058	0.07004
10.53	13.4	0.059	0.07004
10.54	13.33	0.06	0.07006
10.55	13.26	0.063	0.07012
10.56	13.26	0.065	0.07014
10.57	13.26	0.068	0.07031
10.58	13.31	0.069	0.07055
10.59	13.4	0.07	0.0709
10.6	13.57	0.072	0.0714
10.61	13.83	0.073	0.07203
10.62	14.17	0.074	0.07287
10.63	14.63	0.075	0.07399
10.64	15.23	0.075	0.07545
10.65	15.9	0.074	0.07698
10.66	16.53	0.073	0.07835
10.67	17.02	0.073	0.07951
10.68	17.39	0.073	0.08049
10.69	17.69	0.073	0.08124
10.7	18.05	0.074	0.0821
10.71	18.14	0.074	0.08239
10.72	18.27	0.076	0.08274
10.73	18.38	0.077	0.08307
10.74	18.55	0.08	0.08339
10.75	18.63	0.081	0.08348
10.76	18.87	0.083	0.08402
10.77	19.03	0.085	0.08441
10.78	19.16	0.087	0.08477
10.79	19.24	0.088	0.08497
10.8	19.41	0.09	0.08538
10.81	19.66	0.092	0.08581
10.82	19.95	0.092	0.08635
10.83	20.27	0.093	0.08694
10.84	20.54	0.093	0.08743
10.85	20.78	0.094	0.088
10.86	21.05	0.095	0.08865
10.87	21.35	0.094	0.08905
10.88	21.62	0.093	0.08942
10.89	21.87	0.092	0.08987
10.9	22.07	0.093	0.09045
10.91	22.26	0.095	0.09114
10.92	22.37	0.095	0.09153
10.93	22.43	0.095	0.09177
10.94	22.42	0.095	0.09173
10.95	22.42	0.095	0.0917
10.96	22.38	0.096	0.0916
10.97	22.29	0.096	0.09156
10.98	22.23	0.097	0.0919
10.99	22.2	0.097	0.09206
11	22.08	0.095	0.09179
11.01	21.95	0.095	0.09182
11.02	21.72	0.094	0.09143
11.03	21.43	0.095	0.09092
11.04	21.15	0.095	0.09056
11.05	20.88	0.096	0.09015
11.06	20.75	0.096	0.08996
11.07	20.4	0.096	0.08928
11.08	20.02	0.096	0.08826
11.09	19.64	0.097	0.08733
11.1	19.17	0.099	0.08656
11.11	18.68	0.1	0.08566
11.12	18.14	0.1	0.08457
11.13	17.55	0.101	0.08361
11.14	16.7967	0.0983	0.08124
11.15	16.0433	0.0957	0.08253
11.16	15.29	0.093	0.08198
11.17	14.78	0.093	0.08133
11.18	14.33	0.092	0.08079
11.19	13.99	0.091	0.08039
11.2	13.71	0.091	0.07996
11.21	13.48	0.092	0.07959
11.22	13.27	0.094	0.07946
11.23	13.12	0.094	0.07939
11.24	13.01	0.093	0.07902
11.25	12.88	0.091	0.07844
11.26	12.81	0.09	0.07841
11.27	12.74	0.088	0.07859
11.28	12.68	0.088	0.07884
11.29	12.67	0.088	0.0791
11.3	12.71	0.087	0.07945
11.31	12.79	0.086	0.07954
11.32	12.97	0.086	0.07969
11.33	13.29	0.087	0.07968
11.34	13.75	0.09	0.07971
11.35	14.27	0.091	0.07993
11.36	14.8	0.09	0.08044
11.37	15.05	0.089	0.08065
11.38	15.47	0.088	0.08117
11.39	15.83	0.089	0.08154
11.4	16.15	0.089	0.08134
11.41	16.44	0.089	0.08141
11.42	16.78	0.09	0.08166
11.43	17.14	0.089	0.08194
11.44	17.56	0.09	0.08217
11.45	17.96	0.091	0.08209
11.46	18.36	0.092	0.08211
11.47	18.77	0.093	0.08204
11.48	19.24	0.094	0.08249
11.49	19.73	0.094	0.08313
11.5	20.16	0.094	0.08396
11.51	20.49	0.096	0.08476
11.52	20.71	0.097	0.08492
11.53	20.83	0.097	0.0851
11.54	20.78	0.097	0.08463
11.55	20.62	0.1	0.08417
11.56	20.47	0.103	0.08358
11.57	20.28	0.105	0.08308
11.58	20.12	0.107	0.08281
11.59	20.01	0.108	0.08265
11.6	19.88	0.111	0.08226
11.61	19.72	0.111	0.08185
11.62	19.65	0.114	0.08199
11.63	19.62	0.115	0.08204
11.64	19.7	0.115	0.08225
11.65	19.77	0.114	0.08249
11.66	19.81	0.114	0.08288
11.67	19.79	0.114	0.08302
11.68	19.7	0.113	0.08304
11.69	19.52	0.112	0.08259
11.7	19.23	0.111	0.08196
11.71	18.89	0.11	0.08117
11.72	18.52	0.11	0.0807
11.73	18.14	0.11	0.08009
11.74	17.79	0.109	0.07929
11.75	17.49	0.108	0.07857
11.76	17.23	0.108	0.07804
11.77	17.01	0.109	0.07778
11.78	16.95	0.109	0.07774
11.79	16.79	0.109	0.07753
11.8	16.64	0.109	0.07744
11.81	16.5	0.11	0.07745
11.82	16.39	0.109	0.07732
11.83	16.3	0.109	0.07733
11.84	16.28	0.108	0.07753
11.85	16.24	0.106	0.07777
11.86	16.2	0.106	0.07785
11.87	16.12	0.105	0.07795
11.88	16.06	0.105	0.07809
11.89	15.98	0.104	0.07798
11.9	15.91	0.105	0.07798
11.91	15.87	0.104	0.07812
11.92	15.83	0.103	0.07812
11.93	15.81	0.103	0.07825
11.94	15.81	0.102	0.0782
11.95	15.82	0.101	0.07832
11.96	15.82	0.1	0.07867
11.97	15.83	0.099	0.07897
11.98	15.91	0.099	0.07934
11.99	16	0.099	0.07957
12	16.09	0.098	0.07995
12.01	16.2	0.097	0.08006
12.02	16.3	0.097	0.08032
12.03	16.37	0.097	0.0806
12.04	16.44	0.097	0.08095
12.05	16.52	0.096	0.08099
12.06	16.63	0.095	0.08133
12.07	16.74	0.095	0.08144
12.08	16.83	0.097	0.0816
12.09	16.93	0.099	0.08191
12.1	16.97	0.101	0.08224
12.11	17.1	0.102	0.08279
12.12	17.23	0.103	0.08295
12.13	17.4	0.104	0.08358
12.14	17.87	0.093	0.09366
12.15	18.44	0.092	0.09409
12.16	18.9	0.091	0.09426
12.17	19.25	0.091	0.0937
12.18	19.53	0.092	0.09317
12.19	19.71	0.092	0.09258
12.2	19.79	0.093	0.0919
12.21	19.81	0.094	0.09124
12.22	19.72	0.096	0.09105
12.23	19.6	0.097	0.09015
12.24	19.38	0.099	0.08953
12.25	19.14	0.102	0.08871
12.26	18.93	0.103	0.08785
12.27	18.76	0.105	0.08721
12.28	18.67	0.107	0.08696
12.29	18.69	0.109	0.08689
12.3	18.81	0.11	0.08717
12.31	18.92	0.11	0.08703
12.32	19.07	0.11	0.08724
12.33	19.2	0.11	0.08725
12.34	19.29	0.11	0.08712
12.35	19.29	0.11	0.08711
12.36	19.31	0.11	0.08736
12.37	19.29	0.11	0.08701
12.38	19.22	0.11	0.08701
12.39	19.18	0.111	0.08731
12.4	19.13	0.11	0.08701
12.41	19.01	0.111	0.08695
12.42	18.87	0.11	0.08661
12.43	18.71	0.11	0.0863
12.44	18.53	0.108	0.08593
12.45	18.28	0.108	0.08537
12.46	18.08	0.109	0.08492
12.47	17.87	0.108	0.08446
12.48	17.74	0.107	0.08406
12.49	17.61	0.106	0.08388
12.5	17.58	0.106	0.08414
12.51	17.61	0.106	0.08442
12.52	17.65	0.105	0.0848
12.53	17.69	0.104	0.08487
12.54	17.71	0.104	0.08493
12.55	17.72	0.104	0.0851
12.56	17.76	0.105	0.08534
12.57	17.82	0.105	0.08571
12.58	17.99	0.106	0.08644
12.59	18.08	0.106	0.08696
12.6	18.17	0.105	0.08757
12.61	18.22	0.104	0.08781
12.62	18.23	0.104	0.08791
12.63	18.2	0.103	0.08776
12.64	18	0.106	0.08731
12.65	17.87	0.109	0.08723
12.66	17.92	0.11	0.08741
12.67	17.91	0.11	0.08752
12.68	17.95	0.11	0.0875
12.69	18.03	0.11	0.08762
12.7	18.2	0.11	0.08782
12.71	18.41	0.109	0.0884
12.72	18.68	0.108	0.08937
12.73	18.89	0.107	0.09001
12.74	19.15	0.109	0.09067
12.75	19.39	0.111	0.09039
12.76	19.52	0.111	0.08795
12.77	19.56	0.115	0.08547
12.78	19.6	0.118	0.08353
12.79	19.64	0.12	0.0804
12.8	19.71	0.121	0.07802
12.81	19.9	0.119	0.07602
12.82	19.98	0.116	0.07591
12.83	20.28	0.11	0.07681
12.84	20.38	0.109	0.07724
12.85	20.65	0.109	0.078
12.86	20.92	0.109	0.0781
12.87	21.39	0.111	0.07923
12.88	21.71	0.112	0.07986
12.89	21.89	0.112	0.0802
12.9	22.3	0.114	0.08104
12.91	22.51	0.115	0.08158
12.92	22.71	0.116	0.08201
12.93	22.91	0.116	0.08241
12.94	23.02	0.116	0.08271
12.95	23.11	0.116	0.08324
12.96	23.21	0.117	0.08392
12.97	23.2	0.119	0.08441
12.98	23.12	0.118	0.08465
12.99	23.03	0.118	0.08472
13	22.85	0.117	0.08453
13.01	22.65	0.118	0.08416
13.02	22.5	0.119	0.08403
13.03	22.35	0.12	0.08399
13.04	22.35	0.122	0.08433
13.05	22.4	0.122	0.08459
13.06	22.43	0.122	0.08493
13.07	22.48	0.122	0.08532
13.08	22.52	0.122	0.08567
13.09	22.57	0.123	0.08629
13.1	22.62	0.123	0.08672
13.11	22.66	0.122	0.08681
13.12	22.65	0.122	0.087
13.13	22.64	0.122	0.08734
13.14	21.82	0.115	0.09677
13.15	22.36	0.115	0.09734
13.16	22.42	0.113	0.09715
13.17	22.42	0.113	0.09691
13.18	22.39	0.113	0.0966
13.19	22.43	0.114	0.09643
13.2	22.45	0.114	0.09603
13.21	22.5	0.115	0.09619
13.22	22.52	0.115	0.0958
13.23	22.57	0.114	0.09575
13.24	22.65	0.113	0.09585
13.25	22.65	0.112	0.09629
13.26	22.61	0.112	0.09653
13.27	22.58	0.113	0.09636
13.28	22.59	0.114	0.09664
13.29	22.65	0.114	0.09671
13.3	22.6	0.114	0.09656
13.31	22.55	0.114	0.0964
13.32	22.43	0.113	0.09618
13.33	22.37	0.114	0.09607
13.34	22.27	0.113	0.09569
13.35	22.28	0.115	0.09583
13.36	22.24	0.115	0.09591
13.37	22.18	0.115	0.09606
13.38	22.12	0.114	0.09604
13.39	22	0.112	0.09613
13.4	21.82	0.111	0.09605
13.41	21.59	0.113	0.09582
13.42	21.39	0.113	0.09536
13.43	21.2	0.113	0.09463
13.44	21.08	0.113	0.0945
13.45	21	0.112	0.09431
13.46	20.92	0.112	0.094
13.47	20.88	0.11	0.09393
13.48	20.88	0.109	0.09378
13.49	20.89	0.109	0.09382
13.5	20.95	0.108	0.09408
13.51	21.07	0.107	0.09492
13.52	21.15	0.107	0.09541
13.53	21.23	0.105	0.09591
13.54	21.27	0.104	0.09651
13.55	21.29	0.102	0.09683
13.56	21.21	0.099	0.09691
13.57	21.11	0.098	0.09693
13.58	20.97	0.096	0.09679
13.59	20.79	0.096	0.09677
13.6	20.63	0.096	0.09659
13.61	20.42	0.096	0.09653
13.62	20.18	0.097	0.09635
13.63	19.88	0.098	0.096
13.64	19.64	0.098	0.09556
13.65	19.34	0.097	0.09488
13.66	19.1	0.096	0.09454
13.67	18.85	0.096	0.09439
13.68	18.59	0.095	0.09424
13.69	18.38	0.095	0.09416
13.7	18.21	0.094	0.0939
13.71	18.04	0.093	0.09376
13.72	17.91	0.09	0.09383
13.73	17.8	0.089	0.09388
13.74	17.72	0.089	0.09405
13.75	17.64	0.089	0.09431
13.76	17.56	0.09	0.09453
13.77	17.49	0.091	0.09466
13.78	17.47	0.09	0.09474
13.79	17.44	0.09	0.09463
13.8	17.31	0.092	0.09437
13.81	17.27	0.093	0.09431
13.82	17.2	0.096	0.09431
13.83	17.17	0.097	0.09424
13.84	17.2	0.099	0.09468
13.85	17.3	0.099	0.09504
13.86	17.36	0.1	0.09524
13.87	17.43	0.101	0.09504
13.88	17.52	0.101	0.09519
13.89	17.5	0.101	0.09511
13.9	17.45	0.102	0.0951
13.91	17.42	0.101	0.09474
13.92	17.4	0.101	0.09464
13.93	17.48	0.101	0.09475
13.94	17.61	0.101	0.09499
13.95	17.73	0.102	0.09544
13.96	17.86	0.103	0.0956
13.97	17.93	0.104	0.09572
13.98	18.03	0.104	0.09605
13.99	18.12	0.103	0.09606
14	18.16	0.103	0.09611
14.01	18.11	0.106	0.09578
14.02	18.21	0.111	0.09653
14.03	18.54	0.112	0.09759
14.04	18.79	0.111	0.09783
14.05	19.05	0.111	0.09837
14.06	19.36	0.108	0.09892
14.07	19.68	0.108	0.09977
14.08	19.87	0.108	0.10036
14.09	20.26	0.107	0.10143
14.1	20.53	0.105	0.10207
14.11	20.68	0.105	0.10212
14.12	20.75	0.107	0.10222
14.13	20.35	0.105	0.11303
14.14	20.42	0.105	0.10842
14.15	20.24	0.106	0.10469
14.16	19.99	0.108	0.10304
14.17	19.72	0.107	0.10127
14.18	19.5	0.108	0.10033
14.19	19.32	0.109	0.09924
14.2	19.14	0.109	0.09849
14.21	18.93	0.111	0.09774
14.22	18.74	0.112	0.09731
14.23	18.54	0.112	0.09671
14.24	18.37	0.112	0.09624
14.25	18.25	0.11	0.09583
14.26	18.12	0.111	0.09538
14.27	18.01	0.11	0.09538
14.28	17.93	0.111	0.09541
14.29	17.86	0.111	0.09551
14.3	17.86	0.111	0.0956
14.31	17.83	0.111	0.09577
14.32	17.8	0.112	0.09612
14.33	17.71	0.111	0.09633
14.34	17.61	0.11	0.09651
14.35	17.54	0.109	0.09662
14.36	17.49	0.108	0.09687
14.37	17.51	0.108	0.09715
14.38	17.56	0.108	0.0973
14.39	17.67	0.109	0.09797
14.4	17.78	0.108	0.09855
14.41	17.86	0.109	0.09903
14.42	17.97	0.109	0.09953
14.43	18.06	0.11	0.1003
14.44	18.14	0.108	0.10069
14.45	18.15	0.106	0.101
14.46	18.14	0.106	0.10144
14.47	18.12	0.105	0.10161
14.48	18.06	0.105	0.1019
14.49	18.02	0.105	0.10196
14.5	17.98	0.105	0.10206
14.51	17.94	0.104	0.10224
14.52	17.9	0.104	0.10258
14.53	17.88	0.104	0.10293
14.54	17.85	0.104	0.10311
14.55	17.82	0.105	0.10325
14.56	17.8	0.105	0.10334
14.57	17.77	0.105	0.10339
14.58	17.75	0.105	0.10359
14.59	17.63	0.105	0.10347
14.6	17.54	0.105	0.10352
14.61	17.5	0.105	0.10355
14.62	17.36	0.105	0.10322
14.63	17.26	0.105	0.1031
14.64	17.18	0.105	0.10306
14.65	17.07	0.106	0.10296
14.66	17	0.107	0.10303
14.67	16.91	0.106	0.10296
14.68	16.87	0.107	0.10321
14.69	16.87	0.108	0.10353
14.7	16.89	0.109	0.10391
14.71	16.97	0.109	0.10457
14.72	17.01	0.108	0.10488
14.73	17.04	0.109	0.10505
14.74	17.03	0.108	0.10519
14.75	16.94	0.107	0.10541
14.76	16.83	0.107	0.10557
14.77	16.82	0.106	0.10582
14.78	16.81	0.105	0.10591
14.79	16.84	0.104	0.10618
14.8	16.95	0.102	0.10668
14.81	17.01	0.102	0.10691
14.82	17.11	0.103	0.10737
14.83	17.26	0.103	0.10808
14.84	17.42	0.103	0.10878
14.85	17.69	0.102	0.10964
14.86	17.92	0.103	0.11066
14.87	18.05	0.103	0.1112
14.88	18.26	0.104	0.11224
14.89	18.31	0.105	0.11253
14.9	18.25	0.105	0.11219
14.91	18.23	0.106	0.11216
14.92	18.18	0.106	0.1121
14.93	18.04	0.106	0.11177
14.94	17.88	0.107	0.11167
14.95	17.75	0.108	0.11125
14.96	17.68	0.108	0.11118
14.97	17.7	0.108	0.11144
14.98	17.77	0.108	0.11171
14.99	17.93	0.108	0.11246
15	18.01	0.108	0.11257
15.01	18.05	0.109	0.113
15.02	18.02	0.109	0.1129
15.03	17.92	0.109	0.11262
15.04	17.83	0.108	0.11228
15.05	17.72	0.107	0.1119
15.06	17.65	0.107	0.11182
15.07	17.58	0.107	0.11151
15.08	17.51	0.107	0.1114
15.09	17.41	0.107	0.11119
15.1	17.35	0.107	0.11127
15.11	17.38	0.107	0.1116
15.12	17.12	0.106	0.11085
15.13	16.6	0.106	0.12508
15.14	17.16	0.107	0.12512
15.15	17.15	0.106	0.12384
15.16	17.1	0.105	0.12212
15.17	17.06	0.105	0.12086
15.18	17.09	0.105	0.12007
15.19	17.2	0.105	0.11998
15.2	17.41	0.105	0.11992
15.21	17.74	0.104	0.12057
15.22	18.11	0.102	0.12108
15.23	18.39	0.102	0.12141
15.24	18.54	0.103	0.1215
15.25	18.64	0.103	0.12138
15.26	18.72	0.102	0.12064
15.27	18.69	0.102	0.11981
15.28	18.59	0.105	0.11886
15.29	18.41	0.106	0.11798
15.3	18.26	0.107	0.11746
15.31	18.15	0.107	0.11684
15.32	18.02	0.107	0.11631
15.33	17.88	0.109	0.11606
15.34	17.79	0.109	0.11552
15.35	17.69	0.109	0.11498
15.36	17.67	0.111	0.11498
15.37	17.64	0.111	0.11468
15.38	17.59	0.112	0.11475
15.39	17.57	0.111	0.11481
15.4	17.51	0.111	0.1148
15.41	17.51	0.111	0.11501
15.42	17.56	0.11	0.11525
15.43	17.64	0.109	0.11559
15.44	17.66	0.109	0.11582
15.45	17.74	0.109	0.11649
15.46	17.75	0.109	0.11677
15.47	17.72	0.108	0.11691
15.48	17.65	0.108	0.11674
15.49	17.63	0.107	0.11672
15.5	17.61	0.108	0.11688
15.51	17.59	0.108	0.11719
15.52	17.54	0.107	0.11699
15.53	17.47	0.107	0.11709
15.54	17.32	0.106	0.11669
15.55	17.16	0.106	0.1164
15.56	16.96	0.106	0.11552
15.57	16.76	0.106	0.11478
15.58	16.46	0.107	0.11316
15.59	16.05	0.108	0.11209
15.6	15.68	0.109	0.1112
15.61	15.29	0.108	0.11022
15.62	15.03	0.107	0.10988
15.63	14.81	0.106	0.10951
15.64	14.7	0.106	0.10959
15.65	14.66	0.106	0.1099
15.66	14.59	0.106	0.10997
15.67	14.48	0.106	0.1098
15.68	14.4	0.106	0.10971
15.69	14.35	0.105	0.11003
15.7	14.38	0.102	0.11067
15.71	14.54	0.1	0.11167
15.72	14.65	0.1	0.11228
15.73	14.9	0.099	0.11356
15.74	15.24	0.098	0.11516
15.75	15.61	0.097	0.11662
15.76	16.01	0.096	0.11813
15.77	16.41	0.096	0.11964
15.78	16.8	0.097	0.12104
15.79	17.18	0.097	0.12209
15.8	17.58	0.099	0.12334
15.81	17.9	0.1	0.1244
15.82	18.12	0.101	0.12504
15.83	18.23	0.103	0.12539
15.84	18.31	0.105	0.12537
15.85	18.3	0.107	0.12496
15.86	18.19	0.109	0.12446
15.87	18.08	0.112	0.12447
15.88	18.02	0.115	0.12418
15.89	18	0.116	0.12376
15.9	18.07	0.118	0.12391
15.91	18.29	0.12	0.12428
15.92	18.4	0.12	0.12455
15.93	18.68	0.122	0.12592
15.94	18.99	0.122	0.12702
15.95	19.32	0.122	0.12792
15.96	19.41	0.122	0.12829
15.97	19.42	0.122	0.12821
15.98	19.42	0.123	0.12818
15.99	19.24	0.121	0.12743
16	19.09	0.121	0.1267
16.01	18.95	0.12	0.12589
16.02	18.82	0.119	0.12537
16.03	18.68	0.12	0.12469
16.04	18.54	0.119	0.124
16.05	18.41	0.12	0.12374
16.06	18.31	0.119	0.12341
16.07	18.18	0.118	0.12279
16.08	18.12	0.117	0.12247
16.09	18.11	0.118	0.12245
16.1	18.09	0.117	0.12229
16.11	18.11	0.118	0.12247
16.12	18.08	0.118	0.12233
16.13	18.09	0.109	0.15491
16.14	18.1	0.108	0.15112
16.15	18.11	0.106	0.14715
16.16	18.21	0.105	0.14347
16.17	18.31	0.104	0.14087
16.18	18.37	0.102	0.13818
16.19	18.33	0.102	0.13654
16.2	18.25	0.102	0.13443
16.21	18.03	0.103	0.13283
16.22	17.78	0.103	0.12993
16.23	17.64	0.103	0.12871
16.24	17.44	0.104	0.12709
16.25	17.31	0.106	0.12584
16.26	17.26	0.107	0.12518
16.27	17.25	0.108	0.12464
16.28	17.23	0.109	0.12459
16.29	17.25	0.109	0.12465
16.3	17.25	0.108	0.12428
16.31	17.27	0.108	0.12414
16.32	17.25	0.108	0.12401
16.33	17.3	0.11	0.12428
16.34	17.4	0.11	0.12439
16.35	17.53	0.11	0.12491
16.36	17.72	0.109	0.12578
16.37	17.99	0.108	0.12702
16.38	18.27	0.106	0.12767
16.39	18.58	0.106	0.1292
16.4	18.87	0.105	0.13026
16.41	19.1	0.105	0.13099
16.42	19.31	0.106	0.1319
16.43	19.39	0.106	0.1318
16.44	19.39	0.106	0.13141
16.45	19.36	0.107	0.13123
16.46	19.28	0.109	0.13045
16.47	19.22	0.11	0.1298
16.48	19.16	0.111	0.12918
16.49	19.06	0.113	0.12864
16.5	19.01	0.115	0.12849
16.51	19	0.116	0.12845
16.52	18.98	0.117	0.12844
16.53	18.99	0.117	0.12825
16.54	19.03	0.118	0.12864
16.55	19.11	0.117	0.12899
16.56	19.08	0.117	0.1291
16.57	19.09	0.117	0.12939
16.58	19.04	0.116	0.12921
16.59	18.96	0.116	0.12879
16.6	18.9	0.116	0.12889
16.61	18.81	0.117	0.12856
16.62	18.62	0.117	0.12791
16.63	18.46	0.116	0.12766
16.64	18.29	0.116	0.12731
16.65	18.15	0.115	0.12705
16.66	18.09	0.115	0.1271
16.67	18.07	0.114	0.12708
16.68	18.07	0.114	0.12785
16.69	17.97	0.115	0.12792
16.7	17.81	0.114	0.1279
16.71	17.64	0.113	0.12716
16.72	17.45	0.112	0.12634
16.73	17.22	0.113	0.12592
16.74	16.96	0.114	0.12562
16.75	16.72	0.114	0.1252
16.76	16.61	0.114	0.12511
16.77	16.38	0.114	0.12476
16.78	16.22	0.114	0.12459
16.79	16.06	0.112	0.1242
16.8	15.9	0.111	0.12445
16.81	15.76	0.111	0.12432
16.82	15.59	0.112	0.12369
16.83	15.47	0.113	0.1237
16.84	15.43	0.112	0.12419
16.85	15.46	0.11	0.12493
16.86	15.55	0.108	0.12567
16.87	15.6	0.107	0.12632
16.88	15.6	0.106	0.12698
16.89	15.59	0.105	0.12745
16.9	15.59	0.104	0.12774
16.91	15.66	0.103	0.12832
16.92	15.77	0.102	0.1291
16.93	15.89	0.101	0.12964
16.94	15.98	0.101	0.13037
16.95	16.03	0.101	0.13111
16.96	16.03	0.1	0.13114
16.97	16.03	0.1	0.13136
16.98	16.01	0.1	0.13175
16.99	16.03	0.1	0.13231
17	16.1	0.1	0.13269
17.01	16.25	0.101	0.13337
17.02	16.3	0.102	0.13391
17.03	16.23	0.103	0.1339
17.04	16.14	0.104	0.13367
17.05	16.03	0.103	0.13321
17.06	15.9	0.104	0.13302
17.07	15.76	0.105	0.13276
17.08	15.62	0.105	0.13232
17.09	15.49	0.106	0.13218
17.1	15.4	0.107	0.13227
17.11	15.35	0.107	0.13231
17.12	15.32	0.107	0.13243
17.13	15.21	0.1033	0.15543
17.14	15.1	0.0997	0.15846
17.15	14.99	0.096	0.15391
17.16	14.89	0.094	0.14935
17.17	14.66	0.093	0.14629
17.18	14.42	0.092	0.14354
17.19	14.2	0.091	0.14112
17.2	14.07	0.09	0.13963
17.21	14.01	0.089	0.13915
17.22	14.07	0.089	0.13929
17.23	14.2	0.09	0.13973
17.24	14.46	0.09	0.14036
17.25	14.62	0.089	0.14037
17.26	14.66	0.088	0.13975
17.27	14.71	0.088	0.13914
17.28	14.7	0.088	0.13903
17.29	14.67	0.089	0.13882
17.3	14.69	0.09	0.13931
17.31	14.71	0.089	0.13933
17.32	14.81	0.089	0.13997
17.33	14.98	0.088	0.14055
17.34	15.07	0.088	0.14102
17.35	15.25	0.088	0.1417
17.36	15.32	0.088	0.14217
17.37	15.31	0.089	0.14276
17.38	15.3	0.088	0.14293
17.39	15.29	0.087	0.14224
17.4	15.26	0.087	0.14152
17.41	15.27	0.088	0.14165
17.42	15.24	0.087	0.1414
17.43	15.23	0.087	0.14204
17.44	15.21	0.087	0.14231
17.45	15.21	0.087	0.14272
17.46	15.24	0.088	0.14281
17.47	15.25	0.087	0.14245
17.48	15.26	0.088	0.14265
17.49	15.23	0.089	0.14238
17.5	15.21	0.09	0.1423
17.51	15.19	0.09	0.14238
17.52	15.22	0.09	0.14247
17.53	15.28	0.092	0.14296
17.54	15.3	0.092	0.14306
17.55	15.24	0.093	0.1432
17.56	15.14	0.093	0.14253
17.57	15.09	0.093	0.14255
17.58	15.08	0.094	0.14246
17.59	15.01	0.093	0.14218
17.6	14.91	0.094	0.14217
17.61	14.85	0.093	0.14208
17.62	14.74	0.093	0.14168
17.63	14.64	0.094	0.14153
17.64	14.58	0.093	0.14133
17.65	14.65	0.091	0.14146
17.66	14.79	0.091	0.14207
17.67	14.98	0.09	0.14297
17.68	15.14	0.09	0.14307
17.69	15.34	0.088	0.14279
17.7	15.49	0.086	0.14306
17.71	15.64	0.086	0.1446
17.72	15.74	0.085	0.14523
17.73	15.83	0.085	0.14618
17.74	15.92	0.085	0.14658
17.75	15.96	0.086	0.14655
17.76	16.07	0.087	0.14689
17.77	16.2	0.088	0.14691
17.78	16.41	0.091	0.14719
17.79	16.69	0.093	0.14781
17.8	16.91	0.094	0.14815
17.81	17.1	0.097	0.14845
17.82	17.14	0.098	0.14869
17.83	17.24	0.099	0.14883
17.84	17.33	0.101	0.14856
17.85	17.48	0.101	0.14818
17.86	17.67	0.102	0.14842
17.87	17.89	0.102	0.14971
17.88	18.05	0.103	0.15022
17.89	18.17	0.104	0.15002
17.9	18.22	0.103	0.14983
17.91	18.21	0.104	0.14947
17.92	18.21	0.104	0.14861
17.93	18.27	0.105	0.14807
17.94	18.34	0.105	0.14784
17.95	18.39	0.105	0.14773
17.96	18.51	0.105	0.14806
17.97	18.62	0.105	0.14807
17.98	18.68	0.105	0.14847
17.99	18.73	0.105	0.14805
18	18.75	0.105	0.14771
18.01	18.73	0.104	0.14721
18.02	18.7	0.104	0.14645
18.03	18.67	0.104	0.14594
18.04	18.69	0.104	0.14618
18.05	18.64	0.103	0.14555
18.06	18.54	0.103	0.14498
18.07	18.36	0.104	0.14392
18.08	18.13	0.102	0.14303
18.09	17.8	0.101	0.14129
18.1	17.46	0.102	0.13987
18.11	17.07	0.102	0.13836
18.12	16.98	0.102	0.13793
18.13	16.8733	0.1	0.16153
18.14	16.7667	0.098	0.16562
18.15	16.66	0.096	0.16204
18.16	16.81	0.095	0.1591
18.17	16.95	0.094	0.15658
18.18	17.07	0.093	0.1545
18.19	17.09	0.093	0.15267
18.2	17.06	0.091	0.15123
18.21	16.91	0.09	0.14987
18.22	16.71	0.09	0.14814
18.23	16.45	0.091	0.1463
18.24	16.22	0.09	0.14576
18.25	16.14	0.089	0.14512
18.26	16.19	0.089	0.14521
18.27	16.27	0.09	0.14567
18.28	16.37	0.09	0.14617
18.29	16.38	0.089	0.14633
18.3	16.37	0.09	0.14635
18.31	16.33	0.09	0.1462
18.32	16.27	0.091	0.14585
18.33	16.18	0.092	0.14565
18.34	16.1	0.092	0.14555
18.35	16.1	0.093	0.1458
18.36	16.12	0.093	0.14607
18.37	16.2	0.094	0.14675
18.38	16.3	0.094	0.14728
18.39	16.35	0.095	0.14765
18.4	16.59	0.096	0.14901
18.41	16.64	0.096	0.14934
18.42	16.73	0.096	0.14993
18.43	16.77	0.095	0.15025
18.44	16.79	0.095	0.15066
18.45	16.94	0.095	0.15197
18.46	17.04	0.095	0.1523
18.47	17.15	0.096	0.1531
18.48	17.26	0.097	0.15384
18.49	17.23	0.098	0.15359
18.5	17.19	0.099	0.15349
18.51	17.06	0.099	0.15319
18.52	16.87	0.099	0.15193
18.53	16.72	0.1	0.15143
18.54	16.62	0.1	0.15088
18.55	16.56	0.101	0.15072
18.56	16.5	0.102	0.15088
18.57	16.49	0.103	0.15137
18.58	16.53	0.102	0.15208
18.59	16.57	0.102	0.15256
18.6	16.73	0.1	0.15364
18.61	16.9	0.1	0.15464
18.62	17.09	0.101	0.15555
18.63	17.32	0.101	0.15715
18.64	17.5	0.101	0.15823
18.65	17.61	0.101	0.15905
18.66	17.74	0.101	0.15981
18.67	17.8	0.099	0.15979
18.68	17.87	0.1	0.16048
18.69	17.9	0.1	0.16069
18.7	17.9	0.101	0.16058
18.71	17.88	0.101	0.16043
18.72	17.88	0.101	0.16063
18.73	17.92	0.1	0.16024
18.74	18.03	0.1	0.16125
18.75	18.14	0.101	0.16147
18.76	18.23	0.102	0.16214
18.77	18.25	0.102	0.16223
18.78	18.29	0.103	0.16173
18.79	18.23	0.104	0.16168
18.8	18.13	0.104	0.16071
18.81	17.92	0.105	0.15994
18.82	17.79	0.105	0.1596
18.83	17.68	0.102	0.15786
18.84	17.56	0.102	0.1572
18.85	17.41	0.101	0.15637
18.86	17.2	0.101	0.15593
18.87	16.97	0.1	0.15425
18.88	16.73	0.101	0.15338
18.89	16.55	0.101	0.15231
18.9	16.44	0.1	0.15207
18.91	16.35	0.099	0.15168
18.92	16.28	0.098	0.15155
18.93	16.26	0.098	0.15164
18.94	16.23	0.097	0.15169
18.95	16.21	0.097	0.15191
18.96	16.23	0.097	0.15263
18.97	16.23	0.097	0.15308
18.98	16.18	0.097	0.15352
18.99	16.05	0.098	0.15332
19	15.95	0.098	0.15259
19.01	15.88	0.098	0.1522
19.02	15.88	0.098	0.15236
19.03	15.94	0.099	0.15315
19.04	15.98	0.099	0.15397
19.05	16.03	0.1	0.15483
19.06	16.06	0.101	0.15503
19.07	16.09	0.101	0.15523
19.08	16.12	0.101	0.15536
19.09	16.19	0.101	0.15536
19.1	16.3	0.102	0.15566
19.11	16.36	0.103	0.15575
19.12	16.39	0.103	0.15565
19.13	16.2967	0.1003	0.178
19.14	16.2033	0.0977	0.175
19.15	16.11	0.095	0.17029
19.16	16.07	0.094	0.16731
19.17	16.07	0.094	0.16635
19.18	16.11	0.093	0.16421
19.19	16.23	0.093	0.16348
19.2	16.38	0.093	0.16276
19.21	16.47	0.093	0.16246
19.22	16.49	0.094	0.16246
19.23	16.5	0.095	0.16187
19.24	16.5	0.095	0.16047
19.25	16.54	0.095	0.16
19.26	16.57	0.095	0.15973
19.27	16.59	0.096	0.15963
19.28	16.61	0.096	0.15955
19.29	16.6	0.096	0.15915
19.3	16.59	0.097	0.15902
19.31	16.62	0.097	0.15945
19.32	16.63	0.097	0.15943
19.33	16.52	0.098	0.15892
19.34	16.46	0.098	0.15879
19.35	16.32	0.098	0.15823
19.36	16.16	0.099	0.15736
19.37	16.16	0.099	0.15736
19.38	16.09	0.1	0.15694
19.39	16.09	0.1	0.15715
19.4	16.21	0.1	0.15778
19.41	16.38	0.1	0.15862
19.42	16.62	0.1	0.15979
19.43	16.83	0.1	0.16086
19.44	17	0.1	0.16183
19.45	17.09	0.1	0.16175
19.46	17.2	0.101	0.1623
19.47	17.35	0.1	0.1627
19.48	17.51	0.099	0.16333
19.49	17.76	0.1	0.165
19.5	17.98	0.1	0.16577
19.51	18.21	0.1	0.16666
19.52	18.39	0.101	0.16707
19.53	18.57	0.102	0.16785
19.54	18.71	0.102	0.16848
19.55	18.81	0.103	0.169
19.56	18.97	0.103	0.1692
19.57	19.18	0.105	0.1698
19.58	19.41	0.106	0.171
19.59	19.59	0.107	0.17188
19.6	19.72	0.107	0.17229
19.61	19.9	0.108	0.17174
19.62	20.07	0.109	0.17234
19.63	20.3	0.109	0.17267
19.64	20.41	0.11	0.17226
19.65	20.52	0.111	0.17279
19.66	20.58	0.111	0.1727
19.67	20.56	0.112	0.17168
19.68	20.49	0.112	0.17032
19.69	20.4	0.112	0.16892
19.7	20.3	0.111	0.16788
19.71	20.14	0.112	0.16658
19.72	19.9	0.111	0.16366
19.73	19.58	0.112	0.16191
19.74	19.3	0.112	0.16035
19.75	18.97	0.112	0.15821
19.76	18.71	0.112	0.15687
19.77	18.52	0.111	0.15525
19.78	18.41	0.11	0.15413
19.79	18.29	0.11	0.1542
19.8	18.18	0.109	0.15402
19.81	18.04	0.108	0.15309
19.82	17.89	0.108	0.15237
19.83	17.83	0.107	0.15195
19.84	17.7	0.106	0.15184
19.85	17.65	0.105	0.15147
19.86	17.61	0.105	0.15147
19.87	17.62	0.105	0.15215
19.88	17.6	0.105	0.15209
19.89	17.63	0.106	0.15252
19.9	17.69	0.107	0.15271
19.91	17.8	0.107	0.15342
19.92	17.91	0.108	0.15428
19.93	18.02	0.109	0.15514
19.94	18.11	0.108	0.15579
19.95	18.13	0.108	0.15645
19.96	18.21	0.108	0.15758
19.97	18.21	0.106	0.15708
19.98	18.23	0.106	0.15767
19.99	18.31	0.106	0.15705
20	18.41	0.106	0.15756
20.01	18.45	0.107	0.15862
20.02	18.49	0.108	0.16003
20.03	18.44	0.107	0.15987
20.04	18.35	0.108	0.15975
20.05	18.28	0.11	0.15974
20.06	18.19	0.111	0.15961
20.07	18.15	0.11	0.15915
20.08	18.18	0.11	0.15921
20.09	18.3	0.109	0.15954
20.1	18.51	0.109	0.16036
20.11	18.79	0.108	0.16163
20.12	19.21	0.109	0.16413
20.13	19.48	0.1087	0.17385
20.14	19.75	0.1083	0.2013
20.15	20.02	0.108	0.19769
20.16	20.43	0.106	0.1906
20.17	20.74	0.103	0.18566
20.18	20.97	0.103	0.18187
20.19	21.05	0.104	0.17857
20.2	21.04	0.103	0.17494
20.21	20.84	0.101	0.16894
20.22	20.56	0.098	0.16566
20.23	20.33	0.095	0.16366
20.24	20.2	0.094	0.16296
20.25	20.04	0.094	0.16253
20.26	19.87	0.095	0.16079
20.27	19.83	0.097	0.15973
20.28	19.78	0.098	0.15667
20.29	19.68	0.099	0.15409
20.3	19.5	0.098	0.1517
20.31	19.4	0.101	0.14994
20.32	19.31	0.101	0.14845
20.33	19.22	0.103	0.14711
20.34	19.1	0.105	0.14635
20.35	19.06	0.107	0.14671
20.36	19.05	0.109	0.14647
20.37	19.1	0.111	0.14722
20.38	19.15	0.114	0.14806
20.39	19.16	0.115	0.14886
20.4	19.16	0.116	0.14991
20.41	19.14	0.116	0.15053
20.42	19.12	0.116	0.15066
20.43	19.12	0.116	0.15163
20.44	19.18	0.116	0.15231
20.45	19.35	0.116	0.1537
20.46	19.52	0.116	0.15526
20.47	19.68	0.117	0.15665
20.48	19.79	0.117	0.15795
20.49	19.78	0.117	0.15823
20.5	19.78	0.117	0.1588
20.51	19.77	0.116	0.15869
20.52	19.75	0.117	0.15951
20.53	19.79	0.118	0.16035
20.54	19.84	0.118	0.16089
20.55	19.9	0.117	0.16127
20.56	19.96	0.117	0.16126
20.57	20	0.118	0.16126
20.58	19.99	0.118	0.16061
20.59	20.06	0.118	0.16086
20.6	20.14	0.117	0.16071
20.61	20.21	0.118	0.16063
20.62	20.22	0.117	0.15942
20.63	20.22	0.116	0.15943
20.64	20.21	0.113	0.1573
20.65	20.22	0.113	0.15605
20.66	20.2	0.11	0.1534
20.67	20.21	0.111	0.15029
20.68	20.14	0.111	0.14914
20.69	20.07	0.111	0.14927
20.7	20.01	0.113	0.14962
20.71	19.94	0.114	0.14985
20.72	19.83	0.114	0.14969
20.73	19.78	0.115	0.14998
20.74	19.7	0.115	0.14949
20.75	19.63	0.116	0.14967
20.76	19.57	0.118	0.14985
20.77	19.54	0.121	0.15003
20.78	19.51	0.122	0.15025
20.79	19.47	0.123	0.15075
20.8	19.45	0.123	0.15136
20.81	19.49	0.124	0.1522
20.82	19.52	0.123	0.15337
20.83	19.43	0.122	0.15376
20.84	19.35	0.123	0.15448
20.85	19.19	0.122	0.15428
20.86	18.96	0.121	0.15381
20.87	18.67	0.121	0.15301
20.88	18.45	0.123	0.1524
20.89	18.23	0.123	0.15177
20.9	18.06	0.124	0.15193
20.91	17.95	0.126	0.15239
20.92	17.82	0.127	0.15288
20.93	17.72	0.127	0.15346
20.94	17.68	0.126	0.15391
20.95	17.66	0.126	0.15457
20.96	17.75	0.126	0.15557
20.97	17.98	0.125	0.15724
20.98	18.31	0.125	0.15949
20.99	18.74	0.125	0.16251
21	19.17	0.125	0.16551
21.01	19.64	0.126	0.16893
21.02	20.16	0.126	0.17231
21.03	20.76	0.125	0.17571
21.04	21.39	0.124	0.17871
21.05	22	0.123	0.18213
21.06	22.57	0.123	0.1852
21.07	23.11	0.124	0.18863
21.08	23.57	0.124	0.19046
21.09	23.93	0.125	0.19123
21.1	24.15	0.126	0.19087
21.11	24.23	0.128	0.18933
21.12	24.35	0.129	0.18796
21.13	24.3267	0.1277	0.17822
21.14	24.3033	0.1263	0.22252
21.15	24.28	0.125	0.21535
21.16	24.37	0.124	0.20949
21.17	24.31	0.125	0.2044
21.18	24.17	0.127	0.19991
21.19	23.98	0.13	0.19312
21.2	23.81	0.13	0.18651
21.21	23.67	0.13	0.18421
21.22	23.39	0.132	0.18011
21.23	23.11	0.132	0.17756
21.24	22.98	0.133	0.17501
21.25	22.93	0.134	0.17257
21.26	22.97	0.136	0.17255
21.27	22.89	0.135	0.17129
21.28	22.84	0.137	0.17103
21.29	22.69	0.135	0.1691
21.3	22.47	0.136	0.16765
21.31	22.2	0.136	0.16559
21.32	21.92	0.134	0.16355
21.33	21.64	0.132	0.16156
21.34	21.27	0.131	0.15954
21.35	20.7	0.129	0.15645
21.36	20.22	0.128	0.15473
21.37	19.78	0.127	0.1534
21.38	19.38	0.125	0.15177
21.39	19.02	0.123	0.15018
21.4	18.67	0.124	0.14936
21.41	18.35	0.126	0.14862
21.42	18.25	0.128	0.14963
21.43	18.17	0.127	0.15069
21.44	18.19	0.126	0.15142
21.45	18.27	0.126	0.15275
21.46	18.53	0.126	0.15446
21.47	18.88	0.126	0.15705
21.48	19.19	0.128	0.1596
21.49	19.27	0.13	0.1607
21.5	19.12	0.133	0.16037
21.51	18.78	0.134	0.15954
21.52	18.35	0.131	0.15814
21.53	17.96	0.13	0.15689
21.54	17.6	0.13	0.15562
21.55	17.28	0.131	0.1546
21.56	17	0.132	0.15425
21.57	16.79	0.131	0.15414
21.58	16.57	0.128	0.15398
21.59	16.32	0.125	0.15345
21.6	15.96	0.124	0.15236
21.61	15.36	0.124	0.1501
21.62	14.44	0.124	0.14637
21.63	13.37	0.129	0.14239
21.64	12.41	0.134	0.1383
21.65	11.47	0.143	0.13759
21.66	10.58	0.151	0.144
21.67	9.63	0.155	0.15144
21.68	8.54	0.16	0.15641
21.69	7.78	0.16	0.15724
21.7	7.22	0.157	0.15567
21.71	7.16	0.157	0.15475
21.72	7.1	0.164	0.15551
21.73	7.04	0.173	0.16165
21.74	8.4	0.183	0.16972
21.75	10.63	0.192	0.16479
21.76	13.18	0.192	0.17224
21.77	15.56	0.183	0.1819
21.78	17.4	0.173	0.17619
21.79	18.52	0.161	0.13509
21.8	19.33	0.149	0.11543
21.81	19.9	0.141	0.10836
21.82	20.31	0.136	0.10088
21.83	20.63	0.133	0.09832
21.84	20.89	0.129	0.09866
21.85	21.1	0.124	0.10015
21.86	21.32	0.1223	0.10193
21.87	21.57	0.1207	0.10381
21.88	21.89	0.119	0.10618
21.89	22.19	0.124	0.10839
21.9	22.35	0.126	0.11048
21.91	22.38	0.127	0.11224
21.92	22.31	0.128	0.11342
21.93	22.26	0.133	0.11452
21.94	22.23	0.139	0.11547
21.95	22.27	0.146	0.11674
21.96	22.34	0.149	0.11799
21.97	22.37	0.151	0.11868
21.98	22.44	0.155	0.12017
21.99	22.49	0.158	0.12176
22	22.47	0.16	0.12297
22.01	22.45	0.162	0.12409
22.02	22.38	0.164	0.12497
22.03	22.35	0.167	0.12623
22.04	22.25	0.167	0.12697
22.05	22.21	0.169	0.12841
22.06	22.12	0.169	0.12938
22.07	22.04	0.169	0.13021
22.08	21.95	0.168	0.13099
22.09	21.92	0.167	0.13201
22.1	21.93	0.166	0.13299
22.11	21.98	0.167	0.13476
22.12	22.11	0.168	0.13668
22.13	22.29	0.168	0.13853
22.14	22.58	0.167	0.14089
22.15	21.67	0.148	0.19265
22.16	22.81	0.149	0.19575
22.17	22.99	0.148	0.19516
22.18	23.1	0.147	0.19342
22.19	23.15	0.146	0.19143
22.2	23.24	0.146	0.19022
22.21	23.31	0.147	0.18892
22.22	23.4	0.148	0.18779
22.23	23.39	0.149	0.18605
22.24	23.42	0.15	0.1853
22.25	23.37	0.151	0.18446
22.26	23.34	0.154	0.18359
22.27	23.26	0.155	0.18241
22.28	23.24	0.157	0.18062
22.29	23.2	0.158	0.1788
22.3	23.26	0.161	0.17838
22.31	23.46	0.162	0.17935
22.32	23.55	0.162	0.1792
22.33	23.75	0.163	0.17963
22.34	23.95	0.164	0.1808
22.35	24.08	0.163	0.18102
22.36	24.2	0.164	0.18121
22.37	24.3	0.163	0.18152
22.38	24.34	0.164	0.18099
22.39	24.54	0.164	0.18079
22.4	24.71	0.164	0.18079
22.41	24.94	0.163	0.18167
22.42	25.07	0.162	0.18167
22.43	25.26	0.162	0.18199
22.44	25.42	0.161	0.18184
22.45	25.57	0.162	0.18189
22.46	25.74	0.163	0.18279
22.47	26.02	0.163	0.18364
22.48	26.16	0.162	0.18376
22.49	26.23	0.164	0.18426
22.5	26.27	0.165	0.18388
22.51	26.25	0.163	0.18234
22.52	26.16	0.163	0.18061
22.53	26.09	0.162	0.17985
22.54	25.94	0.162	0.17823
22.55	25.65	0.163	0.17565
22.56	25.4	0.162	0.17354
22.57	25.12	0.164	0.17205
22.58	24.84	0.165	0.17028
22.59	24.55	0.165	0.1693
22.6	24.34	0.166	0.16887
22.61	24.2	0.169	0.16847
22.62	24.16	0.169	0.16872
22.63	24.06	0.168	0.16838
22.64	24.04	0.168	0.16904
22.65	24.02	0.167	0.1686
22.66	23.94	0.166	0.16872
22.67	23.8	0.164	0.16791
22.68	23.71	0.163	0.16712
22.69	23.65	0.163	0.16699
22.7	23.47	0.163	0.16639
22.71	23.26	0.16	0.16555
22.72	23.09	0.159	0.16563
22.73	23.03	0.156	0.16537
22.74	23.02	0.155	0.16573
22.75	23.08	0.155	0.16657
22.76	23.1	0.155	0.16755
22.77	23.1	0.156	0.16861
22.78	23.07	0.155	0.16869
22.79	23.02	0.154	0.16798
22.8	22.94	0.154	0.16635
22.81	22.83	0.152	0.16485
22.82	22.71	0.15	0.16462
22.83	22.58	0.149	0.16503
22.84	22.51	0.148	0.1656
22.85	22.52	0.148	0.1652
22.86	22.64	0.148	0.16628
22.87	22.73	0.147	0.16737
22.88	22.78	0.148	0.16845
22.89	22.78	0.147	0.16842
22.9	22.7	0.147	0.16798
22.91	22.53	0.147	0.16772
22.92	22.43	0.147	0.16773
22.93	22.39	0.148	0.16769
22.94	22.37	0.147	0.16769
22.95	22.45	0.147	0.16867
22.96	22.48	0.147	0.16936
22.97	22.61	0.148	0.17063
22.98	22.73	0.149	0.17194
22.99	22.76	0.15	0.17289
23	22.69	0.15	0.17255
23.01	22.51	0.152	0.17225
23.02	22.23	0.15	0.1707
23.03	22	0.15	0.17024
23.04	21.82	0.15	0.17014
23.05	21.74	0.15	0.17007
23.06	21.62	0.148	0.16991
23.07	21.46	0.148	0.16995
23.08	21.22	0.147	0.1686
23.09	21	0.148	0.16778
23.1	20.81	0.147	0.16754
23.11	20.68	0.147	0.16731
23.12	20.65	0.147	0.16833
23.13	20.65	0.147	0.16893
23.14	20.57	0.146	0.16929
23.15	20.42	0.142	0.19908
23.16	20.27	0.138	0.22984
23.17	20.12	0.134	0.22392
23.18	20.41	0.13	0.21191
23.19	20.49	0.129	0.20861
23.2	20.77	0.128	0.2032
23.21	20.87	0.129	0.2026
23.22	20.99	0.127	0.19914
23.23	20.93	0.127	0.19736
23.24	20.86	0.127	0.19631
23.25	20.53	0.129	0.19206
23.26	20.25	0.129	0.18832
23.27	20.03	0.13	0.18647
23.28	19.87	0.131	0.18533
23.29	19.78	0.133	0.18507
23.3	19.74	0.134	0.18503
23.31	19.73	0.136	0.1852
23.32	19.79	0.138	0.18598
23.33	19.93	0.14	0.18712
23.34	20.12	0.141	0.18786
23.35	20.32	0.142	0.18966
23.36	20.51	0.142	0.19073
23.37	20.7	0.142	0.19091
23.38	20.85	0.142	0.18999
23.39	21.02	0.142	0.19033
23.4	21.18	0.141	0.18969
23.41	21.24	0.141	0.18889
23.42	21.15	0.14	0.18714
23.43	20.99	0.14	0.18549
23.44	20.89	0.14	0.18371
23.45	20.8	0.14	0.1819
23.46	20.82	0.14	0.18123
23.47	20.84	0.14	0.18097
23.48	20.93	0.14	0.18068
23.49	21.06	0.141	0.18168
23.5	21.24	0.141	0.18253
23.51	21.56	0.141	0.18525
23.52	21.89	0.14	0.18685
23.53	22.16	0.14	0.18788
23.54	22.37	0.14	0.1882
23.55	22.61	0.141	0.18875
23.56	22.88	0.141	0.18877
23.57	23.19	0.141	0.18847
23.58	23.46	0.141	0.1889
23.59	23.64	0.143	0.18938
23.6	23.88	0.144	0.18955
23.61	24.09	0.143	0.18998
23.62	24.32	0.145	0.19067
23.63	24.47	0.146	0.19068
23.64	24.46	0.148	0.18937
23.65	24.5	0.15	0.18895
23.66	24.54	0.15	0.18744
23.67	24.61	0.15	0.18636
23.68	24.59	0.152	0.18476
23.69	24.55	0.155	0.18343
23.7	24.36	0.155	0.18117
23.71	24.17	0.156	0.17983
23.72	23.88	0.155	0.1773
23.73	23.72	0.155	0.17659
23.74	23.4	0.155	0.17464
23.75	23.17	0.157	0.17314
23.76	22.91	0.156	0.17111
23.77	22.75	0.156	0.1713
23.78	22.59	0.155	0.17038
23.79	22.47	0.154	0.1701
23.8	22.44	0.154	0.16963
23.81	22.38	0.154	0.16993
23.82	22.39	0.153	0.17061
23.83	22.41	0.153	0.17163
23.84	22.49	0.152	0.17262
23.85	22.66	0.151	0.17449
23.86	22.97	0.15	0.17658
23.87	23.56	0.148	0.17952
23.88	24.06	0.148	0.18283
23.89	24.39	0.149	0.18582
23.9	24.6	0.15	0.1874
23.91	24.63	0.15	0.18701
23.92	24.61	0.151	0.18725
23.93	24.72	0.15	0.18713
23.94	24.73	0.151	0.18683
23.95	25.01	0.154	0.18851
23.96	25.41	0.155	0.19051
23.97	25.88	0.158	0.19306
23.98	26.08	0.16	0.19467
23.99	26.45	0.161	0.19662
24	26.66	0.163	0.19866
24.01	26.65	0.164	0.196
24.02	26.54	0.165	0.19371
24.03	26.39	0.166	0.19138
24.04	26.3	0.166	0.18845
24.05	26.22	0.166	0.1848
24.06	26.21	0.166	0.18446
24.07	26.15	0.166	0.18305
24.08	26.15	0.168	0.1812
24.09	26.16	0.168	0.17901
24.1	26.17	0.169	0.1775
24.11	26.34	0.171	0.17838
24.12	26.47	0.171	0.17931
24.13	26.52	0.172	0.17976
24.14	26.57	0.172	0.18004
24.15	26.48	0.169	0.17759
24.16	26.4967	0.169	0.25441
24.17	26.5133	0.169	0.2541
24.18	26.53	0.165	0.23865
24.19	26.72	0.164	0.22583
24.2	26.85	0.163	0.21642
24.21	27.06	0.162	0.21037
24.22	27.28	0.163	0.19998
24.23	27.49	0.164	0.19342
24.24	27.8	0.166	0.19178
24.25	28.04	0.167	0.18852
24.26	28.28	0.169	0.18611
24.27	28.48	0.168	0.18325
24.28	28.63	0.169	0.18084
24.29	28.69	0.169	0.18057
24.3	28.65	0.17	0.17936
24.31	28.63	0.172	0.1769
24.32	28.5	0.176	0.17366
24.33	28.35	0.177	0.17
24.34	28.31	0.178	0.16572
24.35	28.34	0.177	0.16134
24.36	28.34	0.178	0.15787
24.37	28.31	0.177	0.15606
24.38	28.31	0.177	0.15484
24.39	28.32	0.176	0.15343
24.4	28.21	0.177	0.1495
24.41	28.22	0.176	0.14777
24.42	28.13	0.174	0.14482
24.43	28.14	0.175	0.14513
24.44	28.22	0.175	0.1453
24.45	28.3	0.175	0.14568
24.46	28.39	0.173	0.14622
24.47	28.47	0.173	0.14678
24.48	28.57	0.172	0.14753
24.49	28.68	0.172	0.1483
24.5	28.67	0.173	0.14876
24.51	28.57	0.172	0.14843
24.52	28.48	0.173	0.14912
24.53	28.35	0.173	0.14893
24.54	28.19	0.172	0.14738
24.55	28.09	0.172	0.14659
24.56	28.02	0.172	0.14716
24.57	27.89	0.172	0.14778
24.58	27.7	0.172	0.14701
24.59	27.5	0.172	0.14728
24.6	27.29	0.172	0.1473
24.61	27.14	0.172	0.14701
24.62	27.17	0.172	0.14761
24.63	27.35	0.173	0.14894
24.64	27.65	0.173	0.15178
24.65	27.84	0.171	0.15383
24.66	28.03	0.171	0.15531
24.67	28.16	0.172	0.1569
24.68	28.23	0.171	0.15772
24.69	28.16	0.171	0.15677
24.7	28.16	0.171	0.15717
24.71	28.06	0.171	0.15716
24.72	27.88	0.171	0.15745
24.73	27.71	0.169	0.15662
24.74	27.54	0.169	0.15601
24.75	27.3	0.168	0.15381
24.76	27.01	0.168	0.15331
24.77	26.75	0.168	0.15227
24.78	26.5	0.167	0.15121
24.79	26.34	0.17	0.15137
24.8	26.24	0.171	0.15094
24.81	26.21	0.172	0.15115
24.82	26.3	0.172	0.15274
24.83	26.45	0.171	0.15516
24.84	26.55	0.171	0.15618
24.85	26.78	0.169	0.15778
24.86	26.91	0.168	0.15912
24.87	27.05	0.164	0.16113
24.88	26.9033	0.1633	0.13736
24.89	26.7567	0.1627	0.17086
24.9	26.61	0.162	0.17665
24.91	26.64	0.158	0.17495
24.92	26.33	0.152	0.17156
24.93	26.01	0.153	0.17014
24.94	25.52	0.15	0.16679
24.95	25.08	0.151	0.16439
24.96	24.57	0.151	0.16125
24.97	24.07	0.151	0.15888
24.98	23.74	0.151	0.15788
24.99	23.43	0.153	0.15736
25	23.16	0.151	0.15729
25.01	22.9	0.15	0.15634
25.02	22.63	0.149	0.15538
25.03	22.33	0.148	0.15472
25.04	22.02	0.144	0.15296
25.05	21.65	0.144	0.15259
25.06	21.2	0.141	0.15063
25.07	20.66	0.136	0.14852
25.08	20.03	0.134	0.1462
25.09	19.69	0.133	0.14514
25.1	18.95	0.13	0.14284
25.11	18.14	0.127	0.14053
25.12	17.34	0.124	0.13804
25.13	16.45	0.118	0.1348
25.14	15.15	0.115	0.12987
25.15	13.52	0.113	0.1246
25.16	11.64	0.112	0.12032
25.17	9.81	0.117	0.11575
25.18	7.34	0.129	0.21602
25.19	7.72	0.123	0.21347
25.2	6.88	0.121	0.20622
25.21	6.7	0.126	0.20361
25.22	6.52	0.138	0.21456
25.23	6.34	0.147	0.22317
25.24	6.61	0.15	0.22344
25.25	6.62	0.161	0.21931
25.26	6.25	0.173	0.21474
25.27	5.87	0.177	0.21442
25.28	5.78	0.173	0.22058
25.29	5.64	0.17	0.22389
25.3	5.41	0.17	0.21425
25.31	5.2	0.169	0.21525
25.32	5.11	0.167	0.25543
25.33	4.96	0.162	0.27149
25.34	4.55	0.149	0.21558
25.35	3.97	0.135	0.15523
25.36	3.37	0.129	0.13293
25.37	2.83	0.128	0.13149
25.38	2.37	0.123	0.13348
25.39	1.89	0.106	0.13328
25.4	1.72	0.1	0.13414
25.41	1.53	0.088	0.13706
25.42	1.42	0.076	0.14473
25.43	1.36	0.063	0.15546
25.44	1.39	0.053	0.16812
25.45	1.44	0.043	0.18078
25.46	1.47	0.039	0.19435
25.47	1.49	0.037	0.20792
25.48	1.48	0.035	0.22423
25.49	1.49	0.036	0.23843
25.5	1.61	0.032	0.25365
25.51	1.84	0.026	0.27634
25.52	2.14	0.025	0.30118
25.53	2.32	0.026	0.32805
25.54	2.59	0.027	0.34655
25.55	2.7	0.029	0.34389
25.56	2.73	0.031	0.33307
25.57	2.82	0.033	0.35395
25.58	2.6	0.032	0.32852
25.59	2.13	0.033	0.26067
25.6	1.69	0.034	0.2395
25.61	1.65	0.035	0.26101
25.62	1.61	0.032	0.3026
25.63	1.57	0.031	0.34277
25.64	1.78	0.029	0.38559
25.65	2.37	0.028	0.45037
25.66	2.95	0.028	0.49844
25.67	3.7	0.03	0.53934
25.68	3.69	0.029	0.52653
25.69	3.06	0.033	0.22679
25.7	2.59	0.037	0.19716
25.71	2.02	0.039	0.18877
25.72	1.56	0.048	0.18465
25.73	1.45	0.056	0.20674
25.74	1.39	0.048	0.22359
25.75	1.41	0.029	0.27416
25.76	1.45	0.026	0.29249
25.77	1.61	0.022	0.3567
25.78	1.63	0.021	0.41159
25.79	1.64	0.019	0.44137
25.8	1.68	0.019	0.47418
25.81	1.73	0.0197	0.48462
25.82	1.7	0.0203	0.50004
25.83	1.61	0.021	0.50869
25.84	1.5	0.022	0.52277
25.85	1.43	0.022	0.54846
25.86	1.38	0.021	0.57597
25.87	1.35	0.019	0.59818
25.88	1.38	0.017	0.6257
25.89	1.57	0.013	0.66799
25.9	1.89	0.0133	0.70787
25.91	2.21	0.0137	0.66535
25.92	2.29	0.014	0.47012
25.93	2.36	0.017	0.43936
25.94	2.5	0.02	0.43763
25.95	2.48	0.024	0.32841
25.96	2.91	0.024	0.24579
25.97	3.34	0.039	0.25951
25.98	3.77	0.049	0.30091
25.99	5.39	0.044	0.35936
26	7.46	0.042	0.42002
26.01	9.41	0.044	0.43551
26.02	10.85	0.0457	0.34206
26.03	11.87	0.0473	0.26527
26.04	12.64	0.049	0.2333
26.05	13.21	0.057	0.21781
26.06	13.71	0.064	0.21543
26.07	14.02	0.067	0.21851
26.08	14.22	0.069	0.22231
26.09	14.37	0.069	0.22561
26.1	14.44	0.071	0.22664
26.11	14.46	0.075	0.22645
26.12	14.43	0.081	0.22529
26.13	14.37	0.089	0.22279
26.14	14.29	0.094	0.22159
26.15	14.26	0.099	0.22076
26.16	14.35	0.099	0.22099
26.17	14.45	0.098	0.22155
26.18	14.54	0.099	0.23646
26.19	14.63	0.101	0.24054
26.2	14.72	0.102	0.23897
26.21	14.79	0.103	0.23754
26.22	14.83	0.104	0.23562
26.23	14.85	0.104	0.23241
26.24	14.85	0.106	0.22896
26.25	14.81	0.106	0.22222
26.26	14.73	0.108	0.21307
26.27	14.61	0.109	0.20455
26.28	14.54	0.109	0.20371
26.29	14.5	0.106	0.20498
26.3	14.52	0.103	0.20713
26.31	14.64	0.102	0.20961
26.32	14.8	0.101	0.21233
26.33	15.01	0.101	0.2152
26.34	15.23	0.1	0.21751
26.35	15.44	0.099	0.22038
26.36	15.71	0.098	0.22389
26.37	15.96	0.098	0.22647
26.38	16.21	0.098	0.22899
26.39	16.43	0.099	0.22997
26.4	16.67	0.103	0.23067
26.41	16.88	0.106	0.22834
26.42	17.02	0.109	0.22461
26.43	17.08	0.111	0.22291
26.44	17.19	0.113	0.22389
26.45	17.25	0.114	0.22373
26.46	17.34	0.114	0.22343
26.47	17.39	0.114	0.22367
26.48	17.4	0.114	0.22341
26.49	17.39	0.115	0.22243
26.5	17.37	0.115	0.22147
26.51	17.32	0.115	0.21999
26.52	17.28	0.116	0.21948
26.53	17.27	0.116	0.21823
26.54	17.34	0.116	0.21946
26.55	17.48	0.116	0.22104
26.56	17.61	0.116	0.2236
26.57	17.81	0.116	0.22623
26.58	17.89	0.116	0.22708
26.59	18.08	0.116	0.2287
26.6	18.26	0.116	0.2286
26.61	18.41	0.116	0.22827
26.62	18.64	0.117	0.22705
26.63	18.84	0.118	0.22243
26.64	19.06	0.119	0.22248
26.65	19.27	0.12	0.2237
26.66	19.53	0.118	0.22695
26.67	19.81	0.119	0.23074
26.68	20.13	0.119	0.23254
26.69	20.49	0.122	0.23635
26.7	20.87	0.124	0.23923
26.71	21.33	0.126	0.24256
26.72	21.9	0.129	0.24758
26.73	22.45	0.129	0.25038
26.74	22.84	0.129	0.25223
26.75	23.12	0.132	0.25298
26.76	23.38	0.133	0.25502
26.77	23.64	0.135	0.25671
26.78	23.95	0.136	0.25842
26.79	24.26	0.139	0.2591
26.8	24.56	0.142	0.2617
26.81	24.87	0.144	0.26235
26.82	25.11	0.146	0.26366
26.83	25.35	0.149	0.26288
26.84	25.33	0.149	0.26223
26.85	25.36	0.151	0.26098
26.86	25.32	0.152	0.2598
26.87	25.28	0.154	0.25988
26.88	25.21	0.155	0.258
26.89	25.16	0.156	0.25426
26.9	25.31	0.158	0.24973
26.91	25.48	0.158	0.24518
26.92	25.76	0.161	0.24465
26.93	25.86	0.161	0.24429
26.94	25.9	0.161	0.2441
26.95	26.14	0.16	0.24172
26.96	26.27	0.159	0.24011
26.97	26.49	0.16	0.23875
26.98	26.74	0.159	0.24071
26.99	26.92	0.159	0.23872
27	27.07	0.159	0.23979
27.01	27.25	0.159	0.24324
27.02	27.32	0.158	0.24282
27.03	27.24	0.157	0.24279
27.04	27.15	0.154	0.24134
27.05	27.18	0.151	0.23869
27.06	27.21	0.147	0.23725
27.07	27.28	0.146	0.23877
27.08	27.37	0.144	0.2413
27.09	27.4	0.143	0.24312
27.1	27.43	0.141	0.24064
27.11	27.4	0.142	0.23942
27.12	27.51	0.141	0.23975
27.13	27.69	0.14	0.23976
27.14	27.9	0.141	0.24131
27.15	27.96	0.141	0.24014
27.16	28.08	0.143	0.23969
27.17	28.15	0.143	0.23986
27.18	28.14	0.145	0.24042
27.19	27.89	0.1447	0.30152
27.2	27.64	0.1443	0.29975
27.21	27.39	0.144	0.27192
27.22	27.35	0.147	0.25196
27.23	27.42	0.145	0.24065
27.24	27.82	0.143	0.23244
27.25	28.25	0.143	0.22588
27.26	28.78	0.141	0.22563
27.27	29.18	0.141	0.22494
27.28	29.31	0.143	0.22297
27.29	29.34	0.139	0.21236
27.3	29.3	0.133	0.20245
27.31	28.94	0.127	0.19532
27.32	28.1	0.12	0.18677
27.33	27.31	0.109	0.17951
27.34	26.61	0.101	0.17589
27.35	25.87	0.092	0.17042
27.36	25.22	0.088	0.16467
27.37	24.94	0.086	0.16244
27.38	24.55	0.089	0.15943
27.39	24.39	0.096	0.15279
27.4	24.27	0.112	0.15331
27.41	24.66	0.119	0.15818
27.42	24.95	0.12	0.16181
27.43	25.22	0.125	0.16689
27.44	25.59	0.131	0.17274
27.45	25.92	0.135	0.17735
27.46	25.98	0.135	0.17972
27.47	25.91	0.142	0.18252
27.48	25.9	0.144	0.18411
27.49	25.85	0.148	0.18613
27.5	25.79	0.152	0.1887
27.51	25.74	0.161	0.1922
27.52	25.55	0.169	0.19592
27.53	25.42	0.17	0.19707
27.54	25.28	0.17	0.19688
27.55	25.07	0.169	0.19837
27.56	24.86	0.169	0.19826
27.57	24.7	0.168	0.20077
27.58	24.55	0.169	0.20231
27.59	24.59	0.168	0.20441
27.6	24.62	0.167	0.20496
27.61	24.65	0.166	0.20728
27.62	24.87	0.166	0.2113
27.63	25.02	0.168	0.21486
27.64	25.22	0.168	0.21769
27.65	25.45	0.169	0.22036
27.66	25.74	0.17	0.2243
27.67	25.83	0.17	0.22569
27.68	26.06	0.171	0.22862
27.69	26.28	0.171	0.23125
27.7	26.35	0.172	0.23134
27.71	26.41	0.174	0.23258
27.72	26.38	0.174	0.23302
27.73	26.36	0.176	0.23306
27.74	26.3	0.176	0.23333
27.75	26.33	0.179	0.23375
27.76	26.27	0.182	0.23386
27.77	26.43	0.182	0.23557
27.78	26.41	0.183	0.2352
27.79	26.37	0.185	0.23463
27.8	26.11	0.186	0.23336
27.81	25.73	0.188	0.22969
27.82	25.26	0.189	0.22571
27.83	24.9	0.188	0.22359
27.84	24.52	0.185	0.21991
27.85	24.39	0.185	0.22025
27.86	24.17	0.183	0.21932
27.87	24	0.182	0.21995
27.88	23.76	0.18	0.21799
27.89	23.48	0.181	0.21698
27.9	23.02	0.179	0.21325
27.91	22.61	0.179	0.21047
27.92	22	0.177	0.20557
27.93	21.53	0.175	0.20241
27.94	21.08	0.173	0.20041
27.95	20.8	0.171	0.19976
27.96	20.62	0.168	0.19948
27.97	20.56	0.167	0.20036
27.98	20.6	0.166	0.20216
27.99	20.68	0.166	0.20458
28	20.81	0.165	0.20691
28.01	20.98	0.164	0.20965
28.02	21.16	0.164	0.21317
28.03	21.38	0.162	0.21674
28.04	21.65	0.16	0.22146
28.05	21.91	0.159	0.22552
28.06	22.13	0.159	0.22907
28.07	22.37	0.158	0.23207
28.08	22.57	0.159	0.23472
28.09	22.78	0.157	0.23742
28.1	22.83	0.155	0.23808
28.11	22.95	0.156	0.24029
28.12	22.96	0.155	0.23932
28.13	22.88	0.156	0.23929
28.14	22.68	0.157	0.23733
28.15	22.37	0.159	0.23435
28.16	22.05	0.162	0.23176
28.17	21.62	0.163	0.22728
28.18	21.24	0.164	0.22443
28.19	20.83	0.1627	0.2317
28.2	20.42	0.1613	0.27593
28.21	20.01	0.16	0.28049
28.22	20.09	0.155	0.25825
28.23	19.93	0.153	0.24885
28.24	19.69	0.153	0.24283
28.25	19.54	0.151	0.24
28.26	19.47	0.151	0.23897
28.27	19.3	0.151	0.2384
28.28	19.25	0.15	0.23764
28.29	19.08	0.148	0.23617
28.3	18.97	0.147	0.23602
28.31	18.86	0.146	0.23662
28.32	18.77	0.144	0.23667
28.33	18.69	0.141	0.23706
28.34	18.65	0.139	0.23841
28.35	18.68	0.138	0.24026
28.36	18.72	0.137	0.24154
28.37	18.87	0.136	0.2444
28.38	19.03	0.136	0.24661
28.39	19.25	0.136	0.2493
28.4	19.5	0.135	0.2516
28.41	19.75	0.134	0.25431
28.42	19.99	0.133	0.25669
28.43	20.23	0.132	0.25771
28.44	20.42	0.132	0.25794
28.45	20.69	0.132	0.25888
28.46	20.99	0.132	0.25988
28.47	21.32	0.132	0.26102
28.48	21.75	0.132	0.26289
28.49	22.18	0.132	0.26408
28.5	22.66	0.132	0.26607
28.51	23.27	0.132	0.26678
28.52	23.52	0.134	0.26604
28.53	23.58	0.135	0.26405
28.54	23.49	0.136	0.26143
28.55	23.31	0.139	0.25825
28.56	23.09	0.141	0.25509
28.57	22.86	0.142	0.25231
28.58	22.63	0.144	0.25007
28.59	22.46	0.147	0.24915
28.6	22.27	0.149	0.24694
28.61	22.1	0.151	0.24639
28.62	21.95	0.152	0.24526
28.63	21.79	0.152	0.24325
28.64	21.6	0.153	0.2426
28.65	21.46	0.154	0.24252
28.66	21.28	0.153	0.24116
28.67	21.05	0.153	0.24018
28.68	20.97	0.152	0.24112
28.69	20.9	0.152	0.24077
28.7	20.9	0.152	0.24284
28.71	20.97	0.151	0.24474
28.72	21.08	0.15	0.24679
28.73	21.22	0.149	0.24975
28.74	21.45	0.148	0.25275
28.75	21.63	0.148	0.25476
28.76	21.9	0.148	0.25808
28.77	22.17	0.148	0.26049
28.78	22.46	0.148	0.26219
28.79	22.76	0.148	0.26352
28.8	23.08	0.148	0.2647
28.81	23.49	0.149	0.26834
28.82	23.95	0.149	0.27103
28.83	24.67	0.149	0.27306
28.84	25.08	0.151	0.27487
28.85	25.52	0.155	0.2776
28.86	25.87	0.157	0.27728
28.87	26.1	0.159	0.27736
28.88	26.26	0.16	0.27628
28.89	26.39	0.161	0.27485
28.9	26.44	0.162	0.27218
28.91	26.54	0.164	0.27125
28.92	26.61	0.167	0.2719
28.93	26.7967	0.173	0.26849
28.94	26.9833	0.174	0.28013
28.95	27.17	0.173	0.27992
28.96	27.52	0.174	0.28241
28.97	27.75	0.176	0.28238
28.98	28.01	0.178	0.28305
28.99	28.25	0.18	0.28311
29	28.44	0.181	0.28087
29.01	28.47	0.185	0.28074
29.02	28.43	0.185	0.27868
29.03	28.46	0.188	0.27707
29.04	28.49	0.189	0.2762
29.05	28.57	0.193	0.27491
29.06	28.67	0.193	0.27439
29.07	28.72	0.193	0.27362
29.08	28.83	0.194	0.27434
29.09	28.86	0.196	0.27333
29.1	29.04	0.198	0.27368
29.11	29.12	0.198	0.27184
29.12	29.06	0.199	0.26978
29.13	29.11	0.2	0.26975
29.14	29.05	0.202	0.26845
29.15	29.01	0.203	0.26693
29.16	29.03	0.201	0.26579
29.17	28.93	0.199	0.26367
29.18	28.93	0.2	0.2645
29.19	29.07	0.198	0.26408
29.2	29.1	0.198	0.26292
29.21	29.23	0.2	0.26464
29.22	29.34	0.195	0.32993
29.23	29.45	0.194	0.32832
29.24	29.56	0.192	0.31581
29.25	30.01	0.19	0.3069
29.26	30.43	0.188	0.29766
29.27	30.82	0.187	0.29394
29.28	31.12	0.186	0.28965
29.29	31.16	0.186	0.28651
29.3	31.05	0.184	0.27888
29.31	30.77	0.183	0.26989
29.32	30.35	0.183	0.26135
29.33	30.18	0.187	0.25967
29.34	29.99	0.188	0.25635
29.35	29.71	0.191	0.25317
29.36	29.38	0.192	0.25087
29.37	29.04	0.193	0.24816
29.38	28.81	0.193	0.24744
29.39	28.67	0.195	0.24626
29.4	28.62	0.197	0.24792
29.41	28.66	0.197	0.24761
29.42	28.7	0.198	0.25069
29.43	28.83	0.196	0.25354
29.44	28.94	0.194	0.25515
29.45	29.02	0.194	0.25609
29.46	29.1	0.194	0.25708
29.47	28.99	0.1947	0.21612
29.48	28.88	0.1953	0.28206
29.49	28.77	0.196	0.29479
29.5	29.17	0.194	0.29497
29.51	29.49	0.189	0.28889
29.52	29.76	0.187	0.28712
29.53	29.86	0.186	0.28638
29.54	30.09	0.187	0.28518
29.55	30.41	0.189	0.28642
29.56	30.57	0.19	0.28169
29.57	30.69	0.191	0.28188
29.58	30.72	0.192	0.27914
29.59	30.83	0.194	0.27723

