0	-0.01	0	-0.001
0.01	0	0	-0.001
0.02	0.04	0	0
0.03	0.1	0	-0.001
0.04	0.15	0	-0.001
0.05	0.17	0	-0.001
0.06	0.18	0	-0.001
0.07	0.17	0	-0.001
0.08	0.17	0	-0.001
0.09	0.16	0	-0.001
0.1	0.14	0	0
0.11	0.11	0	0
0.12	0.11	0	0
0.13	0.1	0	0
0.14	0.1	0	0
0.15	0.09	0	-0.001
0.16	0.06	0	-0.001
0.17	0.06	0	-0.001
0.18	0.04	0	-0.001
0.19	0.04	0	-0.001
0.2	0.04	0	-0.001
0.21	0.03	0	-0.001
0.22	0.01	0	0
0.23	0.01	0	-0.001
0.24	-0.01	0	-0.001
0.25	-0.01	0	-0.001
0.26	-0.01	0	-0.001
0.27	-0.01	0	-0.001
0.28	-0.02	0	-0.001
0.29	-0.02	0	-0.001
0.3	-0.02	0	-0.001
0.31	-0.02	0	-0.001
0.32	-0.02	0	-0.001
0.33	-0.02	0	-0.001
0.34	-0.02	0	-0.001
0.35	-0.02	0	-0.001
0.36	-0.01	0	-0.001
0.37	0	0	-0.001
0.38	0.01	0	-0.001
0.39	0.03	0	-0.001
0.4	0.05	0	0
0.41	0.07	0	0
0.42	0.07	0	0
0.43	0.08	0	0
0.44	0.08	0	-0.001
0.45	0.09	0	-0.001
0.46	0.09	0	0
0.47	0.1	0	0
0.48	0.1	0	0
0.49	0.1	0	0
0.5	0.11	0	-0.001
0.51	0.11	0	-0.001
0.52	0.11	0	-0.001
0.53	0.11	0	-0.001
0.54	0.11	0	-0.001
0.55	0.11	0	-0.001
0.56	0.11	0	-0.001
0.57	0.11	0	-0.001
0.58	0.1	0	-0.001
0.59	0.1	0	-0.001
0.6	0.09	0	-0.001
0.61	0.09	0	-0.001
0.62	0.09	0	-0.001
0.63	0.08	0	-0.001
0.64	0.08	0	-0.001
0.65	0.07	0	-0.001
0.66	0.07	0	-0.001
0.67	0.07	0	-0.001
0.68	0.06	0	-0.001
0.69	0.06	0	-0.001
0.7	0.06	0	-0.001
0.71	0.06	0	-0.001
0.72	0.06	0	-0.001
0.73	0.05	0	-0.001
0.74	0.05	0	-0.001
0.75	0.04	0	-0.001
0.76	0.03	0	-0.001
0.77	0.02	0	-0.001
0.78	0.02	0	-0.001
0.79	0.01	0	-0.001
0.8	0.01	0	-0.001
0.81	0.01	0	0
0.82	0.01	0	0.001
0.83	0	0	0.002
0.84	0	0	0.003
0.85	0	0	0.003
0.86	0	0	0.004
0.87	0	0	0.004
0.88	0	0	0.004
0.89	0	0	0.005
0.9	0	0	0.005
0.91	0	0	0.005
0.92	0	0	0.006
0.93	0	0	0.006
0.94	0	0	0.007
0.95	0	0	0.007
0.96	0.01	0	0.007
0.97	0.01	0	0.006
0.98	0.01	0	0.006
0.99	0.01	0	0.005
1	0.01	0	0.005
1.01	0.02	0	0.005
1.02	0.02	0	0.005
1.03	0.02	0	0.005
1.04	0.02	0	0.006
1.05	0.03	0	0.005
1.06	0.04	0	0.006
1.07	0.05	0	0.004
1.08	0.06	0	0.004
1.09	0.06	0	0.003
1.1	0.07	0	0.003
1.11	0.08	0	0.001
1.12	0.08	0	-0.001
1.13	0.08	0	-0.002
1.14	0.1	0	-0.002
1.15	0.1	0	-0.002
1.16	0.1	0	-0.002
1.17	0.11	0	-0.002
1.18	0.13	0	-0.002
1.19	0.14	0	-0.001
1.2	0.15	0	-0.001
1.21	0.16	0	-0.001
1.22	0.18	0	-0.001
1.23	0.2	0.001	-0.001
1.24	0.23	0.001	0
1.25	0.3	0.004	0
1.26	0.4	0.006	0
1.27	0.83	0.012	0
1.28	1.29	0.018	0
1.29	2.02	0.021	0
1.3	2.66	0.022	0
1.31	2.45	0.02	0
1.32	3.24	0.019	0.001
1.33	3.98	0.018	0.001
1.34	4.26	0.016	0.001
1.35	4.68	0.017	0.001
1.36	5.41	0.017	0
1.37	6.29	0.02	0
1.38	7.23	0.022	0
1.39	8.09	0.025	0
1.4	8.89	0.027	0
1.41	9.54	0.029	0
1.42	10.48	0.032	0
1.43	11.18	0.033	0
1.44	11.84	0.036	0
1.45	12.11	0.038	0
1.46	12.62	0.041	0
1.47	13.08	0.044	0
1.48	13.49	0.04	0
1.49	13.83	0.04	0
1.5	14.18	0.041	0
1.51	14.5	0.042	0
1.52	14.63	0.047	0
1.53	14.93	0.049	0
1.54	15.18	0.052	0
1.55	15.43	0.056	0
1.56	15.34	0.057	0
1.57	15.39	0.06	0
1.58	15.44	0.061	0
1.59	15.57	0.063	0
1.6	15.58	0.067	0
1.61	15.6	0.069	0
1.62	15.6	0.07	0
1.63	15.67	0.071	0
1.64	15.71	0.073	0
1.65	15.74	0.074	0
1.66	15.73	0.075	0
1.67	15.65	0.076	0
1.68	15.6	0.078	0
1.69	15.52	0.079	0
1.7	15.39	0.08	0
1.71	15.33	0.081	0
1.72	15.31	0.083	0
1.73	15.28	0.083	0
1.74	15.23	0.084	0
1.75	15.19	0.085	0
1.76	15.14	0.085	0
1.77	15.06	0.085	0
1.78	14.92	0.085	0
1.79	14.84	0.085	0
1.8	14.76	0.085	0
1.81	14.69	0.085	0
1.82	14.49	0.084	0
1.83	14.37	0.084	0
1.84	14.25	0.083	0
1.85	14.12	0.083	0
1.86	13.89	0.082	0
1.87	13.78	0.082	0
1.88	13.7	0.081	0
1.89	13.61	0.081	0
1.9	13.45	0.081	0
1.91	13.39	0.081	0
1.92	13.29	0.081	0
1.93	13.21	0.081	0
1.94	12.89	0.081	0
1.95	12.7	0.08	0
1.96	12.4	0.079	0
1.97	12.07	0.078	-0.001
1.98	11.16	0.078	-0.001
1.99	10.68	0.077	-0.001
2	10.32	0.074	-0.001
2.01	10	0.072	-0.001
2.02	9.35	0.07	-0.001
2.03	8.96	0.068	-0.001
2.04	8.48	0.064	-0.001
2.05	7.84	0.062	-0.001
2.06	7.21	0.06	-0.001
2.07	6.41	0.058	-0.001
2.08	6.05	0.053	-0.001
2.09	5.62	0.051	-0.001
2.1	5.17	0.048	-0.001
2.11	4.48	0.045	-0.002
2.12	4.18	0.043	-0.002
2.13	3.78	0.04	-0.002
2.14	3.43	0.038	-0.002
2.15	2.89	0.036	-0.002
2.16	2.66	0.034	-0.002
2.17	2.41	0.032	-0.002
2.18	2.19	0.03	-0.001
2.19	1.96	0.028	0.001
2.2	1.79	0.024	0
2.21	1.65	0.022	0.001
2.22	1.59	0.02	0.001
2.23	1.52	0.019	0.001
2.24	1.46	0.017	0.001
2.25	1.36	0.016	0.001
2.26	1.28	0.015	0.001
2.27	1.19	0.015	0.001
2.28	1.1	0.014	0.001
2.29	1.01	0.014	0.001
2.3	0.93	0.014	0.001
2.31	0.85	0.013	0.001
2.32	0.81	0.012	0.001
2.33	0.78	0.011	0.001
2.34	0.72	0.011	0.001
2.35	0.64	0.011	0.002
2.36	0.59	0.01	0.002
2.37	0.57	0.01	0.003
2.38	0.53	0.009	0.003
2.39	0.53	0.009	0.004
2.4	0.52	0.009	0.005
2.41	0.52	0.009	0.005
2.42	0.51	0.009	0.005
2.43	0.48	0.009	0.006
2.44	0.44	0.009	0.006
2.45	0.4	0.009	0.006
2.46	0.37	0.01	0.007
2.47	0.35	0.01	0.007
2.48	0.32	0.01	0.007
2.49	0.3	0.009	0.007
2.5	0.29	0.009	0.007
2.51	0.28	0.009	0.008
2.52	0.27	0.01	0.007
2.53	0.27	0.011	0.005
2.54	0.28	0.013	0.004
2.55	0.31	0.014	0.003
2.56	0.38	0.016	0.003
2.57	0.45	0.017	0.003
2.58	0.47	0.018	0.004
2.59	0.48	0.019	0.005
2.6	0.46	0.019	0.003
2.61	0.43	0.02	0.008
2.62	0.37	0.02	0.013
2.63	0.35	0.02	0.012
2.64	0.33	0.02	0.014
2.65	0.32	0.019	0.013
2.66	0.28	0.019	0.023
2.67	0.28	0.017	0.034
2.68	0.26	0.016	0.038
2.69	0.25	0.015	0.049
2.7	0.25	0.014	0.051
2.71	0.25	0.013	0.05
2.72	0.25	0.012	0.051
2.73	0.26	0.011	0.052
2.74	0.28	0.011	0.053
2.75	0.3	0.011	0.057
2.76	0.32	0.011	0.05
2.77	0.33	0.011	0.051
2.78	0.35	0.011	0.052
2.79	0.37	0.011	0.052
2.8	0.4	0.011	0.049
2.81	0.43	0.012	0.041
2.82	0.43	0.012	0.042
2.83	0.43	0.013	0.036
2.84	0.43	0.012	0.037
2.85	0.45	0.013	0.039
2.86	0.45	0.014	0.038
2.87	0.46	0.015	0.036
2.88	0.48	0.016	0.036
2.89	0.51	0.019	0.037
2.9	0.57	0.02	0.038
2.91	0.65	0.021	0.04
2.92	0.81	0.023	0.041
2.93	0.88	0.024	0.038
2.94	0.92	0.025	0.034
2.95	0.95	0.025	0.031
2.96	0.99	0.026	0.02
2.97	0.99	0.029	0.018
2.98	1.01	0.031	0.018
2.99	1.09	0.032	0.021
3	1.16	0.034	0.023
3.01	1.24	0.037	0.027
3.02	1.32	0.039	0.028
3.03	1.5	0.039	0.027
3.04	1.56	0.038	0.022
3.05	1.64	0.037	0.018
3.06	1.73	0.036	0.016
3.07	2.02	0.036	0.016
3.08	2.17	0.037	0.01
3.09	2.31	0.037	0.006
3.1	2.39	0.037	-0.004
3.11	2.38	0.039	-0.005
3.12	2.28	0.039	-0.005
3.13	2.26	0.039	-0.004
3.14	2.3	0.038	-0.004
3.15	2.33	0.038	-0.003
3.16	2.36	0.038	-0.004
3.17	2.48	0.035	-0.009
3.18	2.69	0.033	-0.012
3.19	2.89	0.032	-0.016
3.2	3.23	0.031	-0.017
3.21	3.41	0.029	-0.021
3.22	3.6	0.027	-0.025
3.23	3.74	0.025	-0.027
3.24	3.7	0.025	-0.017
3.25	3.62	0.025	-0.007
3.26	3.54	0.025	0
3.27	3.47	0.025	0.006
3.28	3.3	0.025	0.014
3.29	3.19	0.027	0.021
3.3	3.09	0.03	0.022
3.31	3.01	0.032	0.024
3.32	2.88	0.032	0.025
3.33	2.84	0.033	0.026
3.34	2.81	0.034	0.026
3.35	2.76	0.034	0.024
3.36	2.62	0.033	0.023
3.37	2.58	0.032	0.021
3.38	2.56	0.03	0.017
3.39	2.59	0.031	0.015
3.4	2.62	0.032	0.012
3.41	2.68	0.035	0.009
3.42	2.74	0.038	0.007
3.43	2.81	0.039	0.007
3.44	2.89	0.038	0.008
3.45	2.99	0.037	0.008
3.46	3.42	0.037	0.01
3.47	4.12	0.038	0.013
3.48	5.23	0.039	0.012
3.49	6.48	0.037	0.009
3.5	8.66	0.034	0.005
3.51	9.38	0.034	-0.035
3.52	9.94	0.036	-0.025
3.53	10.37	0.038	-0.015
3.54	11.02	0.04	-0.004
3.55	11.28	0.045	0.006
3.56	11.49	0.048	0.01
3.57	11.28	0.05	0.01
3.58	11.3	0.054	0.01
3.59	11.32	0.056	0.011
3.6	11.41	0.059	0.011
3.61	11.39	0.062	0.011
3.62	11.39	0.067	0.011
3.63	11.37	0.069	0.011
3.64	11.19	0.071	0.011
3.65	11.05	0.072	0.011
3.66	10.9	0.074	0.011
3.67	10.72	0.074	0.011
3.68	10.31	0.074	0.012
3.69	10.08	0.074	0.012
3.7	9.87	0.074	0.012
3.71	9.67	0.074	0.012
3.72	9.5	0.074	0.013
3.73	9.11	0.073	0.013
3.74	8.89	0.072	0.013
3.75	8.63	0.071	0.013
3.76	8.34	0.071	0.014
3.77	7.78	0.071	0.014
3.78	7.52	0.071	0.014
3.79	7.28	0.07	0.015
3.8	7.07	0.07	0.015
3.81	6.62	0.068	0.016
3.82	6.4	0.066	0.018
3.83	6.18	0.065	0.018
3.84	5.93	0.065	0.018
3.85	5.41	0.065	0.019
3.86	5.17	0.067	0.018
3.87	4.97	0.069	0.018
3.88	4.75	0.068	0.02
3.89	4.5	0.068	0.022
3.9	4.53	0.066	0.029
3.91	4.55	0.066	0.033
3.92	4.69	0.065	0.034
3.93	5.07	0.063	0.033
3.94	5.27	0.062	0.007
3.95	5.46	0.06	-0.004
3.96	5.75	0.058	-0.035
3.97	6.21	0.056	-0.043
3.98	7.49	0.055	-0.046
3.99	8.33	0.052	-0.049
4	9.3	0.05	-0.05
4.01	10.32	0.049	-0.051
4.02	12.15	0.049	-0.053
4.03	12.86	0.049	-0.061
4.04	13.45	0.05	-0.065
4.05	13.97	0.052	-0.066
4.06	14.87	0.055	-0.058
4.07	15.23	0.058	-0.049
4.08	15.47	0.063	-0.035
4.09	15.72	0.064	-0.025
4.1	16.19	0.068	-0.02
4.11	16.36	0.07	-0.005
4.12	16.58	0.074	0.002
4.13	16.84	0.078	0.006
4.14	17.34	0.081	0.007
4.15	17.64	0.084	0.008
4.16	17.91	0.088	0.008
4.17	18.16	0.094	0.008
4.18	18.4	0.097	0.006
4.19	18.81	0.098	0.006
4.2	19.04	0.098	0.003
4.21	19.12	0.1	0.002
4.22	19.26	0.102	0.002
4.23	19.39	0.103	0.002
4.24	19.55	0.104	0.002
4.25	19.63	0.104	0.002
4.26	19.73	0.107	0.002
4.27	19.8	0.109	0.001
4.28	19.84	0.11	0.001
4.29	19.97	0.111	0.001
4.3	20.03	0.112	0.001
4.31	20.07	0.112	0.001
4.32	20.15	0.113	0.001
4.33	20.21	0.113	0.001
4.34	20.21	0.113	0.001
4.35	20.22	0.114	0.001
4.36	20.14	0.117	0.001
4.37	20.1	0.117	0.001
4.38	19.98	0.118	0.001
4.39	19.91	0.119	0.002
4.4	19.83	0.121	0.002
4.41	19.7	0.121	0.002
4.42	19.47	0.121	0.002
4.43	19.32	0.121	0.002
4.44	19.24	0.121	0.002
4.45	19.28	0.121	0.002
4.46	19.33	0.121	0.002
4.47	19.48	0.121	0.002
4.48	19.66	0.121	0.002
4.49	19.79	0.121	0.002
4.5	19.86	0.109	0.002
4.51	19.91	0.097	0.002
4.52	20.04	0.093	0.002
4.53	20.05	0.093	-0.001
4.54	20.07	0.094	-0.005
4.55	20.03	0.095	-0.005
4.56	19.97	0.097	0.009
4.57	19.38	0.098	0.023
4.58	19.43	0.097	0.018
4.59	19.49	0.098	-0.002
4.6	19.59	0.098	-0.007
4.61	19.66	0.098	-0.009
4.62	19.67	0.098	-0.008
4.63	19.66	0.098	-0.008
4.64	19.66	0.098	-0.007
4.65	19.64	0.098	-0.007
4.66	19.64	0.098	-0.007
4.67	19.59	0.098	-0.008
4.68	19.52	0.099	-0.007
4.69	19.45	0.099	-0.007
4.7	19.34	0.099	-0.006
4.71	19.19	0.099	-0.005
4.72	19.04	0.1	-0.004
4.73	18.89	0.1	-0.004
4.74	18.71	0.1	-0.004
4.75	18.55	0.1	-0.001
4.76	18.44	0.1	-0.001
4.77	18.31	0.1	0
4.78	18.06	0.1	0
4.79	17.95	0.098	0.002
4.8	17.79	0.097	0.002
4.81	17.63	0.095	0.005
4.82	17.48	0.094	0.005
4.83	17.4	0.094	0.005
4.84	17.35	0.094	0.005
4.85	17.31	0.094	0.005
4.86	17.24	0.094	0.006
4.87	17.09	0.094	0.007
4.88	16.84	0.093	0.008
4.89	16.58	0.094	0.009
4.9	15.98	0.095	0.01
4.91	15.68	0.094	0.01
4.92	15.42	0.096	0.011
4.93	15.2	0.097	0.012
4.94	14.98	0.098	0.012
4.95	14.72	0.098	0.012
4.96	14.48	0.098	0.012
4.97	14.18	0.098	0.013
4.98	13.89	0.097	0.013
4.99	13.49	0.097	0.017
5	13.13	0.096	0.02
5.01	12.77	0.095	0.022
5.02	12.42	0.095	0.023
5.03	12.14	0.093	0.023
5.04	11.88	0.092	0.024
5.05	11.55	0.092	0.025
5.06	11.47	0.09	0.025
5.07	11.46	0.089	0.025
5.08	11.45	0.088	0.024
5.09	11.47	0.087	0.023
5.1	11.49	0.086	0.023
5.11	11.52	0.085	0.023
5.12	11.55	0.085	0.023
5.13	11.53	0.085	0.024
5.14	11.55	0.084	0.025
5.15	11.61	0.084	0.027
5.16	11.69	0.082	0.028
5.17	12.22	0.079	0.029
5.18	12.69	0.078	0.03
5.19	13.31	0.077	0.03
5.2	14.03	0.076	0.029
5.21	14.69	0.075	0.027
5.22	15.27	0.075	0.025
5.23	15.73	0.076	0.022
5.24	16.09	0.076	0.017
5.25	16.31	0.077	0.001
5.26	16.47	0.081	-0.006
5.27	16.53	0.082	-0.007
5.28	16.52	0.082	-0.007
5.29	16.43	0.082	-0.007
5.3	16.3	0.082	-0.007
5.31	16.2	0.081	-0.006
5.32	16.06	0.081	-0.004
5.33	16.03	0.081	-0.001
5.34	16.11	0.082	0.002
5.35	16.19	0.082	0.004
5.36	16.56	0.084	0.008
5.37	17.03	0.084	0.009
5.38	17.53	0.085	0.01
5.39	17.98	0.086	0.012
5.4	18.37	0.086	0.013
5.41	18.69	0.09	0.014
5.42	18.99	0.091	0.014
5.43	19.2	0.094	0.011
5.44	19.35	0.098	-0.002
5.45	19.3	0.1	-0.003
5.46	19.16	0.102	-0.001
5.47	18.92	0.103	0
5.48	18.62	0.105	0.007
5.49	18.33	0.106	0.009
5.5	18.06	0.107	0.011
5.51	17.84	0.108	0.012
5.52	17.68	0.109	0.014
5.53	17.49	0.102	0.016
5.54	17.37	0.096	0.018
5.55	17.39	0.091	0.02
5.56	17.41	0.088	0.022
5.57	17.64	0.088	0.024
5.58	17.96	0.088	0.026
5.59	18.25	0.087	0.028
5.6	18.71	0.088	0.029
5.61	18.67	0.088	0.025
5.62	18.92	0.09	0.026
5.63	19.18	0.091	0.015
5.64	19.31	0.092	0.01
5.65	19.39	0.094	0.008
5.66	19.37	0.098	0.008
5.67	19.32	0.099	0.009
5.68	19.28	0.1	0.01
5.69	19.21	0.101	0.011
5.7	19.17	0.105	0.013
5.71	19.08	0.107	0.015
5.72	18.74	0.108	0.017
5.73	18.55	0.109	0.02
5.74	18.38	0.109	0.021
5.75	18.28	0.109	0.022
5.76	18.3	0.109	0.022
5.77	18.32	0.109	0.023
5.78	18.49	0.109	0.023
5.79	18.76	0.109	0.023
5.8	19.3	0.109	0.024
5.81	19.48	0.11	0.025
5.82	19.56	0.11	0.025
5.83	19.64	0.11	0.025
5.84	19.69	0.111	0.025
5.85	19.82	0.111	0.025
5.86	19.85	0.112	0.023
5.87	19.83	0.114	0.023
5.88	19.74	0.117	0.023
5.89	19.53	0.118	0.023
5.9	19.42	0.119	0.022
5.91	19.3	0.119	0.022
5.92	19.28	0.119	0.021
5.93	19.29	0.118	0.021
5.94	19.3	0.118	0.02
5.95	19.36	0.117	0.02
5.96	19.5	0.116	0.02
5.97	19.86	0.116	0.02
5.98	20.08	0.114	0.019
5.99	20.29	0.114	0.019
6	20.47	0.114	0.019
6.01	20.57	0.114	0.019
6.02	20.63	0.115	0.018
6.03	20.61	0.116	0.017
6.04	20.68	0.119	0.016
6.05	20.51	0.123	0.016
6.06	20.41	0.124	0.016
6.07	20.24	0.128	0.016
6.08	20.02	0.128	0.016
6.09	19.82	0.128	0.016
6.1	19.64	0.129	0.015
6.11	19.28	0.13	0.015
6.12	19.25	0.131	0.015
6.13	19.3	0.132	0.015
6.14	19.36	0.132	0.014
6.15	19.51	0.132	0.014
6.16	19.71	0.132	0.014
6.17	19.83	0.131	0.014
6.18	20.17	0.132	0.014
6.19	20.4	0.132	0.013
6.2	20.67	0.132	0.012
6.21	20.98	0.133	0.012
6.22	21.52	0.134	0.012
6.23	21.73	0.135	0.012
6.24	21.88	0.137	0.012
6.25	21.96	0.139	0.012
6.26	22.15	0.141	0.011
6.27	22.18	0.142	0.011
6.28	22.26	0.144	0.011
6.29	22.34	0.144	0.011
6.3	22.34	0.146	0.01
6.31	22.39	0.148	0.01
6.32	22.41	0.149	0.009
6.33	22.41	0.15	0.009
6.34	22.45	0.15	0.009
6.35	22.47	0.149	0.008
6.36	22.42	0.149	0.008
6.37	22.4	0.148	0.008
6.38	22.37	0.147	0.008
6.39	22.36	0.147	0.008
6.4	22.21	0.146	0.008
6.41	22.18	0.146	0.008
6.42	22.13	0.145	0.008
6.43	22.13	0.145	0.007
6.44	22.1	0.144	0.007
6.45	22	0.142	0.007
6.46	22	0.139	0.008
6.47	21.93	0.137	0.007
6.48	21.94	0.136	0.007
6.49	21.94	0.135	0.007
6.5	22.08	0.135	0.007
6.51	22.23	0.135	0.007
6.52	22.49	0.135	0.007
6.53	22.59	0.135	0.007
6.54	22.75	0.117	0.007
6.55	22.79	0.113	0.007
6.56	22.84	0.114	0.007
6.57	22.89	0.114	0.007
6.58	22.81	0.117	0.007
6.59	22.7	0.123	0.007
6.6	22.63	0.124	0.007
6.61	22.23	0.128	0.007
6.62	21.82	0.131	0.007
6.63	21.76	0.134	0.007
6.64	21.6	0.136	0.007
6.65	21.41	0.138	0.007
6.66	21.15	0.139	0.007
6.67	20.99	0.14	0.007
6.68	20.69	0.141	0.007
6.69	20.56	0.142	0.007
6.7	20.27	0.142	0.006
6.71	20.24	0.142	0.006
6.72	20.09	0.141	0.006
6.73	19.91	0.14	0.006
6.74	19.72	0.139	0.006
6.75	19.55	0.136	0.006
6.76	19.28	0.135	0.006
6.77	19.2	0.133	0.006
6.78	19.19	0.133	0.006
6.79	19.31	0.133	0.006
6.8	19.42	0.133	0.006
6.81	19.53	0.134	0.006
6.82	19.75	0.135	0.006
6.83	19.82	0.136	0.006
6.84	19.83	0.137	0.007
6.85	19.82	0.138	0.007
6.86	19.68	0.14	0.008
6.87	19.64	0.141	0.008
6.88	19.57	0.142	0.009
6.89	19.51	0.143	0.008
6.9	19.48	0.146	0.009
6.91	19.48	0.151	0.009
6.92	19.49	0.151	0.009
6.93	19.55	0.152	0.009
6.94	19.68	0.153	0.009
6.95	19.71	0.154	0.009
6.96	19.62	0.153	0.009
6.97	19.55	0.153	0.009
6.98	19.51	0.152	0.008
6.99	19.49	0.151	0.008
7	19.49	0.151	0.007
7.01	19.53	0.15	0.007
7.02	19.57	0.147	0.007
7.03	19.6	0.145	0.007
7.04	19.81	0.147	0.007
7.05	19.86	0.144	0.006
7.06	19.97	0.145	0.006
7.07	20.05	0.143	0.006
7.08	20.18	0.143	0.005
7.09	20.5	0.143	0.005
7.1	20.75	0.143	0.005
7.11	20.92	0.145	0.005
7.12	20.99	0.145	0.007
7.13	21.03	0.147	0.007
7.14	20.95	0.148	0.007
7.15	20.77	0.15	0.007
7.16	20.5	0.155	0.007
7.17	20.27	0.159	0.006
7.18	20.12	0.161	0.006
7.19	20.02	0.162	0.006
7.2	19.95	0.164	0.005
7.21	19.88	0.165	0.005
7.22	19.78	0.164	0.005
7.23	19.73	0.164	0.005
7.24	19.6	0.161	0.005
7.25	19.39	0.16	0.005
7.26	19.08	0.159	0.005
7.27	18.77	0.157	0.005
7.28	18.51	0.156	0.005
7.29	18.44	0.156	0.005
7.3	18.48	0.154	0.005
7.31	18.52	0.154	0.005
7.32	18.74	0.154	0.005
7.33	18.95	0.152	0.005
7.34	19.25	0.151	0.006
7.35	19.53	0.15	0.006
7.36	19.83	0.15	0.006
7.37	20.06	0.151	0.006
7.38	20.15	0.151	0.006
7.39	20.06	0.152	0.006
7.4	20.02	0.154	0.007
7.41	19.96	0.155	0.007
7.42	19.9	0.156	0.007
7.43	19.85	0.156	0.007
7.44	19.84	0.156	0.007
7.45	19.84	0.155	0.007
7.46	19.84	0.155	0.007
7.47	19.74	0.155	0.008
7.48	19.64	0.154	0.007
7.49	19.59	0.154	0.007
7.5	19.48	0.155	0.007
7.51	19.39	0.156	0.007
7.52	19.28	0.156	0.007
7.53	18.97	0.089	0.007
7.54	18.73	0.117	0.007
7.55	18.44	0.128	0.008
7.56	18.14	0.132	0.008
7.57	17.88	0.134	0.008
7.58	17.63	0.135	0.008
7.59	17.47	0.135	0.007
7.6	17.36	0.136	0.008
7.61	16.97	0.136	0.006
7.62	16.92	0.136	0.006
7.63	17.07	0.134	0.006
7.64	17.22	0.133	0.006
7.65	17.38	0.132	0.006
7.66	17.65	0.131	0.007
7.67	17.95	0.13	0.007
7.68	18.04	0.132	0.008
7.69	18.19	0.134	0.008
7.7	18.28	0.135	0.008
7.71	18.4	0.138	0.008
7.72	18.62	0.139	0.008
7.73	18.69	0.141	0.008
7.74	18.73	0.141	0.009
7.75	18.78	0.142	0.009
7.76	18.79	0.142	0.009
7.77	18.82	0.143	0.009
7.78	18.9	0.144	0.009
7.79	19.07	0.145	0.01
7.8	19.56	0.147	0.01
7.81	19.82	0.147	0.01
7.82	20.04	0.149	0.01
7.83	20.24	0.152	0.01
7.84	20.38	0.154	0.01
7.85	20.49	0.154	0.01
7.86	20.53	0.156	0.01
7.87	20.5	0.155	0.011
7.88	20.44	0.158	0.011
7.89	20.33	0.16	0.011
7.9	20.33	0.161	0.01
7.91	20.34	0.162	0.01
7.92	20.36	0.162	0.01
7.93	20.35	0.162	0.011
7.94	20.36	0.163	0.011
7.95	20.4	0.162	0.011
7.96	20.49	0.162	0.011
7.97	20.57	0.162	0.011
7.98	20.79	0.162	0.011
7.99	20.92	0.162	0.011
8	20.97	0.162	0.011
8.01	21.05	0.162	0.011
8.02	21.04	0.162	0.012
8.03	21.05	0.163	0.011
8.04	21.06	0.164	0.011
8.05	21.08	0.165	0.012
8.06	21.06	0.167	0.011
8.07	21.01	0.168	0.011
8.08	20.97	0.169	0.011
8.09	20.87	0.169	0.011
8.1	20.79	0.169	0.011
8.11	20.69	0.169	0.012
8.12	20.58	0.17	0.012
8.13	20.48	0.17	0.012
8.14	20.28	0.17	0.012
8.15	20.2	0.171	0.012
8.16	20.13	0.172	0.012
8.17	20.07	0.172	0.012
8.18	20.08	0.171	0.012
8.19	19.97	0.171	0.012
8.2	19.9	0.17	0.012
8.21	19.7	0.17	0.013
8.22	19.62	0.17	0.013
8.23	19.33	0.169	0.013
8.24	19.19	0.167	0.013
8.25	19.03	0.167	0.013
8.26	18.86	0.165	0.013
8.27	18.68	0.164	0.013
8.28	18.6	0.162	0.013
8.29	18.52	0.16	0.013
8.3	18.45	0.157	0.014
8.31	18.35	0.155	0.014
8.32	18.31	0.154	0.014
8.33	18.3	0.15	0.014
8.34	18.34	0.149	0.014
8.35	18.38	0.147	0.014
8.36	18.53	0.148	0.014
8.37	18.75	0.147	0.014
8.38	19	0.146	0.014
8.39	19.12	0.144	0.014
8.4	19.21	0.144	0.014
8.41	19.32	0.144	0.014
8.42	19.52	0.144	0.014
8.43	19.63	0.146	0.014
8.44	19.76	0.147	0.014
8.45	20.02	0.148	0.014
8.46	20.08	0.149	0.014
8.47	20.15	0.149	0.014
8.48	20.25	0.151	0.014
8.49	20.36	0.152	0.014
8.5	20.49	0.154	0.014
8.51	20.61	0.155	0.014
8.52	20.69	0.158	0.014
8.53	20.76	0.159	0.014
8.54	20.74	0.153	0.014
8.55	20.68	0.147	0.015
8.56	20.65	0.146	0.015
8.57	20.54	0.144	0.015
8.58	20.48	0.144	0.015
8.59	20.45	0.144	0.015
8.6	20.39	0.144	0.015
8.61	20.04	0.148	0.014
8.62	19.98	0.149	0.013
8.63	20.07	0.15	0.013
8.64	20.17	0.151	0.013
8.65	20.29	0.152	0.013
8.66	20.17	0.152	0.013
8.67	19.88	0.152	0.013
8.68	19.72	0.155	0.014
8.69	19.72	0.156	0.014
8.7	19.62	0.157	0.014
8.71	19.46	0.159	0.014
8.72	19.13	0.16	0.014
8.73	18.58	0.159	0.014
8.74	18.28	0.159	0.015
8.75	17.99	0.158	0.015
8.76	17.63	0.157	0.015
8.77	17.42	0.155	0.014
8.78	17.15	0.154	0.014
8.79	16.93	0.151	0.014
8.8	16.94	0.148	0.015
8.81	16.96	0.146	0.015
8.82	17.1	0.144	0.015
8.83	17.3	0.142	0.015
8.84	17.49	0.14	0.015
8.85	17.62	0.137	0.015
8.86	17.75	0.137	0.015
8.87	17.77	0.135	0.016
8.88	17.78	0.134	0.016
8.89	17.81	0.133	0.015
8.9	17.84	0.133	0.015
8.91	17.82	0.132	0.015
8.92	17.84	0.13	0.015
8.93	17.86	0.13	0.015
8.94	17.94	0.129	0.015
8.95	18.04	0.128	0.015
8.96	18.1	0.127	0.015
8.97	18.23	0.126	0.016
8.98	18.35	0.125	0.016
8.99	18.48	0.125	0.016
9	18.63	0.125	0.016
9.01	18.78	0.125	0.017
9.02	18.87	0.126	0.017
9.03	19.06	0.127	0.017
9.04	19.12	0.128	0.017
9.05	19.17	0.129	0.017
9.06	19.2	0.13	0.017
9.07	19.22	0.13	0.017
9.08	19.18	0.132	0.018
9.09	19.15	0.133	0.018
9.1	19.05	0.134	0.018
9.11	18.98	0.134	0.018
9.12	18.87	0.135	0.018
9.13	18.81	0.135	0.018
9.14	18.71	0.136	0.018
9.15	18.52	0.135	0.018
9.16	18.44	0.135	0.018
9.17	18.42	0.135	0.018
9.18	18.38	0.135	0.018
9.19	18.37	0.135	0.019
9.2	18.39	0.135	0.019
9.21	18.37	0.135	0.019
9.22	18.37	0.135	0.019
9.23	18.37	0.135	0.019
9.24	18.33	0.135	0.019
9.25	18.31	0.135	0.019
9.26	18.27	0.135	0.019
9.27	18.08	0.134	0.019
9.28	18.03	0.133	0.019
9.29	17.94	0.134	0.019
9.3	17.88	0.133	0.019
9.31	17.84	0.132	0.019
9.32	17.82	0.132	0.019
9.33	17.76	0.132	0.019
9.34	17.65	0.131	0.019
9.35	17.63	0.131	0.019
9.36	17.6	0.131	0.02
9.37	17.56	0.131	0.019
9.38	17.52	0.131	0.019
9.39	17.49	0.132	0.019
9.4	17.46	0.132	0.019
9.41	17.42	0.132	0.02
9.42	17.34	0.132	0.02
9.43	17.3	0.131	0.02
9.44	17.2	0.132	0.02
9.45	17.1	0.132	0.02
9.46	16.97	0.132	0.02
9.47	16.89	0.132	0.02
9.48	16.84	0.132	0.02
9.49	16.76	0.132	0.02
9.5	16.68	0.131	0.02
9.51	16.56	0.131	0.02
9.52	16.34	0.131	0.02
9.53	16.2	0.129	0.02
9.54	16.04	0.128	0.02
9.55	15.93	0.117	0.02
9.56	15.81	0.11	0.02
9.57	15.78	0.106	0.02
9.58	15.71	0.105	0.02
9.59	15.71	0.104	0.02
9.6	15.71	0.104	0.02
9.61	15.69	0.104	0.02
9.62	15.47	0.104	0.019
9.63	15.51	0.104	0.018
9.64	15.54	0.105	0.018
9.65	15.65	0.105	0.018
9.66	15.68	0.106	0.018
9.67	15.62	0.106	0.019
9.68	15.47	0.106	0.019
9.69	15.45	0.106	0.019
9.7	15.47	0.106	0.019
9.71	15.5	0.106	0.019
9.72	15.63	0.106	0.019
9.73	15.73	0.106	0.019
9.74	16.07	0.107	0.02
9.75	16.28	0.108	0.02
9.76	16.58	0.109	0.02
9.77	16.91	0.11	0.02
9.78	17.11	0.112	0.021
9.79	17.22	0.113	0.021
9.8	17.26	0.114	0.021
9.81	17.26	0.116	0.021
9.82	17.3	0.118	0.021
9.83	17.29	0.124	0.021
9.84	17.31	0.126	0.021
9.85	17.34	0.126	0.022
9.86	17.33	0.127	0.022
9.87	17.31	0.127	0.022
9.88	17.24	0.127	0.022
9.89	17.19	0.127	0.022
9.9	17.11	0.128	0.022
9.91	17.1	0.129	0.022
9.92	17.07	0.129	0.022
9.93	17.04	0.129	0.022
9.94	17.02	0.129	0.023
9.95	17	0.128	0.023
9.96	17	0.128	0.023
9.97	17.01	0.128	0.023
9.98	17.02	0.128	0.023
9.99	17.05	0.127	0.023
10	17.09	0.127	0.023
10.01	17.13	0.127	0.023
10.02	17.23	0.127	0.023
10.03	17.26	0.126	0.023
10.04	17.35	0.126	0.024
10.05	17.4	0.126	0.024
10.06	17.46	0.127	0.024
10.07	17.51	0.127	0.024
10.08	17.55	0.127	0.024
10.09	17.57	0.127	0.024
10.1	17.57	0.127	0.024
10.11	17.58	0.127	0.024
10.12	17.61	0.127	0.024
10.13	17.62	0.126	0.025
10.14	17.65	0.126	0.025
10.15	17.67	0.126	0.025
10.16	17.69	0.126	0.025
10.17	17.69	0.126	0.025
10.18	17.7	0.126	0.025
10.19	17.69	0.125	0.025
10.2	17.66	0.125	0.025
10.21	17.63	0.125	0.025
10.22	17.57	0.125	0.026
10.23	17.5	0.124	0.026
10.24	17.45	0.124	0.026
10.25	17.42	0.124	0.026
10.26	17.36	0.123	0.026
10.27	17.22	0.123	0.026
10.28	17.14	0.123	0.026
10.29	17.05	0.124	0.026
10.3	16.96	0.124	0.026
10.31	16.89	0.123	0.026
10.32	16.78	0.122	0.026
10.33	16.7	0.122	0.027
10.34	16.79	0.122	0.027
10.35	16.88	0.122	0.027
10.36	17.12	0.122	0.027
10.37	17.39	0.12	0.027
10.38	17.79	0.119	0.027
10.39	18.29	0.119	0.028
10.4	18.87	0.119	0.028
10.41	19.43	0.12	0.028
10.42	20.26	0.122	0.029
10.43	20.59	0.125	0.029
10.44	20.9	0.134	0.03
10.45	21.23	0.138	0.03
10.46	21.52	0.142	0.03
10.47	21.74	0.145	0.03
10.48	21.9	0.147	0.031
10.49	21.89	0.159	0.031
10.5	21.98	0.157	0.031
10.51	22.08	0.161	0.032
10.52	22.22	0.163	0.033
10.53	22.45	0.16	0.034
10.54	22.64	0.157	0.034
10.55	22.75	0.158	0.034
10.56	22.94	0.157	0.034
10.57	23.05	0.159	0.034
10.58	23.17	0.16	0.034
10.59	23.18	0.16	0.035
10.6	23.13	0.162	0.035
10.61	22.52	0.167	0.034
10.62	22.53	0.171	0.034
10.63	22.53	0.172	0.033
10.64	22.63	0.174	0.034
10.65	22.7	0.176	0.034
10.66	22.63	0.177	0.033
10.67	22.59	0.178	0.033
10.68	22.58	0.179	0.033
10.69	22.6	0.181	0.032
10.7	22.62	0.184	0.032
10.71	22.87	0.184	0.033
10.72	22.99	0.186	0.032
10.73	23.1	0.187	0.032
10.74	23.28	0.189	0.032
10.75	23.36	0.192	0.032
10.76	23.5	0.192	0.032
10.77	23.74	0.194	0.032
10.78	23.91	0.195	0.033
10.79	24.05	0.196	0.033
10.8	24.16	0.198	0.033
10.81	24.25	0.201	0.033
10.82	24.48	0.204	0.033
10.83	24.45	0.207	0.033
10.84	24.42	0.21	0.033
10.85	24.31	0.21	0.033
10.86	24.21	0.212	0.032
10.87	23.74	0.212	0.031
10.88	23.44	0.211	0.031
10.89	23.09	0.211	0.03
10.9	22.68	0.211	0.03
10.91	22.27	0.21	0.029
10.92	21.95	0.206	0.029
10.93	21.27	0.203	0.029
10.94	20.96	0.201	0.027
10.95	20.74	0.198	0.027
10.96	20.43	0.196	0.027
10.97	20.24	0.195	0.027
10.98	19.8	0.194	0.027
10.99	19.6	0.192	0.027
11	19.56	0.193	0.027
11.01	19.63	0.191	0.028
11.02	19.7	0.187	0.027
11.03	20.01	0.184	0.028
11.04	20.34	0.183	0.028
11.05	20.36	0.182	0.029
11.06	20.38	0.181	0.03
11.07	20.38	0.179	0.032
11.08	20.19	0.178	0.032
11.09	19.7	0.178	0.031
11.1	19.41	0.177	0.03
11.11	19.17	0.174	0.03
11.12	18.96	0.17	0.029
11.13	18.71	0.16	0.029
11.14	18.6	0.152	0.029
11.15	18.52	0.146	0.029
11.16	18.48	0.142	0.03
11.17	18.51	0.138	0.031
11.18	18.53	0.135	0.031
11.19	18.62	0.133	0.031
11.2	18.68	0.131	0.031
11.21	18.8	0.128	0.031
11.22	18.97	0.128	0.031
11.23	19.44	0.128	0.031
11.24	19.68	0.129	0.032
11.25	19.86	0.13	0.032
11.26	19.95	0.131	0.032
11.27	20.01	0.134	0.033
11.28	19.87	0.136	0.033
11.29	19.7	0.137	0.033
11.3	19.58	0.14	0.033
11.31	19.43	0.142	0.033
11.32	19.28	0.146	0.033
11.33	19.13	0.146	0.034
11.34	18.86	0.146	0.034
11.35	18.73	0.146	0.034
11.36	18.64	0.146	0.034
11.37	18.53	0.146	0.035
11.38	18.38	0.145	0.035
11.39	18.15	0.145	0.035
11.4	18	0.144	0.035
11.41	17.86	0.143	0.035
11.42	17.77	0.142	0.035
11.43	17.64	0.141	0.035
11.44	17.5	0.14	0.035
11.45	17.44	0.138	0.035
11.46	17.43	0.136	0.035
11.47	17.44	0.134	0.035
11.48	17.45	0.131	0.035
11.49	17.57	0.13	0.035
11.5	17.67	0.13	0.035
11.51	17.78	0.13	0.035
11.52	17.9	0.13	0.035
11.53	18.11	0.126	0.036
11.54	18.56	0.122	0.036
11.55	18.71	0.12	0.037
11.56	18.82	0.12	0.037
11.57	18.69	0.12	0.037
11.58	18.59	0.121	0.037
11.59	18.41	0.123	0.037
11.6	17.98	0.126	0.037
11.61	17.58	0.132	0.034
11.62	17.18	0.131	0.032
11.63	17.17	0.133	0.032
11.64	17.11	0.132	0.031
11.65	17.14	0.131	0.031
11.66	17.17	0.129	0.032
11.67	17.25	0.127	0.033
11.68	17.38	0.125	0.033
11.69	18.21	0.124	0.034
11.7	18.69	0.125	0.035
11.71	19.3	0.125	0.035
11.72	19.97	0.129	0.035
11.73	20.64	0.132	0.036
11.74	21.72	0.136	0.036
11.75	22.1	0.138	0.038
11.76	22.43	0.14	0.039
11.77	22.78	0.143	0.039
11.78	23.11	0.145	0.039
11.79	23.62	0.151	0.04
11.8	23.82	0.154	0.04
11.81	23.98	0.156	0.04
11.82	24.11	0.158	0.041
11.83	24.22	0.16	0.041
11.84	24.39	0.166	0.041
11.85	24.44	0.168	0.041
11.86	24.44	0.169	0.041
11.87	24.43	0.17	0.041
11.88	24.4	0.17	0.041
11.89	24.34	0.172	0.041
11.9	24.26	0.173	0.041
11.91	24.16	0.175	0.041
11.92	24.18	0.175	0.04
11.93	24.11	0.175	0.039
11.94	24.08	0.174	0.039
11.95	24.01	0.175	0.039
11.96	23.89	0.175	0.039
11.97	23.79	0.175	0.039
11.98	23.7	0.175	0.039
11.99	23.61	0.174	0.039
12	23.6	0.174	0.038
12.01	23.47	0.173	0.038
12.02	23.49	0.171	0.037
12.03	23.5	0.169	0.037
12.04	23.6	0.169	0.037
12.05	23.63	0.165	0.037
12.06	23.88	0.163	0.038
12.07	24	0.161	0.038
12.08	24.08	0.161	0.038
12.09	24.16	0.164	0.038
12.1	24.19	0.164	0.038
12.11	24.19	0.165	0.038
12.12	24.14	0.166	0.038
12.13	23.94	0.168	0.038
12.14	23.67	0.169	0.038
12.15	23.58	0.168	0.038
12.16	23.53	0.168	0.039
12.17	23.25	0.168	0.04
12.18	23.1	0.167	0.04
12.19	23.07	0.168	0.041
12.2	22.97	0.169	0.04
12.21	22.77	0.17	0.04
12.22	22.76	0.172	0.04
12.23	22.58	0.172	0.039
12.24	22.57	0.171	0.039
12.25	22.54	0.171	0.039
12.26	22.44	0.171	0.038
12.27	22.41	0.171	0.038
12.28	22.4	0.172	0.037
12.29	22.45	0.172	0.037
12.3	22.5	0.172	0.037
12.31	22.63	0.174	0.037
12.32	22.99	0.174	0.037
12.33	23.25	0.174	0.037
12.34	23.46	0.174	0.038
12.35	23.72	0.174	0.038
12.36	23.98	0.176	0.038
12.37	24.39	0.177	0.038
12.38	24.52	0.179	0.039
12.39	24.65	0.182	0.038
12.4	24.69	0.189	0.038
12.41	24.68	0.191	0.038
12.42	24.64	0.194	0.038
12.43	24.41	0.195	0.039
12.44	24.26	0.196	0.039
12.45	24.06	0.197	0.038
12.46	23.77	0.198	0.038
12.47	23.26	0.198	0.038
12.48	22.97	0.198	0.038
12.49	22.76	0.198	0.038
12.5	22.49	0.197	0.038
12.51	22.24	0.197	0.038
12.52	21.77	0.195	0.038
12.53	21.56	0.193	0.038
12.54	21.33	0.189	0.037
12.55	21.15	0.173	0.038
12.56	20.92	0.164	0.038
12.57	20.59	0.162	0.038
12.58	20.37	0.159	0.038
12.59	20.21	0.158	0.038
12.6	20.01	0.156	0.038
12.61	19.45	0.154	0.034
12.62	19.34	0.153	0.034
12.63	19.23	0.152	0.034
12.64	19.08	0.151	0.035
12.65	18.89	0.15	0.036
12.66	18.68	0.148	0.036
12.67	18.58	0.146	0.036
12.68	18.46	0.144	0.036
12.69	18.36	0.144	0.037
12.7	18.26	0.144	0.037
12.71	18.17	0.144	0.037
12.72	18.06	0.143	0.037
12.73	17.98	0.142	0.037
12.74	17.87	0.14	0.038
12.75	17.72	0.139	0.038
12.76	17.53	0.137	0.038
12.77	17.3	0.135	0.038
12.78	17.05	0.134	0.038
12.79	16.79	0.132	0.038
12.8	16.38	0.13	0.038
12.81	16.24	0.129	0.038
12.82	16.08	0.127	0.038
12.83	16.02	0.124	0.038
12.84	15.95	0.122	0.039
12.85	15.92	0.119	0.039
12.86	15.85	0.117	0.039
12.87	15.79	0.115	0.039
12.88	15.79	0.114	0.039
12.89	15.75	0.113	0.039
12.9	15.73	0.111	0.039
12.91	15.72	0.11	0.039
12.92	15.72	0.11	0.039
12.93	15.75	0.109	0.039
12.94	15.78	0.109	0.039
12.95	15.84	0.109	0.039
12.96	15.91	0.109	0.04
12.97	15.99	0.11	0.04
12.98	16.02	0.111	0.04
12.99	16.13	0.111	0.04
13	16.2	0.112	0.04
13.01	16.25	0.114	0.04
13.02	16.27	0.115	0.04
13.03	16.29	0.116	0.041
13.04	16.26	0.118	0.041
13.05	16.26	0.118	0.041
13.06	16.22	0.12	0.04
13.07	16.15	0.121	0.04
13.08	16.07	0.121	0.04
13.09	15.94	0.121	0.04
13.1	15.8	0.122	0.04
13.11	15.62	0.123	0.04
13.12	15.38	0.123	0.04
13.13	14.98	0.124	0.041
13.14	14.95	0.124	0.041
13.15	15.01	0.124	0.041
13.16	15.07	0.124	0.041
13.17	15.22	0.123	0.041
13.18	15.4	0.122	0.041
13.19	15.55	0.121	0.041
13.2	15.75	0.12	0.042
13.21	15.92	0.12	0.042
13.22	16.12	0.121	0.042
13.23	16.35	0.121	0.042
13.24	16.62	0.12	0.042
13.25	16.87	0.119	0.042
13.26	17.12	0.118	0.042
13.27	17.31	0.117	0.043
13.28	17.47	0.116	0.043
13.29	17.6	0.116	0.043
13.3	17.74	0.116	0.043
13.31	17.92	0.116	0.043
13.32	18.23	0.117	0.043
13.33	18.43	0.117	0.043
13.34	18.57	0.116	0.044
13.35	18.69	0.116	0.044
13.36	18.82	0.117	0.044
13.37	18.93	0.117	0.044
13.38	18.96	0.119	0.044
13.39	18.86	0.122	0.044
13.4	18.83	0.124	0.045
13.41	18.81	0.126	0.045
13.42	18.78	0.128	0.045
13.43	18.79	0.129	0.045
13.44	18.75	0.131	0.045
13.45	18.61	0.132	0.046
13.46	18.49	0.133	0.046
13.47	18.42	0.134	0.046
13.48	18.19	0.137	0.046
13.49	18.09	0.137	0.046
13.5	18.02	0.137	0.046
13.51	17.88	0.137	0.046
13.52	17.81	0.136	0.047
13.53	17.62	0.136	0.047
13.54	17.55	0.12	0.047
13.55	17.4	0.116	0.047
13.56	17.4	0.115	0.047
13.57	17.4	0.115	0.047
13.58	17.42	0.115	0.047
13.59	17.42	0.115	0.047
13.6	17.36	0.116	0.047
13.61	17.2	0.117	0.043
13.62	17.03	0.117	0.042
13.63	17.04	0.121	0.042
13.64	16.89	0.123	0.042
13.65	16.74	0.124	0.042
13.66	16.6	0.124	0.043
13.67	16.49	0.124	0.043
13.68	16.31	0.124	0.043
13.69	16.22	0.124	0.044
13.7	16.16	0.123	0.044
13.71	16.14	0.122	0.045
13.72	16.17	0.122	0.045
13.73	16.19	0.122	0.045
13.74	16.24	0.122	0.045
13.75	16.28	0.122	0.046
13.76	16.32	0.122	0.046
13.77	16.38	0.123	0.047
13.78	16.35	0.123	0.047
13.79	16.33	0.123	0.048
13.8	16.32	0.123	0.048
13.81	16.32	0.123	0.049
13.82	16.36	0.123	0.049
13.83	16.4	0.124	0.049
13.84	16.47	0.125	0.049
13.85	16.61	0.125	0.05
13.86	16.72	0.126	0.05
13.87	16.82	0.126	0.051
13.88	16.91	0.126	0.051
13.89	16.97	0.126	0.051
13.9	17.04	0.126	0.051
13.91	17.33	0.126	0.052
13.92	17.57	0.125	0.052
13.93	17.86	0.125	0.052
13.94	18.1	0.125	0.052
13.95	18.48	0.124	0.053
13.96	18.63	0.124	0.053
13.97	18.74	0.125	0.054
13.98	18.87	0.127	0.054
13.99	18.93	0.128	0.054
14	19.08	0.129	0.054
14.01	19.12	0.13	0.054
14.02	19.16	0.13	0.055
14.03	19.2	0.13	0.055
14.04	19.33	0.131	0.055
14.05	19.4	0.131	0.055
14.06	19.48	0.132	0.056
14.07	19.57	0.132	0.056
14.08	19.65	0.132	0.056
14.09	19.84	0.134	0.057
14.1	19.94	0.136	0.057
14.11	20.01	0.137	0.057
14.12	20.04	0.138	0.058
14.13	20.01	0.139	0.058
14.14	19.95	0.142	0.058
14.15	19.74	0.143	0.058
14.16	19.58	0.145	0.058
14.17	19.31	0.145	0.058
14.18	19.2	0.145	0.059
14.19	19.09	0.144	0.059
14.2	18.97	0.144	0.059
14.21	18.91	0.143	0.059
14.22	18.83	0.143	0.059
14.23	18.72	0.143	0.059
14.24	18.67	0.143	0.059
14.25	18.69	0.143	0.06
14.26	18.6	0.142	0.06
14.27	18.54	0.139	0.06
14.28	18.55	0.139	0.06
14.29	18.53	0.138	0.06
14.3	18.58	0.138	0.06
14.31	18.64	0.138	0.06
14.32	18.96	0.137	0.06
14.33	18.96	0.137	0.06
14.34	19.43	0.137	0.061
14.35	19.63	0.137	0.061
14.36	19.72	0.138	0.062
14.37	19.8	0.138	0.062
14.38	19.98	0.138	0.062
14.39	20.04	0.14	0.063
14.4	20.17	0.14	0.063
14.41	20.2	0.142	0.063
14.42	20.25	0.143	0.063
14.43	20.22	0.144	0.063
14.44	20.18	0.144	0.064
14.45	20.14	0.145	0.064
14.46	19.99	0.144	0.064
14.47	19.97	0.144	0.064
14.48	19.83	0.143	0.064
14.49	19.69	0.143	0.064
14.5	19.59	0.142	0.064
14.51	19.48	0.141	0.064
14.52	19.35	0.14	0.064
14.53	19.29	0.139	0.065
14.54	19.22	0.138	0.065
14.55	19.15	0.12	0.065
14.56	19.12	0.115	0.065
14.57	19.13	0.115	0.065
14.58	19.14	0.115	0.065
14.59	19.18	0.115	0.065
14.6	19.26	0.116	0.065
14.61	19.35	0.119	0.065
14.62	19.26	0.12	0.061
14.63	19.3	0.122	0.061
14.64	19.34	0.123	0.061
14.65	19.47	0.126	0.061
14.66	19.5	0.128	0.062
14.67	19.51	0.129	0.063
14.68	19.51	0.132	0.064
14.69	19.53	0.133	0.065
14.7	19.61	0.133	0.065
14.71	19.7	0.133	0.066
14.72	19.8	0.134	0.066
14.73	19.9	0.134	0.067
14.74	19.94	0.134	0.067
14.75	19.9	0.134	0.068
14.76	19.85	0.135	0.068
14.77	19.84	0.136	0.067
14.78	19.99	0.139	0.067
14.79	20.15	0.14	0.068
14.8	20.37	0.142	0.068
14.81	20.63	0.142	0.069
14.82	20.89	0.142	0.069
14.83	21.18	0.142	0.07
14.84	21.68	0.142	0.07
14.85	21.89	0.144	0.071
14.86	22.01	0.146	0.071
14.87	22.09	0.148	0.072
14.88	22.22	0.153	0.073
14.89	22.32	0.155	0.074
14.9	22.39	0.157	0.075
14.91	22.33	0.162	0.076
14.92	22.18	0.164	0.076
14.93	21.95	0.166	0.076
14.94	21.62	0.166	0.075
14.95	20.96	0.169	0.076
14.96	20.67	0.169	0.075
14.97	20.31	0.169	0.075
14.98	19.97	0.169	0.075
14.99	19.93	0.169	0.075
15	19.96	0.169	0.074
15.01	19.99	0.167	0.073
15.02	20.07	0.165	0.073
15.03	20.21	0.165	0.073
15.04	20.27	0.165	0.073
15.05	20.32	0.165	0.073
15.06	20.42	0.165	0.074
15.07	20.45	0.165	0.075
15.08	20.55	0.165	0.075
15.09	20.67	0.166	0.076
15.1	20.69	0.166	0.076
15.11	20.84	0.166	0.076
15.12	20.81	0.166	0.076
15.13	20.86	0.165	0.076
15.14	20.95	0.165	0.076
15.15	21.1	0.165	0.077
15.16	21.48	0.165	0.077
15.17	21.7	0.165	0.077
15.18	22.26	0.165	0.077
15.19	22.6	0.165	0.078
15.2	22.92	0.165	0.078
15.21	23.55	0.165	0.079
15.22	23.87	0.166	0.079
15.23	24.31	0.171	0.079
15.24	24.46	0.174	0.081
15.25	24.61	0.178	0.081
15.26	24.63	0.185	0.082
15.27	24.58	0.185	0.082
15.28	24.47	0.189	0.082
15.29	24.39	0.191	0.082
15.3	24.19	0.193	0.082
15.31	24.09	0.194	0.081
15.32	24.06	0.194	0.079
15.33	24.09	0.194	0.079
15.34	24.12	0.194	0.078
15.35	24.24	0.193	0.077
15.36	24.22	0.193	0.076
15.37	24.22	0.193	0.076
15.38	24.1	0.193	0.075
15.39	23.98	0.193	0.075
15.4	23.57	0.195	0.075
15.41	23.37	0.197	0.074
15.42	22.71	0.198	0.074
15.43	22.38	0.198	0.074
15.44	21.81	0.198	0.073
15.45	21.56	0.195	0.072
15.46	21.36	0.194	0.072
15.47	20.96	0.191	0.072
15.48	20.88	0.189	0.072
15.49	20.61	0.187	0.072
15.5	20.53	0.186	0.074
15.51	20.48	0.186	0.074
15.52	20.21	0.186	0.074
15.53	20.06	0.186	0.074
15.54	19.99	0.185	0.074
15.55	19.78	0.175	0.074
15.56	19.66	0.165	0.075
15.57	19.64	0.161	0.075
15.58	19.7	0.159	0.075
15.59	19.76	0.158	0.076
15.6	19.96	0.158	0.076
15.61	20.2	0.158	0.076
15.62	20.23	0.159	0.073
15.63	20.26	0.159	0.073
15.64	20.85	0.159	0.073
15.65	21.3	0.16	0.073
15.66	21.79	0.16	0.074
15.67	22.23	0.161	0.076
15.68	22.61	0.162	0.076
15.69	22.93	0.163	0.077
15.7	23.34	0.166	0.077
15.71	23.46	0.168	0.078
15.72	23.55	0.172	0.079
15.73	23.54	0.175	0.08
15.74	23.56	0.177	0.079
15.75	23.47	0.179	0.078
15.76	23.38	0.18	0.078
15.77	23.28	0.18	0.076
15.78	23.1	0.182	0.076
15.79	23.07	0.184	0.075
15.8	22.93	0.185	0.075
15.81	22.76	0.187	0.075
15.82	22.43	0.187	0.075
15.83	22.31	0.188	0.075
15.84	22.15	0.188	0.073
15.85	22.01	0.188	0.072
15.86	21.79	0.188	0.074
15.87	21.64	0.188	0.072
15.88	21.43	0.188	0.072
15.89	21.34	0.188	0.071
15.9	21.37	0.188	0.071
15.91	21.41	0.188	0.071
15.92	21.6	0.185	0.071
15.93	21.81	0.185	0.072
15.94	22.03	0.184	0.072
15.95	22.26	0.184	0.072
15.96	22.47	0.184	0.073
15.97	22.86	0.185	0.074
15.98	23.09	0.186	0.074
15.99	23.27	0.189	0.075
16	23.38	0.193	0.076
16.01	23.37	0.192	0.076
16.02	23.36	0.194	0.077
16.03	23.34	0.195	0.077
16.04	23.29	0.194	0.077
16.05	23.26	0.195	0.077
16.06	23.24	0.196	0.076
16.07	23.17	0.197	0.077
16.08	23.16	0.197	0.076
16.09	23.12	0.197	0.076
16.1	23.09	0.196	0.076
16.11	23.09	0.195	0.076
16.12	23.09	0.193	0.076
16.13	23.14	0.193	0.076
16.14	23.13	0.192	0.076
16.15	23.17	0.192	0.076
16.16	23.2	0.192	0.075
16.17	23.36	0.192	0.075
16.18	23.52	0.194	0.074
16.19	23.58	0.195	0.074
16.2	23.67	0.197	0.075
16.21	23.63	0.198	0.073
16.22	23.67	0.198	0.073
16.23	23.81	0.198	0.072
16.24	23.95	0.199	0.072
16.25	24.15	0.199	0.072
16.26	24.43	0.2	0.072
16.27	24.65	0.199	0.072
16.28	24.98	0.2	0.072
16.29	25.22	0.201	0.072
16.3	25.51	0.205	0.072
16.31	25.76	0.205	0.072
16.32	25.98	0.209	0.072
16.33	26.2	0.209	0.072
16.34	26.65	0.212	0.072
16.35	26.82	0.212	0.071
16.36	27.02	0.212	0.071
16.37	27.13	0.212	0.07
16.38	27.31	0.212	0.07
16.39	27.44	0.213	0.069
16.4	27.55	0.212	0.068
16.41	27.72	0.212	0.068
16.42	27.85	0.212	0.066
16.43	28	0.212	0.067
16.44	28.19	0.213	0.066
16.45	28.33	0.213	0.066
16.46	28.69	0.213	0.065
16.47	28.85	0.214	0.064
16.48	29	0.214	0.064
16.49	29.27	0.214	0.064
16.5	29.47	0.215	0.063
16.51	29.62	0.215	0.062
16.52	29.73	0.219	0.062
16.53	29.74	0.217	0.06
16.54	29.73	0.218	0.06
16.55	29.61	0.201	0.059
16.56	29.51	0.204	0.058
16.57	29.29	0.203	0.057
16.58	29	0.202	0.056
16.59	28.53	0.197	0.057
16.6	28.24	0.196	0.055
16.61	28.08	0.196	0.055
16.62	27.82	0.196	0.053
16.63	27.07	0.195	0.05
16.64	26.88	0.194	0.05
16.65	26.69	0.194	0.051
16.66	26.57	0.193	0.053
16.67	26.42	0.193	0.053
16.68	26.19	0.193	0.053
16.69	25.98	0.194	0.051
16.7	25.76	0.194	0.05
16.71	25.49	0.194	0.051
16.72	24.8	0.195	0.05
16.73	24.56	0.195	0.05
16.74	24.22	0.195	0.049
16.75	23.83	0.194	0.048
16.76	23.58	0.194	0.048
16.77	23.29	0.193	0.048
16.78	22.95	0.193	0.047
16.79	22.56	0.193	0.048
16.8	22.32	0.191	0.047
16.81	21.97	0.189	0.047
16.82	21.29	0.187	0.047
16.83	21.02	0.183	0.047
16.84	20.74	0.181	0.047
16.85	20.51	0.178	0.048
16.86	20.38	0.176	0.048
16.87	20.36	0.174	0.048
16.88	20.37	0.172	0.048
16.89	20.37	0.169	0.049
16.9	20.7	0.167	0.049
16.91	20.92	0.166	0.05
16.92	21.11	0.166	0.051
16.93	21.32	0.166	0.051
16.94	21.56	0.167	0.051
16.95	21.81	0.169	0.052
16.96	22	0.171	0.052
16.97	22.2	0.172	0.052
16.98	22.41	0.173	0.053
16.99	22.43	0.174	0.053
17	22.51	0.174	0.053
17.01	22.6	0.175	0.054
17.02	22.63	0.176	0.053
17.03	22.64	0.176	0.054
17.04	22.55	0.177	0.054
17.05	22.56	0.179	0.055
17.06	22.51	0.178	0.055
17.07	22.51	0.179	0.055
17.08	22.44	0.18	0.055
17.09	22.39	0.18	0.056
17.1	22.31	0.18	0.056
17.11	22.22	0.18	0.057
17.12	22.16	0.18	0.057
17.13	22.05	0.179	0.057
17.14	21.94	0.179	0.057
17.15	21.8	0.178	0.057
17.16	21.78	0.177	0.057
17.17	21.79	0.176	0.057
17.18	21.8	0.175	0.058
17.19	21.88	0.175	0.057
17.2	21.92	0.175	0.057
17.21	22.07	0.174	0.058
17.22	22.19	0.174	0.058
17.23	22.36	0.173	0.058
17.24	22.55	0.172	0.058
17.25	22.61	0.17	0.058
17.26	22.61	0.169	0.059
17.27	22.63	0.169	0.059
17.28	22.64	0.168	0.059
17.29	22.67	0.168	0.059
17.3	22.7	0.168	0.059
17.31	22.74	0.166	0.059
17.32	22.7	0.165	0.059
17.33	22.63	0.164	0.059
17.34	22.59	0.163	0.059
17.35	22.57	0.162	0.058
17.36	22.57	0.161	0.059
17.37	22.55	0.16	0.059
17.38	22.49	0.158	0.058
17.39	22.48	0.159	0.059
17.4	22.37	0.159	0.059
17.41	22.24	0.16	0.06
17.42	22.02	0.16	0.06
17.43	21.61	0.16	0.06
17.44	21.37	0.161	0.06
17.45	21.12	0.162	0.06
17.46	20.77	0.162	0.06
17.47	20.53	0.161	0.059
17.48	20.19	0.161	0.059
17.49	19.95	0.159	0.059
17.5	19.68	0.156	0.059
17.51	19.3	0.153	0.059
17.52	19.11	0.151	0.059
17.53	18.92	0.148	0.059
17.54	18.75	0.146	0.058
17.55	18.6	0.129	0.058
17.56	18.46	0.123	0.058
17.57	18.37	0.12	0.058
17.58	18.33	0.119	0.058
17.59	18.27	0.119	0.057
17.6	18.18	0.118	0.057
17.61	18.18	0.117	0.058
17.62	18.06	0.117	0.059
17.63	18	0.117	0.059
17.64	18.03	0.117	0.06
17.65	18.07	0.117	0.061
17.66	18.27	0.117	0.062
17.67	18.35	0.117	0.063
17.68	18.37	0.118	0.064
17.69	18.42	0.119	0.064
17.7	18.41	0.123	0.064
17.71	18.45	0.126	0.064
17.72	18.49	0.126	0.064
17.73	18.47	0.127	0.064
17.74	18.47	0.127	0.065
17.75	18.48	0.127	0.066
17.76	18.5	0.128	0.067
17.77	18.54	0.132	0.068
17.78	18.64	0.135	0.068
17.79	18.75	0.138	0.068
17.8	18.93	0.14	0.068
17.81	19.05	0.143	0.068
17.82	19.18	0.145	0.069
17.83	19.38	0.146	0.069
17.84	19.47	0.146	0.07
17.85	19.55	0.146	0.07
17.86	19.56	0.143	0.07
17.87	19.54	0.138	0.07
17.88	19.39	0.135	0.07
17.89	19.28	0.132	0.068
17.9	19.12	0.129	0.065
17.91	18.98	0.127	0.065
17.92	18.68	0.124	0.065
17.93	18.37	0.117	0.064
17.94	17.77	0.115	0.063
17.95	17.51	0.113	0.062
17.96	17.17	0.109	0.062
17.97	16.91	0.104	0.062
17.98	16.67	0.096	0.061
17.99	16.56	0.098	0.058
18	16.01	0.095	0.057
18.01	15.82	0.096	0.058
18.02	15.48	0.095	0.059
18.03	15.19	0.095	0.062
18.04	14.86	0.097	0.062
18.05	14.04	0.099	0.063
18.06	13.66	0.105	0.063
18.07	13.43	0.108	0.063
18.08	13.13	0.108	0.064
18.09	13.12	0.112	0.065
18.1	13.21	0.12	0.067
18.11	13.31	0.122	0.069
18.12	13.65	0.123	0.07
18.13	14.12	0.127	0.073
18.14	14.77	0.13	0.074
18.15	16.2	0.137	0.075
18.16	16.82	0.138	0.079
18.17	17.46	0.139	0.085
18.18	17.92	0.141	0.086
18.19	18.39	0.141	0.086
18.2	18.75	0.141	0.086
18.21	19.04	0.142	0.087
18.22	19.65	0.142	0.089
18.23	20.03	0.142	0.094
18.24	20.47	0.142	0.095
18.25	20.97	0.143	0.094
18.26	22.06	0.144	0.094
18.27	22.7	0.146	0.094
18.28	23.36	0.146	0.094
18.29	23.98	0.147	0.095
18.3	24.53	0.148	0.095
18.31	25.3	0.153	0.095
18.32	25.61	0.158	0.095
18.33	25.95	0.163	0.095
18.34	26.23	0.171	0.094
18.35	26.47	0.174	0.094
18.36	26.91	0.176	0.094
18.37	27.18	0.181	0.094
18.38	27.28	0.181	0.095
18.39	27.36	0.185	0.096
18.4	27.55	0.185	0.096
18.41	27.55	0.189	0.096
18.42	27.49	0.193	0.096
18.43	27.32	0.198	0.096
18.44	27.12	0.204	0.095
18.45	26.64	0.204	0.094
18.46	26.46	0.204	0.093
18.47	26.2	0.204	0.093
18.48	25.97	0.205	0.09
18.49	25.74	0.207	0.086
18.5	25.52	0.206	0.086
18.51	25.22	0.206	0.084
18.52	25.14	0.206	0.082
18.53	25.13	0.206	0.081
18.54	25.13	0.204	0.08
18.55	25.14	0.188	0.08
18.56	25.22	0.187	0.08
18.57	25.26	0.187	0.079
18.58	25.31	0.187	0.079
18.59	25.32	0.187	0.078
18.6	25.36	0.188	0.077
18.61	24.87	0.195	0.076
18.62	24.93	0.199	0.076
18.63	24.98	0.202	0.076
18.64	25.22	0.204	0.078
18.65	25.38	0.206	0.078
18.66	25.63	0.207	0.078
18.67	26.17	0.208	0.079
18.68	26.48	0.207	0.08
18.69	26.79	0.214	0.08
18.7	27.12	0.214	0.08
18.71	27.67	0.218	0.079
18.72	27.98	0.22	0.079
18.73	28.16	0.223	0.078
18.74	28.36	0.225	0.078
18.75	28.58	0.227	0.078
18.76	28.88	0.23	0.077
18.77	28.92	0.234	0.075
18.78	28.99	0.235	0.074
18.79	28.98	0.237	0.074
18.8	29.01	0.239	0.073
18.81	29.04	0.239	0.072
18.82	29.07	0.241	0.07
18.83	29.16	0.242	0.071
18.84	29.42	0.242	0.07
18.85	29.5	0.242	0.07
18.86	29.73	0.244	0.069
18.87	29.84	0.246	0.069
18.88	30.12	0.247	0.069
18.89	30.18	0.249	0.067
18.9	30.16	0.25	0.065
18.91	30.27	0.251	0.065
18.92	30.42	0.253	0.066
18.93	30.55	0.255	0.064
18.94	30.78	0.255	0.061
18.95	30.93	0.256	0.061
18.96	31.28	0.256	0.061
18.97	31.52	0.257	0.06
18.98	31.84	0.259	0.06
18.99	32.19	0.263	0.059
19	32.52	0.261	0.059
19.01	32.85	0.264	0.059
19.02	32.94	0.263	0.057
19.03	32.97	0.264	0.057
19.04	33	0.267	0.056
19.05	33.06	0.265	0.056
19.06	33.12	0.268	0.056
19.07	32.97	0.27	0.056
19.08	32.7	0.27	0.056
19.09	32.56	0.27	0.056
19.1	32.22	0.27	0.055
19.11	31.97	0.27	0.053
19.12	31.7	0.269	0.052
19.13	31.25	0.269	0.051
19.14	31.01	0.268	0.052
19.15	30.7	0.262	0.052
19.16	30.4	0.257	0.051
19.17	29.85	0.254	0.051
19.18	29.54	0.249	0.051
19.19	29.18	0.245	0.049
19.2	28.79	0.24	0.049
19.21	28.12	0.238	0.049
19.22	27.71	0.234	0.049
19.23	27.32	0.226	0.048
19.24	26.97	0.224	0.048
19.25	26.89	0.22	0.047
19.26	26.71	0.218	0.047
19.27	26.68	0.206	0.046
19.28	26.57	0.202	0.044
19.29	26.38	0.198	0.043
19.3	25.79	0.195	0.044
19.31	25.45	0.193	0.042
19.32	25.08	0.19	0.04
19.33	24.56	0.187	0.037
19.34	23.43	0.186	0.037
19.35	22.83	0.184	0.037
19.36	22.27	0.179	0.038
19.37	21.78	0.176	0.038
19.38	20.84	0.173	0.038
19.39	20.4	0.171	0.039
19.4	19.98	0.165	0.039
19.41	19.55	0.163	0.04
19.42	18.96	0.161	0.041
19.43	18.81	0.159	0.041
19.44	18.69	0.156	0.041
19.45	18.58	0.154	0.041
19.46	18.34	0.152	0.041
19.47	18.26	0.149	0.041
19.48	18.14	0.146	0.041
19.49	18.09	0.144	0.041
19.5	18.02	0.141	0.041
19.51	17.96	0.139	0.041
19.52	17.9	0.137	0.041
19.53	17.84	0.137	0.041
19.54	17.76	0.122	0.041
19.55	17.47	0.106	0.041
19.56	17.29	0.106	0.041
19.57	17.11	0.106	0.041
19.58	16.94	0.106	0.042
19.59	16.72	0.107	0.042
19.6	16.64	0.108	0.042
19.61	16.4	0.108	0.04
19.62	16.36	0.109	0.04
19.63	16.44	0.109	0.041
19.64	16.51	0.11	0.041
19.65	16.67	0.11	0.042
19.66	16.89	0.111	0.042
19.67	17.12	0.112	0.043
19.68	17.36	0.113	0.044
19.69	17.77	0.113	0.045
19.7	17.99	0.113	0.045
19.71	18.21	0.114	0.046
19.72	18.42	0.118	0.045
19.73	18.68	0.121	0.046
19.74	18.87	0.125	0.047
19.75	19.04	0.127	0.047
19.76	19.19	0.128	0.047
19.77	19.33	0.129	0.048
19.78	19.44	0.132	0.048
19.79	19.62	0.135	0.048
19.8	19.67	0.138	0.048
19.81	19.75	0.14	0.048
19.82	19.86	0.142	0.049
19.83	19.99	0.142	0.05
19.84	20.24	0.144	0.05
19.85	20.48	0.145	0.05
19.86	20.82	0.146	0.051
19.87	21.26	0.148	0.051
19.88	22.31	0.15	0.052
19.89	22.95	0.152	0.052
19.9	23.65	0.156	0.054
19.91	24.25	0.163	0.055
19.92	24.75	0.168	0.056
19.93	25.15	0.171	0.057
19.94	25.4	0.174	0.058
19.95	25.64	0.176	0.058
19.96	25.69	0.179	0.058
19.97	25.67	0.183	0.058
19.98	25.61	0.188	0.059
19.99	25.49	0.191	0.059
20	25.46	0.195	0.059
20.01	25.49	0.197	0.06
20.02	25.52	0.199	0.06
20.03	25.59	0.199	0.061
20.04	25.7	0.2	0.061
20.05	26.03	0.201	0.061
20.06	26.03	0.201	0.061
20.07	26.4	0.202	0.062
20.08	26.63	0.202	0.063
20.09	26.83	0.202	0.064
20.1	26.89	0.202	0.064
20.11	26.92	0.202	0.065
20.12	26.8	0.204	0.065
20.13	26.8	0.206	0.065
20.14	26.77	0.206	0.066
20.15	26.74	0.207	0.065
20.16	26.76	0.207	0.065
20.17	26.79	0.207	0.065
20.18	26.89	0.208	0.066
20.19	27.11	0.208	0.067
20.2	27.49	0.208	0.067
20.21	27.86	0.207	0.067
20.22	28.23	0.206	0.068
20.23	28.55	0.204	0.067
20.24	28.82	0.196	0.067
20.25	28.96	0.187	0.067
20.26	29.02	0.181	0.052
20.27	29.05	0.172	0.038
20.28	28.9	0.168	0.021
20.29	28.76	0.166	0.013
20.3	28.48	0.163	0.014
20.31	28.14	0.162	0.014
20.32	27.7	0.161	0.013
20.33	27.7	0.16	0.014
20.34	27.73	0.158	0.015
20.35	27.75	0.159	0.015
20.36	27.86	0.159	0.016
20.37	27.98	0.159	0.016
20.38	28.16	0.161	0.017
20.39	28.26	0.162	0.018
20.4	28.38	0.162	0.018
20.41	28.46	0.163	0.019
20.42	28.72	0.164	0.019
20.43	28.91	0.165	0.019
20.44	29.02	0.168	0.02
20.45	29.16	0.168	0.021
20.46	29.34	0.168	0.021
20.47	29.44	0.168	0.021
20.48	29.56	0.168	0.022
20.49	29.69	0.169	0.022
20.5	30.19	0.172	0.022
20.51	30.51	0.17	0.023
20.52	30.86	0.169	0.023
20.53	31.03	0.166	0.023
20.54	31.18	0.143	0.024
20.55	31.33	0.135	0.024
20.56	31.48	0.132	0.024
20.57	31.56	0.131	0.024
20.58	31.53	0.13	0.025
20.59	31.33	0.13	0.025
20.6	31.17	0.13	0.025
20.61	30.5	0.13	0.024
20.62	30.36	0.129	0.025
20.63	30.22	0.127	0.025
20.64	30.33	0.125	0.026
20.65	30.14	0.12	0.026
20.66	29.99	0.118	0.027
20.67	29.7	0.12	0.027
20.68	29.29	0.119	0.027
20.69	28.67	0.117	0.027
20.7	28.06	0.114	0.026
20.71	27.51	0.113	0.026
20.72	26.89	0.107	0.026
20.73	26.03	0.104	0.026
20.74	25.01	0.104	0.025
20.75	22.06	0.105	0.026
20.76	20.6	0.105	0.024
20.77	19.02	0.107	0.024
20.78	17.46	0.112	0.024
20.79	15.89	0.121	0.023
20.8	14.35	0.123	0.023
20.81	12.54	0.129	0.023
20.82	10.68	0.132	0.023
20.83	8.91	0.139	0.023
20.84	7.5	0.148	0.023
20.85	6.26	0.145	0.025
20.86	4.28	0.143	0.026
20.87	3.7	0.134	0.025
20.88	3.26	0.124	0.028
20.89	2.91	0.115	0.032
20.9	2.62	0.107	0.04
20.91	2.23	0.1	0.049
20.92	1.9	0.095	0.049
20.93	1.69	0.087	0.053
20.94	1.61	0.081	0.07
20.95	1.56	0.058	0.109
20.96	1.53	0.046	0.153
20.97	1.5	0.035	0.208
20.98	1.49	0.024	0.274
20.99	1.48	0.016	0.355
21	1.47	0.012	0.441
21.01	1.46	0.011	0.519
21.02	1.41	0.01	0.588
21.03	1.39	0.009	0.642
21.04	1.38	0.008	0.689
21.05	1.37	0.008	0.738
21.06	1.35	0.008	0.733
21.07	1.36	0.007	0.731
21.08	1.36	0.007	0.746
21.09	1.36	0.006	0.76
21.1	1.33	0.006	0.781
21.11	1.32	0.005	0.775
21.12	1.31	0.005	0.77
21.13	1.31	0.005	0.761
21.14	1.3	0.005	0.752
21.15	1.27	0.005	0.753
21.16	1.28	0.005	0.75
21.17	1.25	0.004	0.751
21.18	1.22	0.004	0.751
21.19	1.21	0.004	0.753
21.2	1.22	0.004	0.755
21.21	1.2	0.004	0.755
21.22	1.2	0.004	0.756
21.23	1.19	0.004	0.75
21.24	1.19	0.004	0.745
21.25	1.19	0.004	0.744
21.26	1.18	0.004	0.742
21.27	1.16	0.005	0.737
21.28	1.14	0.005	0.737
21.29	1.11	0.005	0.732
21.3	1.09	0.005	0.73
21.31	1.08	0.005	0.722
21.32	1.07	0.005	0.719
21.33	1.1	0.005	0.719
21.34	1.13	0.004	0.711
21.35	1.12	0.004	0.71
21.36	1.15	0.004	0.712
21.37	1.17	0.005	0.714
21.38	1.23	0.005	0.71
21.39	1.39	0.005	0.73
21.4	1.66	0.005	0.706
21.41	1.9	0.005	0.648
21.42	2.01	0.005	0.585
21.43	1.95	0.007	0.547
21.44	1.81	0.009	0.542
21.45	1.68	0.011	0.572
21.46	1.7	0.012	0.602
21.47	1.72	0.013	0.631
21.48	1.9	0.013	0.635
21.49	2.17	0.013	0.634
21.5	2.65	0.013	0.61
21.51	3.26	0.013	0.56
21.52	4.05	0.013	0.526
21.53	4.79	0.013	0.476
21.54	6.12	0.018	0.404
21.55	6.12	0.022	0.38
21.56	6.92	0.023	0.338
21.57	6.96	0.026	0.272
21.58	6.86	0.027	0.263
21.59	6.6	0.032	0.254
21.6	6.08	0.034	0.256
21.61	5.21	0.036	0.168
21.62	5.26	0.038	0.17
21.63	4.81	0.039	0.171
21.64	3.76	0.038	0.173
21.65	2.88	0.038	0.173
21.66	2.35	0.035	0.179
21.67	1.94	0.032	0.184
21.68	1.62	0.028	0.189
21.69	1.34	0.026	0.202
21.7	1.23	0.023	0.21
21.71	1.21	0.021	0.224
21.72	1.2	0.019	0.231
21.73	1.19	0.017	0.236
21.74	1.18	0.009	0.242
21.75	1.17	0.007	0.248
21.76	1.15	0.005	0.254
21.77	1.13	0.004	0.259
21.78	1.15	0.004	0.265
21.79	1.12	0.004	0.27
21.8	1.11	0.004	0.276
21.81	1.1	0.004	0.287
21.82	1.09	0.005	0.292
21.83	1.15	0.005	0.296
21.84	1.21	0.008	0.3
21.85	1.31	0.011	0.301
21.86	1.31	0.011	0.309
21.87	1.37	0.013	0.318
21.88	1.43	0.019	0.326
21.89	1.67	0.02	0.332
21.9	1.96	0.019	0.338
21.91	2.49	0.018	0.342
21.92	3.43	0.014	0.343
21.93	4.62	0.015	0.352
21.94	5.87	0.016	0.352
21.95	6.67	0.025	0.323
21.96	6.76	0.043	0.242
21.97	6.53	0.043	0.228
21.98	6.37	0.052	0.227
21.99	6.14	0.077	0.231
22	6.13	0.085	0.234
22.01	6.27	0.09	0.245
22.02	6.4	0.099	0.255
22.03	7.17	0.096	0.251
22.04	7.46	0.094	0.212
22.05	7.61	0.094	0.198
22.06	8.85	0.095	0.168
22.07	10.43	0.095	0.142
22.08	12.04	0.096	0.121
22.09	13.78	0.102	0.113
22.1	15.58	0.109	0.114
22.11	16.93	0.116	0.092
22.12	17.9	0.123	0.092
22.13	18.67	0.139	0.093
22.14	19.24	0.145	0.094
22.15	19.98	0.146	0.099
22.16	20.75	0.147	0.103
22.17	21.54	0.147	0.094
22.18	22.31	0.16	0.093
22.19	22.31	0.161	0.091
22.2	23.25	0.163	0.093
22.21	23.41	0.162	0.091
22.22	23.32	0.166	0.09
22.23	22.92	0.174	0.088
22.24	22.94	0.186	0.059
22.25	22.95	0.198	0.057
22.26	23.51	0.207	0.057
22.27	24.39	0.215	0.058
22.28	25.49	0.225	0.059
22.29	26.58	0.223	0.061
22.3	27.66	0.221	0.062
22.31	28.51	0.22	0.058
22.32	29.25	0.226	0.051
22.33	29.82	0.232	0.042
22.34	30.23	0.24	0.034
22.35	30.45	0.244	0.033
22.36	30.33	0.249	0.032
22.37	30.23	0.256	0.032
22.38	30.24	0.257	0.032
22.39	30.25	0.258	0.033
22.4	30.45	0.26	0.033
22.41	30.69	0.264	0.034
22.42	30.96	0.263	0.034
22.43	31.22	0.265	0.035
22.44	31.43	0.265	0.036
22.45	31.52	0.265	0.036
22.46	31.65	0.266	0.037
22.47	31.84	0.267	0.037
22.48	32.08	0.268	0.038
22.49	32.25	0.27	0.038
22.5	32.34	0.272	0.039
22.51	32.48	0.274	0.04
22.52	32.55	0.277	0.04
22.53	32.63	0.278	0.041
22.54	32.51	0.279	0.042
22.55	32.42	0.269	0.042
22.56	32.35	0.26	0.042
22.57	32.21	0.261	0.043
22.58	31.94	0.261	0.044
22.59	31.59	0.264	0.044
22.6	31.13	0.267	0.044
22.61	30.64	0.267	0.044
22.62	30.39	0.272	0.044
22.63	30.07	0.273	0.06
22.64	30.12	0.273	0.061
22.65	30.18	0.273	0.064
22.66	30.73	0.273	0.065
22.67	30.88	0.272	0.064
22.68	30.92	0.275	0.065
22.69	30.86	0.277	0.066
22.7	30.86	0.285	0.066
22.71	30.53	0.288	0.067
22.72	30.24	0.29	0.067
22.73	30.22	0.291	0.067
22.74	30.24	0.291	0.067
22.75	30.26	0.292	0.067
22.76	30.27	0.291	0.068
22.77	30.35	0.29	0.071
22.78	30.5	0.288	0.072
22.79	31.01	0.288	0.073
22.8	31.16	0.288	0.074
22.81	31.39	0.29	0.075
22.82	31.48	0.293	0.075
22.83	31.55	0.291	0.075
22.84	31.63	0.291	0.076
22.85	31.66	0.291	0.077
22.86	31.67	0.292	0.078
22.87	31.71	0.292	0.077
22.88	31.74	0.292	0.078
22.89	31.71	0.294	0.078
22.9	31.61	0.295	0.079
22.91	31.39	0.296	0.078
22.92	31.04	0.295	0.079
22.93	30.59	0.294	0.079
22.94	29.89	0.294	0.079
22.95	29.64	0.293	0.079
22.96	29.54	0.292	0.079
22.97	29.53	0.29	0.078
22.98	29.52	0.283	0.078
22.99	29.53	0.279	0.078
23	29.46	0.278	0.079
23.01	29.36	0.278	0.079
23.02	29.24	0.278	0.079
23.03	29.22	0.276	0.079
23.04	29.26	0.275	0.079
23.05	29.3	0.276	0.079
23.06	29.38	0.275	0.08
23.07	29.59	0.275	0.08
23.08	29.75	0.276	0.082
23.09	29.99	0.277	0.083
23.1	30.39	0.279	0.083
23.11	30.52	0.278	0.085
23.12	30.58	0.28	0.086
23.13	30.55	0.283	0.086
23.14	30.59	0.285	0.087
23.15	30.66	0.285	0.087
23.16	30.78	0.285	0.089
23.17	30.97	0.283	0.09
23.18	31.17	0.283	0.09
23.19	31.48	0.284	0.09
23.2	32.08	0.285	0.09
23.21	32.25	0.286	0.091
23.22	32.41	0.288	0.091
23.23	32.5	0.291	0.091
23.24	32.62	0.293	0.091
23.25	32.7	0.293	0.092
23.26	32.73	0.294	0.092
23.27	32.78	0.293	0.092
23.28	32.68	0.295	0.093
23.29	32.64	0.297	0.094
23.3	32.71	0.297	0.094
23.31	32.78	0.297	0.095
23.32	32.98	0.296	0.095
23.33	33.33	0.295	0.097
23.34	33.7	0.295	0.096
23.35	34.43	0.295	0.097
23.36	34.24	0.296	0.097
23.37	34.46	0.298	0.097
23.38	34.47	0.299	0.098
23.39	34.1	0.301	0.098
23.4	33.31	0.306	0.098
23.41	32.57	0.307	0.098
23.42	31.77	0.312	0.098
23.43	31.03	0.313	0.099
23.44	30.4	0.32	0.099
23.45	30.05	0.329	0.099
23.46	29.75	0.334	0.099
23.47	29.65	0.338	0.1
23.48	29.85	0.342	0.099
23.49	30.05	0.345	0.097
23.5	30.48	0.349	0.097
23.51	31.51	0	0.098
23.52	32.68	0	0.098
23.53	33.85	0	0.097
23.54	34.58	0	0.096
23.55	35.01	0	0.089
23.56	35.17	0	0.079
23.57	34.81	0	0.077

