0	0.14	0	0
0.01	0.27	0	0
0.02	0.38	0	0
0.03	0.38	0	0
0.04	0.47	0	0
0.05	0.49	0	-0.001
0.06	0.19	0.005	-0.001
0.07	0.11	0.007	0
0.08	0.07	0.008	0
0.09	0.06	0.008	0
0.1	0.06	0.007	0
0.11	0.06	0.005	0
0.12	0.06	0	0
0.13	0.06	0	0
0.14	0.05	0	0
0.15	0.05	0	0
0.16	0.05	0	0
0.17	0.05	0	0
0.18	0.05	0	0
0.19	0.04	0	-0.001
0.2	0.04	0	0
0.21	0.04	0	-0.001
0.22	0.04	0	-0.001
0.23	0.05	0	0
0.24	0.05	0	0
0.25	0.06	0	0
0.26	0.07	0	0
0.27	0.07	0	0
0.28	0.07	0	0
0.29	0.09	0	0
0.3	0.1	0	0
0.31	0.11	0	0
0.32	0.11	0	0
0.33	0.11	0	0
0.34	0.11	0	0
0.35	0.11	0	0
0.36	0.11	0	-0.001
0.37	0.14	0	0
0.38	0.16	0	0
0.39	0.19	0	0
0.4	0.19	0	-0.001
0.41	0.17	0	0
0.42	0.14	0	-0.001
0.43	0.15	0	-0.001
0.44	0.13	0	0
0.45	0.13	0	0
0.46	0.11	0	-0.001
0.47	0.12	0	-0.001
0.48	0.12	0	-0.001
0.49	0.14	0	-0.001
0.5	0.08	0	-0.001
0.51	0.09	0	-0.001
0.52	0.09	0	-0.001
0.53	0.13	0	0
0.54	0.13	0	0
0.55	0.12	0.001	-0.001
0.56	0.13	0.001	-0.001
0.57	0.14	0.001	-0.001
0.58	0.17	0	0
0.59	0.16	0	0
0.6	0.17	0.001	0
0.61	0.17	0	0.001
0.62	0.22	0	0.002
0.63	0.21	0	0.002
0.64	0.2	0	0.002
0.65	0.19	0.001	-0.001
0.66	0.19	0.001	-0.001
0.67	0.2	0.001	-0.001
0.68	0.21	0.001	-0.001
0.69	0.24	0.001	-0.001
0.7	0.31	0.001	-0.001
0.71	0.4	0.001	-0.001
0.72	0.31	0	-0.001
0.73	0.25	0	-0.001
0.74	0.24	0	-0.001
0.75	0.27	0.001	-0.001
0.76	0.3	0.002	0
0.77	0.31	0.003	0
0.78	0.32	0.003	0
0.79	0.32	0.003	-0.001
0.8	0.32	0.003	0
0.81	0.26	0.001	-0.001
0.82	0.32	0	-0.001
0.83	0.21	0.001	-0.001
0.84	0.15	0.001	-0.001
0.85	0.15	0	-0.001
0.86	0.17	0	0
0.87	0.2	0	0
0.88	0.22	0	-0.001
0.89	0.29	0	-0.001
0.9	0.22	0	-0.001
0.91	0.21	0	-0.001
0.92	0.23	0	-0.001
0.93	0.25	0	-0.001
0.94	0.31	0	-0.001
0.95	0.29	0	-0.001
0.96	0.29	0.001	-0.001
0.97	0.3	0.001	-0.001
0.98	0.31	0.001	0
0.99	0.33	0.002	0
1	0.33	0.002	0
1.01	0.34	0.002	0
1.02	0.31	0.002	0
1.03	0.32	0.001	0
1.04	0.32	0	0
1.05	0.32	0	-0.001
1.06	0.27	0	0
1.07	0.25	0	-0.001
1.08	0.26	0.001	-0.001
1.09	0.27	0.001	0
1.1	0.34	0.004	0
1.11	0.34	0.004	0
1.12	0.41	0.005	0
1.13	0.52	0.006	0
1.14	0.65	0.007	-0.001
1.15	0.7	0.009	-0.001
1.16	0.75	0.01	-0.001
1.17	1	0.01	-0.001
1.18	1	0.012	-0.001
1.19	1.48	0.014	0
1.2	1.48	0.02	0
1.21	1.83	0.024	-0.001
1.22	2.55	0.027	0
1.23	3.61	0.031	0
1.24	4.48	0.037	-0.001
1.25	5.56	0.044	-0.001
1.26	6.78	0.051	-0.001
1.27	9.09	0.054	-0.001
1.28	10.26	0.058	0
1.29	11.28	0.075	-0.001
1.3	12.07	0.08	-0.001
1.31	12.64	0.087	0
1.32	13	0.097	-0.001
1.33	13.1	0.104	-0.001
1.34	13.13	0.114	-0.001
1.35	13.12	0.125	-0.001
1.36	13.22	0.128	-0.001
1.37	13.32	0.128	-0.001
1.38	13.54	0.134	-0.002
1.39	13.82	0.135	-0.001
1.4	14.03	0.142	-0.002
1.41	14.22	0.142	-0.003
1.42	14.53	0.141	-0.003
1.43	14.97	0.116	-0.002
1.44	15.02	0.106	-0.001
1.45	15.08	0.106	-0.002
1.46	15.07	0.106	-0.002
1.47	15.08	0.107	-0.003
1.48	15.08	0.111	-0.003
1.49	15.15	0.117	-0.003
1.5	15.08	0.121	-0.002
1.51	15.4	0.121	-0.001
1.52	15.72	0.126	-0.001
1.53	15.85	0.132	-0.001
1.54	15.82	0.138	0
1.55	15.74	0.139	0
1.56	15.71	0.138	0
1.57	15.86	0.138	0
1.58	16.02	0.134	-0.001
1.59	16.3	0.133	-0.001
1.6	16.82	0.133	-0.001
1.61	17.35	0.133	0.001
1.62	17.73	0.133	0.001
1.63	18	0.133	0
1.64	18.38	0.134	-0.001
1.65	18.78	0.136	-0.001
1.66	19.14	0.136	-0.001
1.67	19.24	0.136	-0.001
1.68	19.26	0.139	-0.001
1.69	19.16	0.142	0
1.7	19	0.145	-0.001
1.71	18.63	0.146	-0.003
1.72	18.44	0.146	-0.003
1.73	18.28	0.146	-0.006
1.74	18.12	0.144	-0.006
1.75	17.95	0.144	-0.005
1.76	17.85	0.144	-0.005
1.77	17.89	0.144	-0.004
1.78	17.92	0.144	-0.004
1.79	18.08	0.139	-0.004
1.8	18.25	0.135	-0.004
1.81	18.56	0.132	-0.004
1.82	18.87	0.13	-0.004
1.83	19.08	0.129	-0.003
1.84	19.45	0.129	-0.002
1.85	19.56	0.129	-0.001
1.86	19.63	0.132	0
1.87	19.71	0.137	0
1.88	19.75	0.145	0.001
1.89	19.78	0.149	0
1.9	19.78	0.155	0
1.91	19.68	0.157	0
1.92	19.55	0.154	0
1.93	19.37	0.152	-0.001
1.94	19.24	0.149	-0.001
1.95	19.19	0.15	-0.002
1.96	19.18	0.15	-0.002
1.97	19.23	0.149	-0.002
1.98	19.28	0.149	-0.001
1.99	19.47	0.149	0
2	19.52	0.148	0.001
2.01	19.49	0.147	0.001
2.02	19.33	0.147	0.001
2.03	19.08	0.147	0.004
2.04	18.83	0.147	0.002
2.05	18.15	0.145	-0.001
2.06	17.9	0.144	0
2.07	17.61	0.143	0
2.08	17.36	0.142	0
2.09	17.11	0.141	0
2.1	16.79	0.139	0
2.11	16.21	0.134	0
2.12	15.88	0.131	0.001
2.13	15.59	0.127	0
2.14	15.3	0.123	0
2.15	14.97	0.119	-0.001
2.16	14.61	0.115	-0.001
2.17	14.23	0.111	-0.001
2.18	13.54	0.104	-0.001
2.19	13.16	0.102	-0.001
2.2	12.81	0.098	-0.001
2.21	12.45	0.095	-0.001
2.22	12.12	0.092	-0.001
2.23	11.78	0.09	-0.001
2.24	11.19	0.087	-0.002
2.25	10.88	0.083	-0.001
2.26	10.57	0.081	-0.001
2.27	10.26	0.078	-0.001
2.28	9.94	0.075	-0.001
2.29	9.65	0.072	-0.001
2.3	9.34	0.069	0
2.31	8.99	0.065	-0.001
2.32	8.25	0.059	0
2.33	7.88	0.057	-0.002
2.34	7.49	0.055	-0.002
2.35	7.08	0.053	-0.001
2.36	6.7	0.052	-0.001
2.37	6.37	0.051	-0.001
2.38	5.62	0.05	-0.001
2.39	5.28	0.048	-0.002
2.4	4.96	0.047	-0.003
2.41	4.63	0.047	-0.004
2.42	4.27	0.047	-0.004
2.43	3.93	0.047	-0.004
2.44	3.57	0.047	-0.003
2.45	3.24	0.048	-0.004
2.46	2.59	0.048	-0.004
2.47	2.29	0.047	-0.004
2.48	2.03	0.047	-0.003
2.49	1.82	0.047	-0.003
2.5	1.61	0.046	-0.003
2.51	1.41	0.045	-0.003
2.52	1.24	0.044	-0.003
2.53	1.09	0.038	-0.003
2.54	0.97	0.031	-0.002
2.55	0.79	0.029	-0.002
2.56	0.75	0.028	-0.001
2.57	0.71	0.026	0
2.58	0.7	0.025	-0.001
2.59	0.66	0.024	0.001
2.6	0.68	0.022	0.001
2.61	0.67	0.021	0.016
2.62	0.67	0.017	0.031
2.63	0.66	0.014	0.045
2.64	0.63	0.013	0.052
2.65	0.62	0.011	0.066
2.66	0.58	0.011	0.072
2.67	0.57	0.01	0.081
2.68	0.55	0.01	0.097
2.69	0.51	0.01	0.098
2.7	0.51	0.01	0.101
2.71	0.51	0.011	0.107
2.72	0.52	0.011	0.108
2.73	0.51	0.011	0.156
2.74	0.52	0.01	0.153
2.75	0.54	0.009	0.16
2.76	0.57	0.009	0.17
2.77	0.62	0.01	0.185
2.78	0.75	0.01	0.188
2.79	1.46	0.012	0.191
2.8	2.15	0.013	0.167
2.81	3.04	0.017	0.093
2.82	3.9	0.018	0
2.83	4.65	0.02	-0.003
2.84	5.37	0.022	-0.006
2.85	6.02	0.023	-0.007
2.86	6.64	0.025	-0.007
2.87	7.29	0.027	-0.007
2.88	8.69	0.034	-0.006
2.89	9.42	0.037	-0.005
2.9	10.18	0.04	-0.003
2.91	10.93	0.043	-0.003
2.92	11.65	0.047	-0.002
2.93	12.24	0.051	-0.002
2.94	12.72	0.055	-0.002
2.95	13.54	0.058	-0.003
2.96	13.96	0.063	-0.003
2.97	14.35	0.071	-0.002
2.98	14.71	0.076	-0.002
2.99	15.08	0.082	-0.002
3	15.42	0.087	-0.001
3.01	15.83	0.093	-0.002
3.02	16.76	0.098	-0.002
3.03	17.16	0.108	-0.002
3.04	17.46	0.112	-0.002
3.05	17.63	0.117	-0.003
3.06	17.75	0.119	-0.003
3.07	17.77	0.122	-0.002
3.08	17.85	0.126	-0.002
3.09	17.9	0.128	-0.003
3.1	18.04	0.133	-0.003
3.11	18.09	0.135	-0.005
3.12	18.12	0.137	-0.005
3.13	18.14	0.138	-0.006
3.14	18.19	0.138	-0.006
3.15	18.28	0.14	-0.006
3.16	18.36	0.141	-0.006
3.17	18.46	0.143	-0.006
3.18	18.54	0.143	-0.005
3.19	18.61	0.144	-0.004
3.2	18.69	0.144	-0.003
3.21	18.78	0.145	-0.002
3.22	18.85	0.146	-0.003
3.23	18.84	0.147	-0.003
3.24	18.71	0.15	-0.003
3.25	18.52	0.151	-0.003
3.26	18.32	0.154	-0.003
3.27	18.15	0.158	-0.003
3.28	18.03	0.162	-0.002
3.29	17.9	0.164	-0.002
3.3	17.78	0.167	-0.002
3.31	17.76	0.167	-0.002
3.32	17.75	0.168	-0.002
3.33	17.79	0.168	-0.002
3.34	17.83	0.168	-0.001
3.35	17.88	0.168	-0.002
3.36	17.95	0.168	-0.002
3.37	18.12	0.168	-0.002
3.38	18.18	0.168	0
3.39	18.23	0.169	0
3.4	18.22	0.169	0
3.41	18.17	0.169	0
3.42	17.89	0.169	0
3.43	17.7	0.169	0
3.44	17.48	0.168	0.001
3.45	17.39	0.168	0.001
3.46	17.38	0.169	0.001
3.47	17.42	0.169	0.001
3.48	17.46	0.168	0.001
3.49	17.62	0.167	0.001
3.5	17.81	0.166	0.002
3.51	17.95	0.163	0.001
3.52	18.17	0.162	0.002
3.53	18.77	0.162	0.003
3.54	19.11	0.162	0.003
3.55	19.51	0.163	0.004
3.56	19.91	0.163	0.004
3.57	20.3	0.169	0.004
3.58	21.14	0.172	0.004
3.59	21.59	0.175	0.006
3.6	22.04	0.177	0.007
3.61	22.52	0.181	0.007
3.62	23.36	0.186	0.007
3.63	23.73	0.102	0.009
3.64	24.01	0.139	0.006
3.65	24.25	0.176	0.007
3.66	24.51	0.173	0.001
3.67	24.89	0.185	-0.003
3.68	25.08	0.192	-0.008
3.69	25.15	0.2	-0.011
3.7	25.28	0.208	-0.012
3.71	24.99	0.221	-0.014
3.72	24.98	0.226	-0.016
3.73	25.05	0.232	-0.025
3.74	25.12	0.237	-0.027
3.75	25.21	0.243	-0.027
3.76	25.37	0.254	-0.027
3.77	25.5	0.256	-0.026
3.78	25.58	0.259	-0.025
3.79	25.61	0.261	-0.025
3.8	25.67	0.263	-0.025
3.81	25.74	0.27	-0.024
3.82	25.8	0.274	-0.024
3.83	25.83	0.278	-0.023
3.84	25.8	0.278	-0.023
3.85	25.83	0.281	-0.022
3.86	25.85	0.284	-0.021
3.87	25.81	0.288	-0.016
3.88	25.74	0.288	-0.017
3.89	25.64	0.289	-0.017
3.9	25.56	0.289	-0.018
3.91	25.39	0.291	-0.017
3.92	25.39	0.292	-0.017
3.93	25.37	0.292	-0.017
3.94	25.35	0.292	-0.016
3.95	25.29	0.292	-0.016
3.96	25.23	0.291	-0.016
3.97	25.29	0.289	-0.016
3.98	25.15	0.289	-0.016
3.99	25.1	0.289	-0.016
4	24.98	0.289	-0.015
4.01	24.81	0.287	-0.015
4.02	24.64	0.285	-0.015
4.03	24.48	0.282	-0.014
4.04	24.27	0.28	-0.014
4.05	24.11	0.278	-0.015
4.06	23.59	0.273	-0.014
4.07	23.37	0.272	-0.014
4.08	23.04	0.269	-0.014
4.09	22.74	0.265	-0.014
4.1	22.53	0.257	-0.015
4.11	22.08	0.254	-0.015
4.12	21.89	0.251	-0.015
4.13	21.81	0.247	-0.015
4.14	21.68	0.244	-0.015
4.15	21.39	0.237	-0.014
4.16	21.29	0.234	-0.014
4.17	21.15	0.23	-0.014
4.18	20.99	0.227	-0.014
4.19	20.85	0.223	-0.014
4.2	20.63	0.222	-0.013
4.21	20.49	0.221	-0.012
4.22	20.29	0.221	-0.011
4.23	20.16	0.22	-0.012
4.24	20.04	0.218	-0.011
4.25	19.84	0.217	-0.011
4.26	19.75	0.216	-0.012
4.27	19.7	0.214	-0.012
4.28	19.55	0.212	-0.012
4.29	19.53	0.207	-0.011
4.3	19.32	0.204	-0.012
4.31	19.2	0.204	-0.012
4.32	19.17	0.202	-0.012
4.33	19.11	0.201	-0.012
4.34	19.04	0.199	-0.013
4.35	18.83	0.198	-0.014
4.36	18.72	0.196	-0.016
4.37	18.59	0.194	-0.016
4.38	18.5	0.192	-0.016
4.39	18.39	0.194	-0.016
4.4	18.31	0.162	-0.016
4.41	18.27	0.157	-0.016
4.42	18.27	0.156	-0.015
4.43	18.28	0.156	-0.015
4.44	18.29	0.156	-0.015
4.45	18.5	0.155	-0.016
4.46	18.24	0.154	-0.013
4.47	18.31	0.155	-0.023
4.48	18.39	0.155	-0.026
4.49	18.58	0.156	-0.027
4.5	18.88	0.158	-0.027
4.51	19	0.161	-0.027
4.52	19.08	0.163	-0.027
4.53	19.15	0.166	-0.023
4.54	19.23	0.172	-0.023
4.55	19.39	0.175	-0.023
4.56	19.41	0.178	-0.023
4.57	19.39	0.18	-0.023
4.58	19.31	0.182	-0.023
4.59	19.27	0.184	-0.022
4.6	19.27	0.188	-0.022
4.61	19.27	0.19	-0.017
4.62	19.38	0.192	-0.016
4.63	19.61	0.194	-0.016
4.64	19.95	0.197	-0.016
4.65	20.83	0.201	-0.016
4.66	21.2	0.202	-0.016
4.67	21.48	0.203	-0.016
4.68	21.7	0.206	-0.016
4.69	21.82	0.21	-0.016
4.7	21.9	0.216	-0.012
4.71	21.86	0.219	-0.007
4.72	21.84	0.223	-0.009
4.73	21.73	0.226	-0.009
4.74	21.63	0.227	-0.01
4.75	21.56	0.231	-0.011
4.76	21.34	0.232	-0.011
4.77	21.19	0.231	-0.012
4.78	21.07	0.231	-0.012
4.79	20.99	0.231	-0.012
4.8	20.95	0.231	-0.012
4.81	20.97	0.231	-0.012
4.82	20.83	0.226	-0.012
4.83	20.73	0.221	-0.012
4.84	20.63	0.219	-0.012
4.85	20.44	0.216	-0.012
4.86	20.32	0.214	-0.012
4.87	20.34	0.213	-0.013
4.88	20.35	0.21	-0.013
4.89	20.52	0.208	-0.013
4.9	20.73	0.206	-0.012
4.91	20.89	0.204	-0.012
4.92	20.98	0.201	-0.012
4.93	21.01	0.199	-0.012
4.94	20.94	0.199	-0.013
4.95	20.85	0.199	-0.013
4.96	20.72	0.199	-0.013
4.97	20.51	0.201	-0.013
4.98	20.37	0.202	-0.013
4.99	20.13	0.203	-0.013
5	19.75	0.202	-0.013
5.01	19.67	0.202	-0.013
5.02	19.66	0.201	-0.012
5.03	19.69	0.2	-0.012
5.04	19.72	0.2	-0.011
5.05	19.77	0.2	-0.01
5.06	19.91	0.198	-0.01
5.07	19.92	0.197	-0.01
5.08	19.97	0.196	-0.01
5.09	20.03	0.196	-0.01
5.1	20.06	0.197	-0.01
5.11	20.15	0.197	-0.01
5.12	20.12	0.197	-0.01
5.13	20.13	0.198	-0.01
5.14	20.07	0.198	-0.01
5.15	20	0.199	-0.01
5.16	19.93	0.199	-0.01
5.17	19.86	0.199	-0.01
5.18	19.78	0.199	-0.01
5.19	19.77	0.198	-0.01
5.2	19.69	0.197	-0.01
5.21	19.61	0.195	-0.01
5.22	19.59	0.194	-0.01
5.23	19.53	0.193	-0.01
5.24	19.52	0.192	-0.01
5.25	19.62	0.193	-0.01
5.26	19.73	0.193	-0.01
5.27	19.93	0.193	-0.01
5.28	20.19	0.193	-0.01
5.29	20.42	0.193	-0.01
5.3	20.5	0.194	-0.009
5.31	20.49	0.194	-0.009
5.32	20.5	0.195	-0.009
5.33	20.42	0.097	-0.009
5.34	20.25	0.139	-0.009
5.35	20.21	0.158	-0.01
5.36	20.14	0.178	-0.009
5.37	20.11	0.179	-0.009
5.38	20.06	0.181	-0.009
5.39	20.06	0.182	-0.009
5.4	19.94	0.184	-0.007
5.41	19.5	0.185	-0.005
5.42	19.32	0.186	-0.006
5.43	19.14	0.186	-0.006
5.44	19.14	0.186	-0.005
5.45	19.17	0.186	-0.004
5.46	19.2	0.186	-0.004
5.47	19.28	0.186	-0.004
5.48	19.44	0.187	-0.004
5.49	19.6	0.188	-0.003
5.5	19.79	0.188	-0.003
5.51	19.91	0.189	-0.003
5.52	20.11	0.189	-0.003
5.53	20.2	0.191	-0.003
5.54	20.26	0.194	-0.003
5.55	20.29	0.196	-0.003
5.56	20.29	0.201	-0.003
5.57	20.24	0.202	-0.003
5.58	20.21	0.204	-0.003
5.59	20.19	0.204	-0.003
5.6	20.14	0.206	-0.003
5.61	20.08	0.207	-0.003
5.62	20.07	0.207	-0.003
5.63	20.04	0.207	-0.003
5.64	19.95	0.206	-0.003
5.65	19.93	0.206	-0.003
5.66	19.84	0.206	-0.003
5.67	19.7	0.205	-0.003
5.68	19.54	0.204	-0.003
5.69	19.15	0.2	-0.004
5.7	18.9	0.198	-0.004
5.71	18.65	0.196	-0.005
5.72	18.47	0.192	-0.005
5.73	18.28	0.191	-0.005
5.74	18.06	0.188	-0.005
5.75	17.96	0.187	-0.004
5.76	17.9	0.185	-0.004
5.77	17.9	0.183	-0.004
5.78	17.9	0.182	-0.004
5.79	17.91	0.18	-0.004
5.8	17.92	0.181	-0.003
5.81	17.97	0.18	-0.004
5.82	18.02	0.178	-0.004
5.83	18.1	0.178	-0.003
5.84	18.16	0.178	-0.004
5.85	18.25	0.179	-0.004
5.86	18.34	0.18	-0.004
5.87	18.52	0.182	-0.004
5.88	18.6	0.182	-0.004
5.89	18.73	0.182	-0.003
5.9	18.88	0.182	-0.003
5.91	18.94	0.182	-0.003
5.92	19.1	0.185	-0.003
5.93	19.07	0.187	-0.003
5.94	19.19	0.187	-0.003
5.95	19.2	0.188	-0.003
5.96	19.17	0.191	-0.003
5.97	19.07	0.196	-0.003
5.98	18.81	0.197	-0.003
5.99	18.72	0.197	-0.004
6	18.58	0.197	-0.004
6.01	18.43	0.198	-0.004
6.02	18.29	0.198	-0.005
6.03	18.17	0.198	-0.004
6.04	18.04	0.198	-0.005
6.05	18.02	0.196	-0.005
6.06	18.03	0.194	-0.005
6.07	18.05	0.194	-0.004
6.08	18.05	0.193	-0.004
6.09	18.06	0.191	-0.004
6.1	18.02	0.191	-0.003
6.11	17.91	0.19	-0.004
6.12	17.86	0.189	-0.004
6.13	17.84	0.188	-0.004
6.14	17.79	0.187	-0.004
6.15	17.71	0.186	-0.004
6.16	17.48	0.186	-0.005
6.17	17.37	0.186	-0.004
6.18	17.32	0.186	-0.005
6.19	17.31	0.186	-0.004
6.2	17.31	0.188	-0.004
6.21	17.33	0.189	-0.004
6.22	17.35	0.189	-0.004
6.23	17.42	0.189	-0.004
6.24	17.51	0.186	-0.004
6.25	17.57	0.186	-0.004
6.26	17.57	0.186	-0.004
6.27	17.55	0.186	-0.004
6.28	17.54	0.185	-0.005
6.29	17.56	0.185	-0.005
6.3	17.58	0.185	-0.005
6.31	17.6	0.183	-0.004
6.32	17.59	0.181	-0.003
6.33	17.6	0.178	-0.004
6.34	17.62	0.178	-0.004
6.35	17.66	0.178	-0.004
6.36	17.79	0.179	-0.004
6.37	17.95	0.182	-0.004
6.38	17.96	0.182	-0.004
6.39	17.95	0.182	-0.004
6.4	17.88	0.18	-0.004
6.41	17.79	0.178	-0.003
6.42	17.48	0.176	-0.004
6.43	17.37	0.175	-0.005
6.44	17.33	0.175	-0.005
6.45	17.32	0.176	-0.005
6.46	17.38	0.176	-0.004
6.47	17.43	0.177	-0.003
6.48	17.53	0.178	-0.001
6.49	17.62	0.17	-0.001
6.5	17.65	0.162	0
6.51	17.62	0.16	-0.001
6.52	17.62	0.16	-0.001
6.53	17.63	0.16	-0.001
6.54	17.64	0.16	-0.001
6.55	17.78	0.162	0.004
6.56	17.71	0.165	0.009
6.57	17.74	0.171	0.005
6.58	17.77	0.173	0.006
6.59	17.86	0.177	0.006
6.6	17.95	0.181	0.008
6.61	17.97	0.184	0.007
6.62	17.96	0.188	0.008
6.63	17.81	0.19	0.007
6.64	17.6	0.191	0.008
6.65	17.43	0.191	0.007
6.66	17.17	0.191	0.007
6.67	16.89	0.192	0.007
6.68	16.67	0.192	0.007
6.69	16.47	0.192	0.006
6.7	16.35	0.191	0.007
6.71	16.17	0.189	0.006
6.72	16.1	0.186	0.005
6.73	16.07	0.184	0.005
6.74	15.92	0.182	0.006
6.75	15.82	0.179	0.006
6.76	15.53	0.177	0.006
6.77	15.33	0.176	0.005
6.78	15.24	0.173	0.005
6.79	15.11	0.172	0.005
6.8	15.06	0.17	0.005
6.81	15.08	0.168	0.005
6.82	15.11	0.167	0.006
6.83	15.26	0.167	0.007
6.84	15.67	0.168	0.007
6.85	15.9	0.168	0.007
6.86	16.21	0.169	0.008
6.87	16.52	0.169	0.008
6.88	16.82	0.17	0.008
6.89	17.24	0.173	0.009
6.9	17.36	0.174	0.009
6.91	17.52	0.177	0.009
6.92	17.59	0.179	0.009
6.93	17.65	0.183	0.009
6.94	17.66	0.187	0.009
6.95	17.66	0.192	0.009
6.96	17.57	0.197	0.009
6.97	17.55	0.197	0.008
6.98	17.56	0.199	0.008
6.99	17.58	0.198	0.008
7	17.58	0.198	0.008
7.01	17.61	0.196	0.008
7.02	17.88	0.197	0.008
7.03	18.07	0.197	0.009
7.04	18.28	0.197	0.009
7.05	18.44	0.197	0.009
7.06	18.61	0.197	0.009
7.07	18.87	0.196	0.009
7.08	18.96	0.197	0.009
7.09	19	0.197	0.009
7.1	19.08	0.199	0.009
7.11	19.19	0.199	0.009
7.12	19.39	0.206	0.01
7.13	19.93	0.208	0.009
7.14	20.25	0.21	0.01
7.15	20.46	0.213	0.01
7.16	20.66	0.215	0.01
7.17	20.83	0.215	0.01
7.18	20.95	0.216	0.01
7.19	21.07	0.22	0.01
7.2	21.12	0.222	0.011
7.21	21.15	0.225	0.011
7.22	21.22	0.226	0.011
7.23	21.29	0.227	0.011
7.24	21.34	0.229	0.011
7.25	21.38	0.233	0.011
7.26	21.41	0.234	0.011
7.27	21.38	0.235	0.011
7.28	21.38	0.236	0.011
7.29	21.39	0.237	0.011
7.3	21.39	0.238	0.011
7.31	21.4	0.238	0.012
7.32	21.4	0.239	0.011
7.33	21.48	0.238	0.011
7.34	21.53	0.24	0.012
7.35	21.63	0.24	0.012
7.36	21.67	0.241	0.012
7.37	21.77	0.241	0.013
7.38	21.84	0.242	0.012
7.39	21.86	0.243	0.012
7.4	21.84	0.244	0.012
7.41	21.89	0.244	0.013
7.42	21.9	0.243	0.013
7.43	21.86	0.243	0.014
7.44	21.86	0.243	0.014
7.45	21.85	0.243	0.014
7.46	21.84	0.242	0.014
7.47	21.84	0.23	0.013
7.48	21.85	0.217	0.014
7.49	21.86	0.211	0.014
7.5	21.85	0.212	0.014
7.51	21.84	0.213	0.014
7.52	21.81	0.214	0.014
7.53	21.82	0.217	0.014
7.54	21.29	0.218	0.013
7.55	21.26	0.219	0.013
7.56	21.3	0.22	0.012
7.57	21.34	0.221	0.013
7.58	21.36	0.223	0.014
7.59	21.34	0.223	0.014
7.6	21.26	0.225	0.014
7.61	21.24	0.226	0.014
7.62	21.22	0.226	0.014
7.63	21.21	0.225	0.014
7.64	21.19	0.225	0.014
7.65	21.19	0.225	0.014
7.66	21.19	0.225	0.014
7.67	21.19	0.227	0.015
7.68	21.24	0.229	0.015
7.69	21.35	0.232	0.015
7.7	21.51	0.232	0.015
7.71	21.58	0.232	0.015
7.72	21.54	0.232	0.015
7.73	21.47	0.232	0.015
7.74	21.36	0.23	0.015
7.75	21.18	0.23	0.015
7.76	21.07	0.23	0.015
7.77	20.96	0.23	0.016
7.78	20.64	0.229	0.015
7.79	20.5	0.228	0.015
7.8	20.33	0.227	0.015
7.81	20.15	0.226	0.014
7.82	19.99	0.223	0.015
7.83	19.8	0.22	0.014
7.84	19.51	0.215	0.014
7.85	19.42	0.213	0.014
7.86	19.22	0.209	0.014
7.87	19.09	0.207	0.014
7.88	19.02	0.206	0.014
7.89	19.04	0.205	0.014
7.9	19.06	0.203	0.014
7.91	19.07	0.203	0.014
7.92	19.06	0.202	0.015
7.93	18.96	0.201	0.014
7.94	18.82	0.201	0.014
7.95	18.47	0.199	0.014
7.96	18.37	0.199	0.014
7.97	18.23	0.198	0.014
7.98	18.15	0.199	0.014
7.99	18.09	0.198	0.014
8	18.1	0.196	0.014
8.01	18.12	0.194	0.014
8.02	18.15	0.194	0.014
8.03	18.23	0.194	0.014
8.04	18.25	0.194	0.015
8.05	18.3	0.194	0.016
8.06	18.33	0.195	0.016
8.07	18.39	0.196	0.017
8.08	18.6	0.199	0.017
8.09	18.74	0.201	0.016
8.1	18.89	0.204	0.017
8.11	19.09	0.206	0.017
8.12	19.28	0.209	0.017
8.13	19.36	0.21	0.017
8.14	19.47	0.212	0.017
8.15	19.4	0.213	0.017
8.16	19.24	0.219	0.018
8.17	19.14	0.221	0.017
8.18	18.98	0.222	0.017
8.19	18.83	0.224	0.017
8.2	18.67	0.226	0.017
8.21	18.51	0.225	0.017
8.22	18.27	0.225	0.017
8.23	18.12	0.225	0.016
8.24	18.06	0.223	0.016
8.25	18.01	0.222	0.016
8.26	18.01	0.219	0.016
8.27	18.01	0.218	0.016
8.28	18.02	0.217	0.016
8.29	18.03	0.214	0.016
8.3	18.08	0.213	0.016
8.31	18.13	0.211	0.016
8.32	18.26	0.212	0.016
8.33	18.45	0.212	0.016
8.34	18.53	0.213	0.017
8.35	18.76	0.214	0.017
8.36	18.82	0.216	0.017
8.37	18.86	0.218	0.017
8.38	18.91	0.22	0.017
8.39	18.88	0.222	0.018
8.4	18.82	0.224	0.017
8.41	18.81	0.225	0.017
8.42	18.76	0.225	0.017
8.43	18.73	0.218	0.017
8.44	18.68	0.211	0.018
8.45	18.7	0.199	0.018
8.46	18.69	0.198	0.018
8.47	18.74	0.199	0.018
8.48	18.79	0.199	0.018
8.49	18.87	0.199	0.017
8.5	18.86	0.199	0.017
8.51	18.6	0.2	0.013
8.52	18.55	0.201	0.012
8.53	18.58	0.202	0.012
8.54	18.61	0.206	0.012
8.55	18.81	0.208	0.012
8.56	18.83	0.208	0.013
8.57	18.87	0.209	0.013
8.58	18.91	0.21	0.014
8.59	18.95	0.212	0.014
8.6	19.06	0.215	0.014
8.61	19.29	0.22	0.014
8.62	19.43	0.222	0.014
8.63	19.5	0.224	0.014
8.64	19.61	0.225	0.015
8.65	19.73	0.226	0.015
8.66	19.73	0.226	0.015
8.67	19.78	0.227	0.015
8.68	19.99	0.228	0.015
8.69	20.11	0.229	0.015
8.7	20.27	0.23	0.015
8.71	20.54	0.232	0.015
8.72	20.76	0.234	0.016
8.73	21.26	0.237	0.017
8.74	21.49	0.237	0.017
8.75	21.69	0.239	0.017
8.76	21.84	0.241	0.017
8.77	21.99	0.243	0.018
8.78	22.03	0.244	0.018
8.79	22.19	0.246	0.018
8.8	22.27	0.247	0.018
8.81	22.25	0.249	0.017
8.82	22.19	0.251	0.018
8.83	22.13	0.253	0.018
8.84	22.11	0.255	0.018
8.85	22.02	0.255	0.018
8.86	21.98	0.255	0.018
8.87	21.9	0.254	0.019
8.88	21.8	0.254	0.019
8.89	21.63	0.253	0.019
8.9	21.37	0.251	0.018
8.91	21.25	0.252	0.018
8.92	21.08	0.249	0.019
8.93	21.01	0.248	0.019
8.94	20.98	0.246	0.019
8.95	20.99	0.244	0.019
8.96	20.9	0.238	0.019
8.97	20.81	0.234	0.019
8.98	20.67	0.231	0.019
8.99	20.54	0.226	0.018
9	20.39	0.223	0.018
9.01	20.26	0.217	0.019
9.02	20	0.21	0.018
9.03	19.62	0.194	0.018
9.04	19.41	0.191	0.018
9.05	19.31	0.185	0.018
9.06	19.25	0.181	0.017
9.07	19.21	0.174	0.017
9.08	18.99	0.169	0.016
9.09	18.79	0.166	0.017
9.1	18.47	0.159	0.016
9.11	18.19	0.159	0.016
9.12	18.1	0.156	0.016
9.13	17.93	0.154	0.017
9.14	17.84	0.153	0.016
9.15	17.71	0.152	0.016
9.16	17.33	0.152	0.017
9.17	17.1	0.152	0.018
9.18	16.88	0.152	0.017
9.19	16.74	0.153	0.016
9.2	16.58	0.154	0.017
9.21	16.41	0.156	0.018
9.22	16.31	0.159	0.018
9.23	15.97	0.161	0.018
9.24	15.85	0.163	0.018
9.25	15.73	0.163	0.019
9.26	15.52	0.167	0.018
9.27	15.35	0.168	0.018
9.28	15.15	0.171	0.018
9.29	15.01	0.173	0.018
9.3	14.61	0.175	0.018
9.31	14.45	0.175	0.017
9.32	14.37	0.174	0.017
9.33	14.15	0.172	0.017
9.34	13.95	0.171	0.017
9.35	13.71	0.17	0.018
9.36	13.5	0.169	0.017
9.37	13.32	0.168	0.016
9.38	12.98	0.167	0.016
9.39	12.84	0.166	0.016
9.4	12.65	0.161	0.015
9.41	12.49	0.159	0.015
9.42	12.28	0.157	0.015
9.43	12.09	0.157	0.015
9.44	11.95	0.157	0.015
9.45	11.81	0.156	0.015
9.46	11.55	0.155	0.015
9.47	11.52	0.151	0.015
9.48	11.52	0.148	0.015
9.49	11.55	0.141	0.016
9.5	11.58	0.134	0.015
9.51	11.72	0.11	0.015
9.52	11.94	0.107	0.015
9.53	12.27	0.104	0.015
9.54	13.17	0.105	0.016
9.55	13.81	0.106	0.016
9.56	14.42	0.106	0.025
9.57	15.04	0.109	0.018
9.58	15.99	0.114	0.016
9.59	16.71	0.114	0.016
9.6	17.24	0.114	0.017
9.61	17.64	0.116	0.017
9.62	18.03	0.116	0.018
9.63	18.44	0.117	0.018
9.64	18.96	0.125	0.02
9.65	19.29	0.13	0.019
9.66	19.46	0.134	0.019
9.67	19.67	0.139	0.019
9.68	19.75	0.141	0.02
9.69	19.79	0.146	0.02
9.7	19.7	0.148	0.021
9.71	19.66	0.149	0.021
9.72	19.55	0.154	0.021
9.73	19.39	0.156	0.022
9.74	19.32	0.159	0.023
9.75	19.17	0.16	0.022
9.76	19.05	0.162	0.022
9.77	18.94	0.162	0.022
9.78	18.83	0.164	0.022
9.79	18.8	0.162	0.022
9.8	18.8	0.164	0.022
9.81	18.81	0.166	0.022
9.82	18.84	0.166	0.022
9.83	18.92	0.166	0.022
9.84	19	0.166	0.022
9.85	19.11	0.167	0.023
9.86	19.12	0.167	0.024
9.87	19.11	0.168	0.024
9.88	19.1	0.171	0.025
9.89	19.13	0.174	0.024
9.9	19.12	0.177	0.024
9.91	19.14	0.179	0.024
9.92	19.16	0.18	0.025
9.93	19.13	0.181	0.025
9.94	19.15	0.181	0.025
9.95	19.16	0.182	0.026
9.96	19.17	0.183	0.026
9.97	19.18	0.184	0.026
9.98	19.18	0.185	0.026
9.99	19.18	0.186	0.026
10	19.18	0.188	0.026
10.01	19.18	0.188	0.026
10.02	19.19	0.188	0.026
10.03	19.22	0.188	0.027
10.04	19.28	0.188	0.027
10.05	19.37	0.188	0.027
10.06	19.42	0.187	0.027
10.07	19.46	0.187	0.027
10.08	19.45	0.187	0.027
10.09	19.39	0.187	0.027
10.1	19.32	0.188	0.027
10.11	19.29	0.188	0.028
10.12	19.18	0.188	0.028
10.13	19.18	0.19	0.028
10.14	19.15	0.192	0.028
10.15	19.16	0.196	0.028
10.16	18.99	0.198	0.029
10.17	18.89	0.198	0.029
10.18	18.7	0.198	0.028
10.19	18.58	0.197	0.029
10.2	18.38	0.196	0.029
10.21	18.04	0.196	0.029
10.22	17.87	0.195	0.028
10.23	17.83	0.196	0.028
10.24	17.86	0.195	0.028
10.25	17.88	0.193	0.028
10.26	18.1	0.192	0.028
10.27	18.38	0.19	0.029
10.28	18.7	0.187	0.029
10.29	19.38	0.184	0.03
10.3	19.58	0.183	0.03
10.31	19.82	0.183	0.031
10.32	19.97	0.184	0.031
10.33	20.05	0.186	0.031
10.34	20.09	0.19	0.031
10.35	20.08	0.19	0.031
10.36	20.01	0.192	0.031
10.37	19.91	0.192	0.031
10.38	19.83	0.192	0.032
10.39	19.68	0.191	0.032
10.4	19.51	0.191	0.031
10.41	19.31	0.191	0.031
10.42	19.22	0.192	0.031
10.43	19.13	0.18	0.031
10.44	19.07	0.168	0.031
10.45	18.96	0.165	0.032
10.46	18.97	0.163	0.031
10.47	18.97	0.162	0.032
10.48	19.17	0.163	0.032
10.49	19.51	0.159	0.033
10.5	19.99	0.16	0.033
10.51	20.05	0.16	0.03
10.52	20.1	0.162	0.03
10.53	20.43	0.166	0.03
10.54	20.67	0.175	0.03
10.55	20.71	0.178	0.03
10.56	20.72	0.182	0.031
10.57	20.75	0.184	0.032
10.58	20.79	0.189	0.032
10.59	20.95	0.193	0.033
10.6	21.09	0.195	0.033
10.61	21.24	0.197	0.034
10.62	21.32	0.198	0.034
10.63	21.4	0.2	0.034
10.64	21.41	0.202	0.034
10.65	21.52	0.206	0.035
10.66	21.58	0.21	0.035
10.67	21.64	0.211	0.036
10.68	21.66	0.212	0.036
10.69	21.66	0.211	0.036
10.7	21.67	0.212	0.037
10.71	21.67	0.212	0.036
10.72	21.71	0.212	0.036
10.73	21.65	0.212	0.036
10.74	21.69	0.213	0.037
10.75	21.69	0.214	0.038
10.76	21.69	0.215	0.038
10.77	21.74	0.214	0.038
10.78	21.79	0.214	0.039
10.79	21.73	0.213	0.039
10.8	21.69	0.213	0.039
10.81	21.66	0.212	0.039
10.82	21.65	0.212	0.039
10.83	21.66	0.212	0.04
10.84	21.63	0.213	0.04
10.85	21.58	0.212	0.04
10.86	21.56	0.212	0.04
10.87	21.53	0.212	0.04
10.88	21.52	0.212	0.04
10.89	21.51	0.21	0.041
10.9	21.5	0.211	0.041
10.91	21.49	0.21	0.042
10.92	21.45	0.209	0.042
10.93	21.42	0.209	0.041
10.94	21.42	0.208	0.042
10.95	21.38	0.208	0.042
10.96	21.38	0.208	0.042
10.97	21.36	0.205	0.042
10.98	21.34	0.204	0.042
10.99	21.34	0.204	0.042
11	21.36	0.202	0.043
11.01	21.37	0.2	0.042
11.02	21.34	0.198	0.043
11.03	21.39	0.196	0.043
11.04	21.45	0.196	0.044
11.05	21.51	0.196	0.044
11.06	21.62	0.196	0.044
11.07	21.78	0.196	0.044
11.08	21.96	0.194	0.044
11.09	22	0.193	0.045
11.1	21.96	0.191	0.045
11.11	21.88	0.189	0.046
11.12	21.69	0.188	0.047
11.13	21.49	0.188	0.044
11.14	21.33	0.188	0.044
11.15	21.2	0.191	0.044
11.16	20.95	0.192	0.044
11.17	20.88	0.191	0.043
11.18	20.75	0.191	0.044
11.19	20.73	0.187	0.045
11.2	20.67	0.182	0.045
11.21	20.55	0.176	0.044
11.22	20.53	0.173	0.045
11.23	20.57	0.171	0.045
11.24	20.54	0.17	0.045
11.25	20.54	0.168	0.046
11.26	20.57	0.164	0.047
11.27	20.59	0.152	0.047
11.28	20.8	0.141	0.047
11.29	20.95	0.138	0.048
11.3	21.07	0.138	0.048
11.31	21.21	0.136	0.048
11.32	21.28	0.135	0.048
11.33	21.3	0.135	0.048
11.34	21	0.136	0.046
11.35	20.85	0.136	0.043
11.36	20.71	0.137	0.044
11.37	20.44	0.137	0.042
11.38	20.18	0.136	0.042
11.39	19.99	0.135	0.042
11.4	19.88	0.135	0.042
11.41	19.16	0.137	0.043
11.42	18.83	0.138	0.04
11.43	18.68	0.139	0.04
11.44	18.37	0.141	0.04
11.45	18.13	0.143	0.041
11.46	17.99	0.144	0.041
11.47	17.9	0.144	0.044
11.48	17.8	0.145	0.044
11.49	17.75	0.145	0.047
11.5	17.74	0.134	0.045
11.51	17.79	0.137	0.046
11.52	17.84	0.141	0.047
11.53	17.98	0.139	0.047
11.54	18.07	0.141	0.048
11.55	18.22	0.144	0.048
11.56	18.27	0.15	0.049
11.57	18.39	0.153	0.05
11.58	18.21	0.157	0.046
11.59	18.32	0.161	0.045
11.6	18.43	0.164	0.045
11.61	18.65	0.167	0.045
11.62	18.9	0.173	0.045
11.63	19.03	0.176	0.047
11.64	19.09	0.179	0.047
11.65	19.16	0.182	0.047
11.66	19.19	0.187	0.048
11.67	19.23	0.19	0.049
11.68	19.34	0.193	0.049
11.69	19.4	0.196	0.049
11.7	19.42	0.198	0.049
11.71	19.49	0.2	0.05
11.72	19.55	0.201	0.05
11.73	19.62	0.202	0.05
11.74	19.73	0.201	0.05
11.75	19.97	0.203	0.05
11.76	20.15	0.205	0.05
11.77	20.23	0.207	0.051
11.78	20.48	0.208	0.052
11.79	20.74	0.21	0.052
11.8	21.25	0.214	0.053
11.81	21.42	0.216	0.054
11.82	21.62	0.218	0.053
11.83	21.74	0.219	0.054
11.84	21.84	0.22	0.054
11.85	21.91	0.221	0.054
11.86	21.97	0.224	0.055
11.87	21.97	0.226	0.054
11.88	22.01	0.226	0.054
11.89	21.94	0.227	0.054
11.9	21.91	0.228	0.054
11.91	21.86	0.23	0.054
11.92	21.73	0.229	0.055
11.93	21.45	0.228	0.054
11.94	21.36	0.228	0.054
11.95	21.22	0.227	0.054
11.96	21.21	0.227	0.054
11.97	21.21	0.226	0.054
11.98	21.28	0.226	0.055
11.99	21.36	0.224	0.055
12	21.45	0.224	0.056
12.01	21.52	0.224	0.057
12.02	21.56	0.224	0.056
12.03	21.61	0.224	0.057
12.04	21.64	0.224	0.057
12.05	21.69	0.224	0.057
12.06	21.63	0.225	0.058
12.07	21.5	0.225	0.058
12.08	21.42	0.229	0.058
12.09	21.36	0.229	0.058
12.1	21.32	0.23	0.058
12.11	21.28	0.231	0.058
12.12	21.21	0.231	0.058
12.13	21.19	0.231	0.058
12.14	21.13	0.231	0.058
12.15	21.09	0.23	0.058
12.16	21.09	0.23	0.058
12.17	21.09	0.231	0.058
12.18	21.09	0.231	0.059
12.19	21.09	0.231	0.059
12.2	21.12	0.231	0.059
12.21	21.05	0.232	0.059
12.22	21.06	0.232	0.059
12.23	21.01	0.232	0.059
12.24	21.01	0.232	0.059
12.25	21.01	0.232	0.06
12.26	21.03	0.233	0.059
12.27	20.88	0.233	0.059
12.28	20.9	0.233	0.059
12.29	20.87	0.233	0.059
12.3	20.86	0.233	0.059
12.31	20.76	0.233	0.059
12.32	20.73	0.231	0.059
12.33	20.63	0.229	0.059
12.34	20.61	0.226	0.059
12.35	20.61	0.226	0.059
12.36	20.64	0.226	0.059
12.37	20.68	0.225	0.059
12.38	20.76	0.225	0.059
12.39	20.89	0.224	0.06
12.4	20.97	0.223	0.06
12.41	20.94	0.222	0.059
12.42	21.01	0.222	0.06
12.43	21.07	0.221	0.06
12.44	21.26	0.222	0.06
12.45	21.37	0.201	0.061
12.46	21.48	0.201	0.062
12.47	21.67	0.2	0.062
12.48	21.75	0.2	0.062
12.49	21.78	0.201	0.063
12.5	21.62	0.204	0.061
12.51	21.49	0.209	0.062
12.52	21.03	0.214	0.056
12.53	20.56	0.218	0.054
12.54	20.59	0.222	0.054
12.55	20.45	0.223	0.054
12.56	20.27	0.223	0.054
12.57	20.02	0.222	0.054
12.58	19.91	0.221	0.056
12.59	19.87	0.22	0.055
12.6	19.94	0.22	0.056
12.61	20.01	0.22	0.055
12.62	20.23	0.22	0.056
12.63	20.45	0.22	0.057
12.64	20.75	0.22	0.057
12.65	21	0.218	0.059
12.66	21.15	0.219	0.059
12.67	21.51	0.22	0.059
12.68	21.7	0.223	0.06
12.69	21.98	0.225	0.061
12.7	22.17	0.229	0.061
12.71	22.32	0.237	0.062
12.72	22.65	0.239	0.062
12.73	22.78	0.24	0.063
12.74	22.85	0.241	0.063
12.75	22.96	0.242	0.064
12.76	23.03	0.242	0.064
12.77	23.1	0.242	0.065
12.78	23.29	0.244	0.064
12.79	23.33	0.246	0.065
12.8	23.38	0.248	0.065
12.81	23.35	0.248	0.065
12.82	23.31	0.248	0.065
12.83	23.15	0.247	0.065
12.84	23.04	0.247	0.065
12.85	22.45	0.244	0.064
12.86	22.05	0.242	0.063
12.87	21.57	0.238	0.061
12.88	21.33	0.236	0.061
12.89	21.06	0.236	0.061
12.9	20.92	0.236	0.062
12.91	20.94	0.236	0.062
12.92	20.87	0.235	0.062
12.93	20.85	0.233	0.061
12.94	20.7	0.231	0.062
12.95	20.56	0.229	0.062
12.96	20.34	0.227	0.063
12.97	19.84	0.226	0.063
12.98	19.51	0.226	0.063
12.99	19.35	0.226	0.063
13	19.23	0.225	0.063
13.01	19.03	0.225	0.063
13.02	18.91	0.225	0.063
13.03	18.8	0.223	0.064
13.04	18.82	0.221	0.063
13.05	18.84	0.215	0.064
13.06	18.97	0.212	0.064
13.07	19.08	0.209	0.064
13.08	19.25	0.205	0.065
13.09	19.38	0.203	0.065
13.1	19.47	0.201	0.065
13.11	19.71	0.198	0.066
13.12	19.78	0.199	0.066
13.13	19.93	0.197	0.066
13.14	20.06	0.197	0.066
13.15	20.16	0.196	0.067
13.16	20.28	0.195	0.067
13.17	20.32	0.195	0.067
13.18	20.33	0.196	0.067
13.19	20.33	0.196	0.068
13.2	20.22	0.198	0.068
13.21	20.19	0.199	0.068
13.22	20.09	0.2	0.068
13.23	20.07	0.201	0.067
13.24	19.95	0.203	0.068
13.25	19.89	0.207	0.068
13.26	19.64	0.206	0.068
13.27	19.46	0.206	0.068
13.28	19.26	0.205	0.068
13.29	19.25	0.204	0.068
13.3	19.36	0.202	0.067
13.31	19.48	0.201	0.067
13.32	19.6	0.201	0.067
13.33	19.68	0.201	0.067
13.34	19.9	0.201	0.069
13.35	20.01	0.2	0.069
13.36	20.37	0.2	0.069
13.37	20.5	0.2	0.07
13.38	20.65	0.201	0.07
13.39	20.75	0.203	0.07
13.4	20.79	0.204	0.07
13.41	20.77	0.206	0.07
13.42	20.68	0.206	0.071
13.43	20.64	0.104	0.071
13.44	20.6	0.145	0.071
13.45	20.59	0.162	0.071
13.46	20.63	0.179	0.071
13.47	20.66	0.18	0.072
13.48	20.71	0.18	0.07
13.49	20.8	0.182	0.07
13.5	20.84	0.182	0.071
13.51	20.41	0.183	0.062
13.52	20.51	0.184	0.06
13.53	20.62	0.185	0.06
13.54	20.98	0.187	0.06
13.55	21.12	0.188	0.062
13.56	21.27	0.189	0.063
13.57	21.33	0.188	0.064
13.58	21.47	0.189	0.064
13.59	21.61	0.192	0.065
13.6	21.68	0.195	0.065
13.61	21.84	0.2	0.066
13.62	22.08	0.203	0.066
13.63	22.17	0.203	0.068
13.64	22.19	0.206	0.069
13.65	22.23	0.208	0.069
13.66	22.15	0.21	0.069
13.67	22	0.211	0.069
13.68	21.82	0.214	0.071
13.69	21.66	0.215	0.068
13.7	21.47	0.215	0.068
13.71	21.3	0.217	0.068
13.72	21.14	0.217	0.068
13.73	20.95	0.216	0.068
13.74	20.73	0.215	0.068
13.75	20.29	0.213	0.067
13.76	20.06	0.213	0.068
13.77	19.77	0.212	0.066
13.78	19.47	0.211	0.066
13.79	19.16	0.209	0.066
13.8	18.94	0.206	0.065
13.81	18.58	0.202	0.065
13.82	18.16	0.2	0.065
13.83	18.01	0.195	0.065
13.84	17.99	0.192	0.065
13.85	17.97	0.19	0.065
13.86	18	0.189	0.067
13.87	17.86	0.187	0.066
13.88	17.64	0.184	0.066
13.89	17.33	0.181	0.065
13.9	16.67	0.179	0.065
13.91	16.34	0.175	0.064
13.92	16.02	0.174	0.064
13.93	15.72	0.173	0.063
13.94	15.47	0.171	0.062
13.95	15.24	0.168	0.062
13.96	15.06	0.164	0.062
13.97	14.85	0.158	0.061
13.98	14.56	0.154	0.06
13.99	14.45	0.151	0.061
14	14.32	0.148	0.061
14.01	14.23	0.142	0.061
14.02	14.12	0.139	0.061
14.03	14	0.139	0.061
14.04	13.82	0.138	0.06
14.05	13.64	0.138	0.061
14.06	13.42	0.138	0.06
14.07	13.1	0.136	0.06
14.08	12.99	0.135	0.06
14.09	12.9	0.131	0.06
14.1	12.85	0.13	0.06
14.11	12.84	0.129	0.06
14.12	12.79	0.129	0.061
14.13	12.75	0.129	0.061
14.14	12.71	0.129	0.061
14.15	12.72	0.128	0.061
14.16	12.73	0.128	0.061
14.17	12.77	0.128	0.06
14.18	12.74	0.128	0.061
14.19	12.73	0.127	0.061
14.2	12.73	0.127	0.061
14.21	12.72	0.127	0.062
14.22	12.73	0.126	0.061
14.23	12.73	0.126	0.061
14.24	12.89	0.125	0.061
14.25	13.02	0.125	0.061
14.26	13.19	0.125	0.062
14.27	13.37	0.124	0.063
14.28	13.58	0.123	0.063
14.29	13.85	0.122	0.064
14.3	14.14	0.123	0.065
14.31	14.44	0.123	0.065
14.32	14.78	0.125	0.066
14.33	15.38	0.128	0.067
14.34	15.63	0.13	0.067
14.35	15.79	0.133	0.067
14.36	15.98	0.14	0.068
14.37	16.05	0.144	0.068
14.38	16.17	0.147	0.069
14.39	16.22	0.148	0.069
14.4	16.28	0.149	0.069
14.41	16.43	0.149	0.07
14.42	16.54	0.149	0.07
14.43	16.63	0.149	0.07
14.44	16.8	0.117	0.071
14.45	16.96	0.127	0.072
14.46	17.11	0.13	0.071
14.47	17.25	0.134	0.071
14.48	17.34	0.135	0.071
14.49	17.4	0.141	0.072
14.5	17.39	0.145	0.071
14.51	17.31	0.149	0.07
14.52	16.86	0.152	0.067
14.53	16.42	0.155	0.066
14.54	16.35	0.156	0.066
14.55	16.21	0.159	0.066
14.56	16.01	0.161	0.066
14.57	15.83	0.164	0.066
14.58	15.68	0.164	0.067
14.59	15.56	0.164	0.067
14.6	15.46	0.164	0.067
14.61	15.41	0.164	0.067
14.62	15.4	0.164	0.067
14.63	15.41	0.163	0.068
14.64	15.42	0.161	0.068
14.65	15.52	0.159	0.068
14.66	15.57	0.156	0.068
14.67	15.68	0.156	0.069
14.68	15.79	0.156	0.069
14.69	15.84	0.156	0.07
14.7	15.94	0.156	0.071
14.71	15.97	0.156	0.07
14.72	16.03	0.157	0.071
14.73	16.07	0.158	0.071
14.74	16.13	0.161	0.072
14.75	16.18	0.163	0.072
14.76	16.27	0.163	0.072
14.77	16.37	0.164	0.073
14.78	16.47	0.164	0.074
14.79	16.6	0.165	0.075
14.8	16.71	0.166	0.074
14.81	16.95	0.166	0.074
14.82	17.05	0.167	0.075
14.83	17.18	0.168	0.075
14.84	17.26	0.169	0.076
14.85	17.35	0.171	0.076
14.86	17.39	0.173	0.077
14.87	17.44	0.175	0.077
14.88	17.51	0.177	0.078
14.89	17.48	0.18	0.077
14.9	17.41	0.186	0.078
14.91	17.33	0.186	0.078
14.92	17.28	0.187	0.078
14.93	17.14	0.189	0.079
14.94	17	0.19	0.078
14.95	16.87	0.19	0.077
14.96	16.6	0.189	0.078
14.97	16.51	0.189	0.078
14.98	16.39	0.188	0.077
14.99	16.31	0.185	0.078
15	16.27	0.182	0.078
15.01	16.27	0.18	0.079
15.02	16.32	0.177	0.079
15.03	16.37	0.175	0.079
15.04	16.77	0.173	0.079
15.05	17.07	0.171	0.079
15.06	17.5	0.169	0.08
15.07	17.96	0.169	0.08
15.08	18.51	0.169	0.082
15.09	19.09	0.169	0.084
15.1	19.64	0.17	0.085
15.11	20.16	0.172	0.086
15.12	21.27	0.176	0.089
15.13	21.78	0.18	0.091
15.14	22.15	0.183	0.092
15.15	22.53	0.184	0.092
15.16	22.81	0.187	0.093
15.17	23.01	0.191	0.093
15.18	23.09	0.191	0.093
15.19	23.03	0.196	0.094
15.2	22.89	0.196	0.093
15.21	22.74	0.2	0.093
15.22	22.58	0.211	0.092
15.23	22.27	0.212	0.089
15.24	22.01	0.212	0.087
15.25	21.95	0.212	0.088
15.26	21.89	0.216	0.089
15.27	21.9	0.216	0.089
15.28	21.8	0.215	0.094
15.29	21.78	0.215	0.093
15.3	21.75	0.216	0.088
15.31	21.81	0.216	0.089
15.32	21.69	0.218	0.091
15.33	21.73	0.23	0.092
15.34	21.58	0.228	0.091
15.35	21.49	0.227	0.09
15.36	21.24	0.226	0.09
15.37	21	0.225	0.09
15.38	20.83	0.225	0.091
15.39	20.61	0.223	0.09
15.4	20.14	0.223	0.087
15.41	20.01	0.22	0.087
15.42	19.73	0.211	0.087
15.43	19.43	0.2	0.087
15.44	18.98	0.188	0.085
15.45	18.58	0.177	0.08
15.46	18.2	0.167	0.071
15.47	17.86	0.165	0.064
15.48	17.42	0.161	0.059
15.49	17.37	0.157	0.062
15.5	17.48	0.155	0.06
15.51	17.59	0.148	0.061
15.52	18.12	0.149	0.063
15.53	18.69	0.148	0.069
15.54	19.27	0.147	0.072
15.55	19.8	0.147	0.075
15.56	20.31	0.148	0.077
15.57	20.74	0.148	0.08
15.58	21.38	0.153	0.082
15.59	21.58	0.161	0.082
15.6	21.79	0.166	0.082
15.61	22	0.17	0.083
15.62	22.26	0.175	0.083
15.63	22.45	0.178	0.084
15.64	22.67	0.186	0.085
15.65	22.77	0.186	0.086
15.66	22.82	0.186	0.091
15.67	22.83	0.187	0.091
15.68	22.89	0.19	0.091
15.69	22.95	0.193	0.092
15.7	23.38	0.2	0.093
15.71	23.64	0.203	0.093
15.72	23.95	0.205	0.094
15.73	24.25	0.207	0.095
15.74	24.55	0.207	0.095
15.75	24.79	0.208	0.095
15.76	24.95	0.211	0.097
15.77	25.1	0.215	0.097
15.78	25.11	0.217	0.097
15.79	24.99	0.22	0.098
15.8	24.87	0.223	0.099
15.81	24.86	0.228	0.099
15.82	24.87	0.234	0.1
15.83	24.89	0.236	0.1
15.84	24.9	0.241	0.1
15.85	24.91	0.241	0.101
15.86	25.03	0.241	0.102
15.87	25.09	0.242	0.102
15.88	25.18	0.243	0.102
15.89	25.23	0.244	0.103
15.9	25.29	0.244	0.103
15.91	25.33	0.244	0.102
15.92	25.37	0.245	0.103
15.93	25.44	0.246	0.103
15.94	25.45	0.248	0.103
15.95	25.48	0.249	0.106
15.96	25.52	0.249	0.105
15.97	25.42	0.248	0.105
15.98	25.43	0.248	0.106
15.99	25.43	0.248	0.105
16	25.44	0.249	0.105
16.01	25.5	0.251	0.105
16.02	25.53	0.25	0.105
16.03	25.64	0.251	0.106
16.04	25.81	0.251	0.105
16.05	25.79	0.251	0.105
16.06	25.62	0.251	0.106
16.07	25.12	0.251	0.108
16.08	24.69	0.25	0.106
16.09	24.27	0.25	0.103
16.1	23.84	0.25	0.099
16.11	23.36	0.249	0.099
16.12	22.93	0.247	0.099
16.13	22.55	0.245	0.099
16.14	22.17	0.236	0.1
16.15	21.55	0.232	0.099
16.16	21.25	0.229	0.098
16.17	20.94	0.226	0.098
16.18	20.64	0.22	0.098
16.19	20.39	0.217	0.097
16.2	20.15	0.213	0.097
16.21	19.77	0.21	0.097
16.22	19.66	0.203	0.097
16.23	19.59	0.201	0.097
16.24	19.43	0.199	0.098
16.25	19.35	0.198	0.098
16.26	19.28	0.197	0.099
16.27	19.28	0.193	0.099
16.28	19.38	0.192	0.1
16.29	19.48	0.192	0.1
16.3	19.6	0.191	0.101
16.31	19.73	0.192	0.103
16.32	19.86	0.192	0.103
16.33	20.03	0.193	0.103
16.34	20.26	0.194	0.103
16.35	20.41	0.194	0.104
16.36	20.43	0.195	0.106
16.37	20.43	0.195	0.106
16.38	20.39	0.197	0.104
16.39	20.4	0.196	0.105
16.4	20.33	0.197	0.104
16.41	20.28	0.098	0.104
16.42	20.28	0.136	0.104
16.43	20.28	0.153	0.104
16.44	20.32	0.171	0.104
16.45	20.36	0.17	0.104
16.46	20.39	0.172	0.103
16.47	20.48	0.172	0.104
16.48	20.55	0.174	0.105
16.49	20.3	0.177	0.111
16.5	20.3	0.181	0.101
16.51	20.37	0.182	0.096
16.52	20.44	0.184	0.095
16.53	20.54	0.186	0.094
16.54	20.55	0.187	0.095
16.55	20.38	0.188	0.096
16.56	20.3	0.192	0.098
16.57	20.26	0.196	0.097
16.58	20.23	0.197	0.098
16.59	20.28	0.198	0.098
16.6	20.33	0.2	0.098
16.61	20.3	0.201	0.098
16.62	20.38	0.201	0.098
16.63	20.44	0.201	0.099
16.64	20.42	0.201	0.099
16.65	20.36	0.2	0.099
16.66	20.34	0.2	0.099
16.67	20.17	0.2	0.099
16.68	20.11	0.2	0.099
16.69	19.73	0.197	0.099
16.7	19.6	0.195	0.099
16.71	19.43	0.194	0.099
16.72	19.21	0.193	0.099
16.73	19.09	0.191	0.098
16.74	18.92	0.19	0.099
16.75	18.87	0.188	0.099
16.76	18.87	0.186	0.099
16.77	18.85	0.184	0.1
16.78	18.84	0.182	0.1
16.79	18.83	0.18	0.1
16.8	18.83	0.18	0.099
16.81	18.8	0.179	0.1
16.82	18.8	0.179	0.1
16.83	18.84	0.179	0.1
16.84	18.88	0.179	0.101
16.85	18.93	0.181	0.102
16.86	18.95	0.185	0.102
16.87	19	0.184	0.102
16.88	19.09	0.184	0.101
16.89	19.24	0.185	0.102
16.9	19.46	0.185	0.103
16.91	19.7	0.186	0.103
16.92	20.04	0.186	0.104
16.93	20.15	0.189	0.105
16.94	20.25	0.191	0.105
16.95	20.3	0.192	0.104
16.96	20.35	0.194	0.105
16.97	20.37	0.195	0.106
16.98	20.45	0.196	0.106
16.99	20.49	0.195	0.106
17	20.73	0.195	0.106
17.01	20.85	0.195	0.107
17.02	20.95	0.195	0.109
17.03	21.04	0.197	0.109
17.04	21.1	0.201	0.109
17.05	21.13	0.202	0.11
17.06	21.07	0.203	0.11
17.07	21.03	0.207	0.11
17.08	20.98	0.208	0.11
17.09	20.9	0.21	0.11
17.1	20.81	0.21	0.11
17.11	20.66	0.211	0.109
17.12	20.48	0.211	0.109
17.13	20.09	0.212	0.108
17.14	19.84	0.212	0.109
17.15	19.5	0.212	0.107
17.16	19.22	0.212	0.106
17.17	18.88	0.211	0.106
17.18	18.53	0.208	0.105
17.19	18.17	0.207	0.105
17.2	17.88	0.204	0.105
17.21	17.43	0.203	0.104
17.22	17.28	0.201	0.104
17.23	17.18	0.196	0.104
17.24	17.11	0.195	0.104
17.25	17.08	0.195	0.104
17.26	16.99	0.193	0.104
17.27	17	0.19	0.105
17.28	16.9	0.187	0.105
17.29	16.82	0.187	0.104
17.3	16.78	0.184	0.105
17.31	16.78	0.184	0.105
17.32	16.79	0.183	0.105
17.33	16.89	0.182	0.105
17.34	17.04	0.181	0.105
17.35	17.2	0.181	0.106
17.36	17.46	0.18	0.108
17.37	17.91	0.181	0.107
17.38	18.16	0.181	0.108
17.39	18.29	0.182	0.111
17.4	18.45	0.13	0.109
17.41	18.6	0.148	0.11
17.42	18.76	0.155	0.11
17.43	18.85	0.163	0.11
17.44	18.92	0.165	0.112
17.45	18.98	0.167	0.112
17.46	18.94	0.171	0.111
17.47	18.85	0.173	0.111
17.48	18.45	0.176	0.105
17.49	18.06	0.183	0.103
17.5	18.14	0.187	0.102
17.51	17.99	0.188	0.101
17.52	17.77	0.19	0.102
17.53	17.64	0.192	0.102
17.54	17.47	0.193	0.103
17.55	17.35	0.192	0.103
17.56	17.09	0.192	0.103
17.57	17	0.19	0.101
17.58	17.01	0.188	0.101
17.59	17.02	0.187	0.101
17.6	17.11	0.185	0.101
17.61	17.2	0.186	0.101
17.62	17.38	0.183	0.101
17.63	17.49	0.182	0.101
17.64	17.39	0.179	0.102
17.65	17.26	0.178	0.102
17.66	17	0.174	0.102
17.67	16.69	0.171	0.099
17.68	16.42	0.169	0.099
17.69	16.16	0.164	0.098
17.7	15.91	0.163	0.097
17.71	15.56	0.161	0.097
17.72	15.61	0.157	0.095
17.73	15.67	0.154	0.095
17.74	15.88	0.151	0.096
17.75	16.13	0.149	0.097
17.76	16.47	0.147	0.097
17.77	16.7	0.146	0.1
17.78	16.88	0.147	0.101
17.79	17.07	0.149	0.104
17.8	17.25	0.153	0.103
17.81	17.44	0.157	0.105
17.82	17.62	0.165	0.105
17.83	17.58	0.166	0.108
17.84	17.58	0.169	0.109
17.85	17.57	0.169	0.11
17.86	17.59	0.17	0.111
17.87	17.62	0.17	0.113
17.88	17.76	0.171	0.112
17.89	18.41	0.172	0.112
17.9	18.79	0.173	0.112
17.91	19.23	0.173	0.115
17.92	19.6	0.174	0.117
17.93	19.95	0.175	0.116
17.94	20.23	0.176	0.118
17.95	20.72	0.181	0.119
17.96	20.87	0.185	0.12
17.97	21.01	0.195	0.12
17.98	21.06	0.199	0.121
17.99	21.08	0.203	0.123
18	21.03	0.207	0.123
18.01	20.94	0.211	0.121
18.02	20.7	0.212	0.122
18.03	20.3	0.214	0.12
18.04	20.16	0.216	0.118
18.05	20.16	0.218	0.119
18.06	20.18	0.218	0.12
18.07	20.21	0.219	0.122
18.08	20.2	0.219	0.121
18.09	20.23	0.218	0.121
18.1	20.27	0.218	0.121
18.11	20.34	0.218	0.122
18.12	20.29	0.218	0.122
18.13	20.23	0.222	0.123
18.14	20.21	0.224	0.121
18.15	20.06	0.228	0.121
18.16	19.87	0.228	0.122
18.17	19.62	0.229	0.12
18.18	19.31	0.23	0.121
18.19	18.8	0.229	0.12
18.2	18.76	0.229	0.12
18.21	18.72	0.228	0.119
18.22	18.74	0.225	0.119
18.23	18.76	0.224	0.12
18.24	18.93	0.223	0.12
18.25	19.11	0.22	0.123
18.26	19.18	0.217	0.124
18.27	19.42	0.215	0.123
18.28	19.55	0.214	0.125
18.29	19.66	0.215	0.126
18.3	19.84	0.215	0.125
18.31	19.97	0.215	0.126
18.32	20.13	0.215	0.126
18.33	20.27	0.215	0.126
18.34	20.43	0.216	0.126
18.35	20.74	0.216	0.127
18.36	20.79	0.215	0.129
18.37	20.81	0.215	0.128
18.38	20.78	0.215	0.129
18.39	20.67	0.215	0.129
18.4	20.53	0.215	0.129
18.41	20.22	0.215	0.126
18.42	20.18	0.217	0.128
18.43	20.06	0.219	0.127
18.44	19.97	0.219	0.127
18.45	19.86	0.221	0.127
18.46	19.76	0.22	0.127
18.47	19.64	0.219	0.127
18.48	19.39	0.213	0.126
18.49	19.23	0.21	0.125
18.5	19.01	0.207	0.125
18.51	18.82	0.206	0.123
18.52	18.69	0.207	0.124
18.53	18.67	0.204	0.124
18.54	18.7	0.202	0.124
18.55	18.74	0.2	0.124
18.56	18.84	0.195	0.124
18.57	18.87	0.195	0.125
18.58	18.9	0.195	0.124
18.59	18.88	0.195	0.126
18.6	18.76	0.188	0.124
18.61	18.43	0.181	0.123
18.62	18.26	0.181	0.123
18.63	18.02	0.182	0.123
18.64	17.68	0.184	0.124
18.65	17.26	0.185	0.124
18.66	16.83	0.187	0.124
18.67	16.17	0.188	0.117
18.68	15.5	0.188	0.115
18.69	14.83	0.188	0.113
18.7	14.45	0.187	0.112
18.71	14.2	0.186	0.111
18.72	14.05	0.183	0.111
18.73	14.05	0.179	0.111
18.74	14.1	0.176	0.111
18.75	14.16	0.172	0.112
18.76	14.37	0.168	0.113
18.77	15.01	0.166	0.114
18.78	15.36	0.163	0.115
18.79	15.74	0.162	0.119
18.8	16.15	0.162	0.118
18.81	16.48	0.162	0.12
18.82	16.74	0.162	0.121
18.83	17	0.164	0.123
18.84	17.43	0.165	0.126
18.85	17.64	0.169	0.124
18.86	17.81	0.173	0.126
18.87	17.95	0.176	0.127
18.88	18.19	0.179	0.129
18.89	18.39	0.181	0.129
18.9	18.59	0.183	0.129
18.91	18.77	0.183	0.13
18.92	18.93	0.187	0.131
18.93	18.94	0.191	0.13
18.94	18.88	0.192	0.13
18.95	18.9	0.193	0.129
18.96	18.88	0.194	0.129
18.97	18.89	0.196	0.129
18.98	18.9	0.2	0.129
18.99	19.13	0.201	0.13
19	19.47	0.203	0.131
19.01	19.85	0.203	0.133
19.02	20.21	0.205	0.134
19.03	20.6	0.206	0.134
19.04	21	0.207	0.136
19.05	21.69	0.209	0.137
19.06	22.13	0.21	0.139
19.07	22.46	0.216	0.14
19.08	22.85	0.222	0.142
19.09	23.19	0.23	0.143
19.1	23.45	0.236	0.144
19.11	23.63	0.244	0.144
19.12	23.84	0.259	0.144
19.13	23.82	0.265	0.141
19.14	23.7	0.269	0.143
19.15	23.39	0.271	0.138
19.16	22.94	0.273	0.14
19.17	22.51	0.276	0.136
19.18	21.31	0.28	0.137
19.19	20.77	0.28	0.134
19.2	20.46	0.278	0.133
19.21	20.22	0.275	0.131
19.22	20.06	0.271	0.131
19.23	19.92	0.266	0.131
19.24	19.89	0.261	0.131
19.25	19.9	0.255	0.132
19.26	19.91	0.248	0.132
19.27	20	0.244	0.132
19.28	20.45	0.236	0.133
19.29	20.81	0.237	0.135
19.3	21.14	0.237	0.135
19.31	21.55	0.237	0.136
19.32	22	0.238	0.138
19.33	22.47	0.24	0.14
19.34	23.49	0.241	0.142
19.35	23.96	0.244	0.144
19.36	24.37	0.249	0.147
19.37	24.72	0.251	0.148
19.38	25.01	0.255	0.149
19.39	25.34	0.26	0.15
19.4	25.59	0.27	0.151
19.41	26.07	0.276	0.151
19.42	26.14	0.28	0.152
19.43	26.2	0.282	0.151
19.44	26.09	0.284	0.151
19.45	25.87	0.284	0.152
19.46	25.74	0.29	0.15
19.47	25.59	0.291	0.147
19.48	25.46	0.287	0.147
19.49	25.27	0.283	0.147
19.5	25.18	0.268	0.147
19.51	25.14	0.269	0.147
19.52	24.94	0.268	0.146
19.53	24.75	0.268	0.147
19.54	24.59	0.269	0.144
19.55	24.41	0.27	0.145
19.56	24.16	0.27	0.135
19.57	24.2	0.27	0.131
19.58	24.24	0.271	0.131
19.59	24.4	0.273	0.132
19.6	24.71	0.273	0.133
19.61	24.97	0.273	0.133
19.62	25.1	0.273	0.137
19.63	25.27	0.273	0.138
19.64	25.39	0.277	0.141
19.65	25.56	0.287	0.141
19.66	25.62	0.289	0.143
19.67	25.61	0.291	0.145
19.68	25.57	0.293	0.142
19.69	25.47	0.294	0.143
19.7	25.28	0.296	0.142
19.71	25.01	0.297	0.142
19.72	24.86	0.296	0.143
19.73	24.61	0.296	0.142
19.74	24.4	0.296	0.141
19.75	24.08	0.295	0.14
19.76	23.93	0.294	0.137
19.77	23.62	0.294	0.137
19.78	23.2	0.289	0.137
19.79	23.02	0.285	0.137
19.8	22.85	0.281	0.136
19.81	22.7	0.277	0.138
19.82	22.68	0.276	0.136
19.83	22.67	0.273	0.136
19.84	22.7	0.271	0.136
19.85	22.73	0.269	0.136
19.86	22.69	0.267	0.137
19.87	22.72	0.267	0.139
19.88	22.61	0.267	0.137
19.89	22.61	0.265	0.138
19.9	22.48	0.263	0.139
19.91	22.43	0.262	0.139
19.92	22.38	0.261	0.14
19.93	22.36	0.262	0.141
19.94	22.36	0.262	0.141
19.95	22.3	0.262	0.141
19.96	22.26	0.262	0.142
19.97	22.26	0.262	0.141
19.98	22.27	0.262	0.141
19.99	22.32	0.261	0.142
20	22.37	0.261	0.144
20.01	22.37	0.261	0.144
20.02	22.38	0.261	0.144
20.03	22.32	0.261	0.144
20.04	22.24	0.261	0.144
20.05	22.24	0.261	0.143
20.06	22.21	0.261	0.144
20.07	22.13	0.261	0.143
20.08	22.1	0.26	0.143
20.09	22.06	0.26	0.143
20.1	22.09	0.258	0.143
20.11	22.03	0.255	0.143
20.12	21.96	0.251	0.142
20.13	21.94	0.249	0.143
20.14	21.95	0.247	0.143
20.15	21.96	0.243	0.143
20.16	21.99	0.241	0.143
20.17	21.91	0.233	0.143
20.18	21.84	0.228	0.141
20.19	21.68	0.223	0.142
20.2	21.45	0.219	0.14
20.21	21.11	0.214	0.139
20.22	20.74	0.209	0.136
20.23	19.84	0.206	0.136
20.24	19.29	0.203	0.134
20.25	18.69	0.2	0.127
20.26	17.79	0.198	0.126
20.27	16.75	0.195	0.121
20.28	15.56	0.195	0.119
20.29	14.38	0.195	0.115
20.3	12.99	0.193	0.112
20.31	10.09	0.191	0.108
20.32	8.66	0.189	0.104
20.33	7.38	0.187	0.1
20.34	6.23	0.184	0.091
20.35	5.29	0.181	0.088
20.36	4.55	0.175	0.087
20.37	4.01	0.157	0.087
20.38	3.61	0.143	0.087
20.39	3.39	0.131	0.088
20.4	3.17	0.121	0.093
20.41	2.98	0.086	0.102
20.42	2.76	0.082	0.099
20.43	2.63	0.08	0.098
20.44	2.59	0.077	0.101
20.45	2.59	0.06	0.104
20.46	2.48	0.05	0.292
20.47	2.35	0.041	0.268
20.48	2.25	0.032	0.531
20.49	2.16	0.025	0.534
20.5	2.08	0.019	0.55
20.51	1.96	0.018	0.545
20.52	1.87	0.019	0.562
20.53	1.84	0.021	0.578
20.54	1.85	0.02	0.578
20.55	1.81	0.02	0.578
20.56	1.79	0.019	0.578
20.57	1.76	0.018	0.521
20.58	1.72	0.017	0.52
20.59	1.67	0.016	0.496
20.6	1.65	0.017	0.493
20.61	1.62	0.015	0.498
20.62	1.65	0.015	0.503
20.63	1.61	0.015	0.499
20.64	1.57	0.016	0.514
20.65	1.56	0.016	0.516
20.66	1.62	0.016	0.518
20.67	1.68	0.016	0.537
20.68	1.96	0.016	0.563
20.69	2.38	0.015	0.472
20.7	2.88	0.015	0.414
20.71	3.22	0.015	0.34
20.72	3.3	0.015	0.296
20.73	3.16	0.014	0.316
20.74	2.9	0.013	0.336
20.75	2.65	0.012	0.355
20.76	2.44	0.012	0.364
20.77	2.21	0.012	0.383
20.78	1.98	0.012	0.394
20.79	1.77	0.012	0.405
20.8	1.63	0.012	0.417
20.81	1.39	0.012	0.439
20.82	1.39	0.025	0.458
20.83	1.41	0.024	0.484
20.84	1.42	0.023	0.529
20.85	1.52	0.021	0.548
20.86	1.59	0.021	0.53
20.87	1.73	0.021	0.563
20.88	2.55	0.022	0.6
20.89	4.13	0.025	0.623
20.9	6.21	0.03	0.566
20.91	8.45	0.033	0.295
20.92	10.5	0.042	0.195
20.93	11.73	0.054	0.157
20.94	12.04	0.065	0.115
20.95	11.71	0.075	0.117
20.96	10.91	0.086	0.119
20.97	9.67	0.097	0.119
20.98	8.73	0.105	0.119
20.99	7.57	0.115	0.123
21	6.34	0.131	0.112
21.01	5.24	0.132	0.107
21.02	4.25	0.13	0.106
21.03	3.58	0.128	0.104
21.04	3.05	0.122	0.108
21.05	2.76	0.116	0.116
21.06	2.52	0.107	0.125
21.07	2.15	0.097	0.173
21.08	1.75	0.087	0.168
21.09	1.57	0.079	0.201
21.1	1.48	0.069	0.33
21.11	1.45	0.058	0.433
21.12	1.42	0.048	0.553
21.13	1.37	0.04	0.567
21.14	1.3	0.028	0.605
21.15	1.28	0.018	0.636
21.16	1.26	0.013	0.664
21.17	1.26	0.012	0.689
21.18	1.24	0.012	0.716
21.19	1.19	0.012	0.743
21.2	1.2	0.012	0.766
21.21	1.17	0.012	0.79
21.22	1.13	0.012	0.803
21.23	1.13	0.011	0.807
21.24	1.12	0.011	0.809
21.25	1.12	0.011	0.811
21.26	1.12	0.011	0.811
21.27	1.12	0.011	0.814
21.28	1.13	0.01	0.818
21.29	1.14	0.01	0.82
21.3	1.28	0.01	0.82
21.31	1.51	0.01	0.822
21.32	1.71	0.011	0.824
21.33	1.86	0.012	0.812
21.34	1.86	0.012	0.757
21.35	1.79	0.012	0.657
21.36	1.63	0.011	0.656
21.37	1.46	0.009	0.674
21.38	1.37	0.008	0.693
21.39	1.34	0.008	0.725
21.4	1.3	0.008	0.748
21.41	1.26	0.008	0.764
21.42	1.24	0.009	0.805
21.43	1.22	0.009	0.805
21.44	1.22	0.009	0.828
21.45	1.2	0.009	0.862
21.46	1.18	0.01	0.877
21.47	1.17	0.01	0.89
21.48	1.17	0.01	0.903
21.49	1.16	0.01	0.915
21.5	1.18	0.01	0.926
21.51	1.19	0.01	0.939
21.52	1.2	0.01	0.936
21.53	1.18	0.01	0.95
21.54	1.18	0.01	0.964
21.55	1.17	0.01	0.971
21.56	1.17	0.01	0.976
21.57	1.19	0.01	0.972
21.58	1.19	0.01	0.97
21.59	1.19	0.01	0.969
21.6	1.2	0.01	0.97
21.61	1.21	0.01	0.957
21.62	1.19	0.01	0.907
21.63	1.17	0.01	0.909
21.64	1.17	0.01	0.911
21.65	1.17	0.01	0.923
21.66	1.19	0.01	0.916
21.67	1.17	0.009	0.919
21.68	1.15	0.009	0.929
21.69	1.15	0.009	0.916
21.7	1.13	0.009	0.908
21.71	1.12	0.009	0.913
21.72	1.1	0.009	0.917
21.73	1.1	0.009	0.935
21.74	1.1	0.009	0.934
21.75	1.1	0.009	0.929
21.76	1.1	0.01	0.927
21.77	1.11	0.01	0.928
21.78	1.11	0.007	0.929
21.79	1.11	0.004	0.93
21.8	1.11	0.005	0.93
21.81	1.14	0.006	0.94
21.82	1.19	0.011	0.959
21.83	1.42	0.015	0.966
21.84	1.65	0.016	0.974
21.85	1.87	0.018	0.873
21.86	1.87	0.02	0.54
21.87	1.76	0.023	0.505
21.88	1.65	0.023	0.504
21.89	1.54	0.023	0.549
21.9	1.42	0.023	0.594
21.91	1.33	0.022	0.597
21.92	1.25	0.022	0.607
21.93	1.19	0.021	0.616
21.94	1.12	0.021	0.699
21.95	1.08	0.02	0.732
21.96	1.12	0.018	0.747
21.97	1.16	0.015	0.754
21.98	1.18	0.013	0.747
21.99	1.22	0.012	0.729
22	1.33	0.01	0.712
22.01	1.42	0.009	0.734
22.02	1.59	0.01	0.756
22.03	2.44	0.01	0.755
22.04	3.48	0.011	0.521
22.05	4.54	0.012	0.408
22.06	5.68	0.015	0.356
22.07	6.22	0.018	0.306
22.08	6.38	0.019	0.303
22.09	6.39	0.017	0.314
22.1	6.28	0.018	0.324
22.11	6.07	0.018	0.338
22.12	5.8	0.018	0.348
22.13	5.38	0.019	0.343
22.14	4.97	0.019	0.341
22.15	3.87	0.022	0.342
22.16	3.87	0.025	0.344
22.17	3.33	0.027	0.356
22.18	2.95	0.03	0.381
22.19	2.4	0.033	0.4
22.2	2.4	0.032	0.431
22.21	2.37	0.032	0.488
22.22	2.36	0.031	0.542
22.23	2.37	0.032	0.567
22.24	2.38	0.033	0.623
22.25	5.01	0.036	0.76
22.26	8.64	0.039	0.91
22.27	12.53	0.045	0.889
22.28	15.73	0.063	0.237
22.29	18	0.076	0.18
22.3	19.85	0.086	0.171
22.31	21.59	0.099	0.162
22.32	23.16	0.11	0.166
22.33	25.74	0.124	0.17
22.34	26.6	0.139	0.168
22.35	27.23	0.155	0.166
22.36	27.65	0.189	0.177
22.37	27.87	0.203	0.164
22.38	27.99	0.215	0.151
22.39	27.97	0.227	0.15
22.4	27.98	0.241	0.149
22.41	27.83	0.252	0.151
22.42	27.61	0.261	0.152
22.43	27.55	0.267	0.162
22.44	27.58	0.281	0.177
22.45	27.6	0.287	0.184
22.46	27.63	0.293	0.189
22.47	27.95	0.299	0.199
22.48	28.37	0.299	0.197
22.49	28.91	0.298	0.192
22.5	29.76	0.296	0.186
22.51	30.19	0.294	0.185
22.52	30.6	0.294	0.184
22.53	31.08	0.288	0.154
22.54	31.55	0.283	0.113
22.55	32.04	0.284	0.099
22.56	32.39	0.285	0.08
22.57	32.63	0.287	0.078
22.58	32.76	0.291	0.076
22.59	32.67	0.294	0.066
22.6	32.29	0.298	0.079
22.61	31.91	0.301	0.091
22.62	32.05	0.307	0.079
22.63	31.86	0.309	0.079
22.64	31.92	0.315	0.079
22.65	31.92	0.319	0.078
22.66	31.91	0.323	0.081
22.67	31.94	0.323	0.083
22.68	31.97	0.325	0.089
22.69	32.06	0.327	0.097
22.7	32.16	0.329	0.1
22.71	32.53	0.336	0.107
22.72	32.6	0.342	0.108
22.73	32.5	0.345	0.113
22.74	32.36	0.347	0.116
22.75	32.27	0.354	0.12
22.76	31.97	0.356	0.119
22.77	31.83	0.354	0.122
22.78	31.48	0.356	0.134
22.79	31.3	0.355	0.131
22.8	31.17	0.357	0.135
22.81	30.98	0.357	0.136
22.82	31.04	0.358	0.145
22.83	31.1	0.356	0.155
22.84	31.37	0.354	0.154
22.85	31.51	0.349	0.155
22.86	32.12	0.343	0.156
22.87	32.45	0.34	0.163
22.88	32.97	0.336	0.163
22.89	33.95	0.337	0.149
22.9	34.47	0.337	0.139
22.91	35.02	0.337	0.133
22.92	35.65	0.338	0.134
22.93	36.14	0.339	0.133
22.94	36.35	0.341	0.117
22.95	36.29	0.34	0.113
22.96	36.13	0.346	0.107
22.97	35.68	0.346	0.1
22.98	35.44	0.351	0.094
22.99	35.23	0.354	0.092
23	34.64	0.36	0.087
23.01	34.4	0.36	0.086
23.02	34.03	0.361	0.081
23.03	33.73	0.359	0.081
23.04	33.09	0.358	0.081
23.05	32.76	0.356	0.087
23.06	32.46	0.354	0.09
23.07	32.15	0.356	0.095
23.08	31.69	0.353	0.097
23.09	31.55	0.347	0.098
23.1	31.37	0.345	0.099
23.11	31.47	0.348	0.099
23.12	31.57	0.349	0.106
23.13	31.89	0.348	0.11
23.14	32.16	0.346	0.114
23.15	32.94	0.347	0.117
23.16	33.18	0.348	0.125
23.17	33.28	0.348	0.129
23.18	33.35	0.348	0.131
23.19	33.45	0.357	0.14
23.2	33.47	0.36	0.145
23.21	33.61	0.361	0.141
23.22	33.89	0.369	0.143
23.23	33.86	0.375	0.144
23.24	34.03	0.382	0.144
23.25	34.04	0.383	0.148
23.26	34.04	0.384	0.154
23.27	34.04	0.384	0.155
23.28	34.24	0.385	0.152
23.29	34.17	0.386	0.151
23.3	34.16	0.387	0.153
23.31	34.26	0.387	0.155
23.32	34.36	0.391	0.154
23.33	34.47	0.393	0.155
23.34	34.55	0.395	0.149
23.35	34.6	0.397	0.149
23.36	34.73	0.399	0.157
23.37	34.78	0.401	0.164
23.38	35	0.404	0.167
23.39	35.17	0.41	0.171
23.4	35.12	0.412	0.172
23.41	35.13	0.42	0.182
23.42	35.1	0.419	0.184
23.43	34.99	0.421	0.189
23.44	35	0.424	0.194
23.45	34.89	0.425	0.192
23.46	34.82	0.427	0.192
23.47	34.67	0.417	0.197
23.48	34.57	0.407	0.209
23.49	34.52	0.393	0.208
23.5	34.4	0.382	0.207
23.51	34.26	0.381	0.206
23.52	34.24	0.38	0.207
23.53	34.08	0.38	0.208
23.54	34.14	0.379	0.209
23.55	33.78	0.378	0.189
23.56	33.93	0.373	0.181
23.57	34.08	0.374	0.173
23.58	34.18	0.373	0.175
23.59	34.07	0.373	0.176
23.6	33.96	0.37	0.177
23.61	34.04	0.368	0.18
23.62	33.83	0.363	0.186
23.63	33.79	0.359	0.183
23.64	33.7	0.359	0.182
23.65	33.59	0.361	0.184
23.66	33.33	0.363	0.186
23.67	33.31	0.364	0.186
23.68	33.17	0.362	0.19
23.69	33.08	0.361	0.188
23.7	32.96	0.361	0.189
23.71	33.04	0.361	0.189
23.72	33.12	0.362	0.193
23.73	32.96	0.36	0.2
23.74	32.88	0.36	0.203
23.75	32.88	0.359	0.202
23.76	32.75	0.36	0.202
23.77	32.69	0.359	0.202
23.78	32.5	0.36	0.203
23.79	32.31	0.36	0.21
23.8	32.18	0.361	0.209
23.81	31.85	0.36	0.211
23.82	31.56	0.359	0.213
23.83	30.93	0.36	0.211
23.84	30.42	0.359	0.205
23.85	29.5	0.355	0.212
23.86	29.08	0.35	0.204
23.87	28.65	0.349	0.201
23.88	28.1	0.346	0.199
23.89	28.1	0.342	0.194
23.9	28.17	0.331	0.198
23.91	28.23	0.325	0.203
23.92	28.38	0.323	0.203
23.93	28.47	0.317	0.203
23.94	28.57	0.315	0.206
23.95	28.63	0.313	0.205
23.96	28.78	0.314	0.207
23.97	29.06	0.315	0.209
23.98	29.26	0.317	0.211
23.99	29.46	0.316	0.212
24	29.6	0.319	0.212
24.01	29.79	0.321	0.213
24.02	30.05	0.323	0.223
24.03	30.29	0.327	0.218
24.04	30.34	0.329	0.221
24.05	30.8	0.332	0.216
24.06	30.78	0.332	0.215
24.07	31	0.334	0.218
24.08	31.09	0.334	0.22
24.09	31.2	0.334	0.216
24.1	31.34	0.336	0.215
24.11	31.36	0.338	0.219
24.12	31.41	0.342	0.21
24.13	31.39	0.341	0.212
24.14	31.51	0.349	0.214
24.15	31.44	0.349	0.219
24.16	31.51	0.35	0.215
24.17	31.44	0.35	0.214
24.18	31.32	0.351	0.212
24.19	31.05	0.351	0.205
24.2	30.93	0.351	0.204
24.21	30.56	0.35	0.204
24.22	30.47	0.35	0.203
24.23	30.51	0.349	0.204
24.24	30.53	0.347	0.205
24.25	30.54	0.344	0.204
24.26	30.73	0.34	0.205
24.27	30.86	0.34	0.206
24.28	30.86	0.34	0.212
24.29	30.82	0.339	0.208
24.3	30.89	0.336	0.207
24.31	30.8	0.334	0.206
24.32	30.83	0.333	0.206
24.33	30.8	0.33	0.206
24.34	30.78	0.328	0.207
24.35	30.71	0.329	0.211
24.36	30.71	0.33	0.209
24.37	30.7	0.329	0.214
24.38	30.71	0.327	0.211
24.39	30.72	0.326	0.213
24.4	30.84	0.326	0.211
24.41	30.92	0.325	0.209
24.42	30.99	0.324	0.212
24.43	31.02	0.316	0.214
24.44	31.19	0.308	0.216
24.45	31.33	0.296	0.214
24.46	31.31	0.294	0.212
24.47	31.18	0.292	0.214
24.48	30.93	0.292	0.214
24.49	30.48	0.293	0.214
24.5	30.14	0.294	0.215
24.51	29.92	0.297	0.191
24.52	29.96	0.31	0.182
24.53	30.01	0.311	0.181
24.54	30.51	0.312	0.179
24.55	30.71	0.312	0.178
24.56	30.99	0.311	0.179
24.57	31.02	0.309	0.181
24.58	30.73	0.304	0.186
24.59	30.42	0.305	0.185
24.6	30.01	0.305	0.145
24.61	29.68	0.304	0.108
24.62	29.1	0.304	0.074
24.63	28.84	0.304	0.073
24.64	28.7	0.304	0.075
24.65	28.52	0.303	0.077
24.66	28.15	0.301	0.076
24.67	28.12	0.297	0.083
24.68	28.03	0.293	0.088
24.69	27.88	0.292	0.091
24.7	27.54	0.29	0.093
24.71	27.47	0.289	0.098
24.72	27.43	0.286	0.102
24.73	27.42	0.283	0.105
24.74	27.31	0.282	0.109
24.75	27.16	0.281	0.111
24.76	27.08	0.282	0.112
24.77	27.02	0.282	0.115
24.78	26.89	0.281	0.116
24.79	26.85	0.281	0.119
24.8	26.87	0.281	0.122
24.81	26.61	0.278	0.126
24.82	26.38	0.277	0.127
24.83	25.76	0.277	0.132
24.84	25.54	0.277	0.132
24.85	25.31	0.277	0.133
24.86	25.01	0.277	0.135
24.87	24.82	0.276	0.137
24.88	24.44	0.275	0.138
24.89	24.2	0.272	0.14
24.9	23.93	0.27	0.14
24.91	23.71	0.263	0.143
24.92	23.47	0.262	0.145
24.93	23.07	0.26	0.146
24.94	22.94	0.259	0.15
24.95	22.77	0.256	0.149
24.96	22.71	0.251	0.151
24.97	22.63	0.245	0.151
24.98	22.38	0.244	0.153
24.99	22.36	0.242	0.157
25	22.29	0.24	0.157
25.01	22.28	0.239	0.158
25.02	22.22	0.236	0.157
25.03	22.11	0.232	0.158
25.04	21.8	0.23	0.158
25.05	21.49	0.229	0.158
25.06	21.14	0.227	0.157
25.07	20.79	0.227	0.156
25.08	20.42	0.226	0.156
25.09	19.7	0.22	0.153
25.1	19.37	0.218	0.153
25.11	18.98	0.214	0.151
25.12	18.63	0.208	0.151
25.13	18.36	0.204	0.148
25.14	18.08	0.201	0.147
25.15	17.57	0.2	0.147
25.16	17.27	0.193	0.144
25.17	16.89	0.188	0.145
25.18	16.5	0.184	0.143
25.19	16.14	0.181	0.14
25.2	15.64	0.176	0.14
25.21	15.12	0.174	0.136
25.22	14.48	0.172	0.135
25.23	13.15	0.17	0.131
25.24	12.55	0.168	0.127
25.25	11.99	0.166	0.126
25.26	11.59	0.162	0.126
25.27	11.38	0.157	0.126
25.28	11.44	0.153	0.127
25.29	11.5	0.149	0.128
25.3	12.48	0.144	0.128
25.31	13.11	0.134	0.13
25.32	13.67	0.118	0.09
25.33	14.07	0.107	0.044
25.34	14.24	0.096	0.02
25.35	14.23	0.096	-0.008
25.36	14.35	0.091	-0.009
25.37	14.35	0.089	-0.015
25.38	14.35	0.089	-0.019
25.39	14.16	0.088	-0.02
25.4	13.95	0.087	-0.019
25.41	13.6	0.086	-0.018
25.42	13.14	0.087	-0.015
25.43	12.49	0.089	0.01
25.44	12.31	0.091	0.013
25.45	12.12	0.09	0.014
25.46	11.98	0.09	0.016
25.47	11.77	0.087	0.018
25.48	11.59	0.083	0.022
25.49	11.48	0.079	0.023
25.5	11.3	0.077	0.022
25.51	11.11	0.076	0.021
25.52	10.87	0.075	0.02
25.53	10.58	0.073	0.02
25.54	10.21	0.064	0.019
25.55	9.83	0.06	0.018
25.56	9.2	0.061	0.017
25.57	9.08	0.063	0.015
25.58	9.07	0.066	0.011
25.59	9.26	0.068	0.022
25.6	9.51	0.069	0.033
25.61	9.75	0.067	0.023
25.62	9.92	0.065	0.016
25.63	10.16	0.063	0.014
25.64	10.54	0.061	0.014
25.65	11.17	0.059	0.014
25.66	11.87	0.058	0.014
25.67	12.46	0.056	0.01
25.68	12.29	0.051	0.006
25.69	11.93	0.046	-0.002
25.7	11.42	0.048	-0.008
25.71	10.91	0.051	-0.015
25.72	10.41	0.055	-0.018
25.73	9.86	0.058	-0.019
25.74	9.33	0.06	-0.019
25.75	8.65	0.064	-0.018
25.76	7.95	0.066	-0.014
25.77	7.47	0.07	-0.012
25.78	7.11	0.083	-0.01
25.79	6.82	0.084	-0.009
25.8	6.66	0.081	-0.007
25.81	6.65	0.077	-0.005
25.82	6.8	0.073	-0.003
25.83	6.94	0.067	0
25.84	7.15	0.061	0.002
25.85	7.36	0.056	0.002
25.86	7.63	0.051	0
25.87	7.86	0.047	0
25.88	8.02	0.042	-0.003
25.89	8.09	0.041	-0.004
25.9	8.07	0.042	-0.004
25.91	8.1	0.043	-0.004
25.92	8.13	0.043	-0.003
25.93	8.24	0.047	-0.003
25.94	8.46	0.048	-0.002
25.95	8.7	0.051	-0.002
25.96	8.7	0.053	-0.003
25.97	8.66	0.052	-0.003
25.98	8.5	0.053	-0.004
25.99	8.35	0.055	-0.004
26	8.35	0.056	-0.004
26.01	8.46	0.056	-0.003
26.02	8.58	0.056	-0.003
26.03	8.9	0.053	-0.003
26.04	9.16	0.054	-0.003
26.05	9.51	0.05	-0.003
26.06	9.61	0.05	-0.006
26.07	9.66	0.048	-0.007
26.08	9.62	0.046	-0.008
26.09	9.4	0.041	-0.01
26.1	8.85	0.041	-0.013
26.11	8.51	0.041	-0.013
26.12	8.15	0.042	-0.013
26.13	8.15	0.042	-0.014
26.14	7.57	0.045	-0.014
26.15	7.29	0.047	-0.013
26.16	7.06	0.05	-0.012
26.17	6.96	0.052	-0.01
26.18	6.96	0.057	-0.007
26.19	6.98	0.057	-0.005
26.2	7	0.056	-0.002
26.21	7.18	0.055	-0.001
26.22	7.41	0.053	0.001
26.23	7.51	0.048	0.001
26.24	7.56	0.045	0.001
26.25	7.58	0.039	0.001
26.26	7.5	0.034	0
26.27	7.31	0.031	-0.001
26.28	7.09	0.033	-0.002
26.29	6.63	0.034	-0.002
26.3	6.37	0.033	-0.002
26.31	6.37	0.033	-0.002
26.32	6.19	0.034	-0.002
26.33	6.18	0.035	0
26.34	6.23	0.038	0.001
26.35	6.28	0.041	0.002
26.36	6.37	0.043	0.004
26.37	6.36	0.044	0.006
26.38	6.3	0.045	0.007
26.39	6.25	0.044	0.006
26.4	6.12	0.044	0.005
26.41	5.99	0.042	0.005
26.42	5.9	0.038	0.005
26.43	5.71	0.038	0.004
26.44	5.57	0.037	0.004
26.45	5.55	0.037	0.004
26.46	5.46	0.036	0.004
26.47	5.35	0.036	0.004
26.48	5.31	0.035	0.005
26.49	5.31	0.036	0.006
26.5	5.25	0.037	0.007
26.51	5.33	0.037	0.007
26.52	5.4	0.037	0.042
26.53	5.29	0.035	0.04
26.54	4.96	0.033	0.04
26.55	4.64	0.03	0.041
26.56	4.47	0.027	0.043
26.57	4.29	0.026	0.044
26.58	4.11	0.031	0.047
26.59	4.13	0.035	0.05
26.6	4.11	0.036	0.052
26.61	4.12	0.036	0.054
26.62	4.14	0.036	0.06
26.63	4.13	0.036	0.06
26.64	4.16	0.037	0.06
26.65	4.19	0.04	0.061
26.66	4.18	0.041	0.061
26.67	4.25	0.045	0.062
26.68	4.3	0.045	0.062
26.69	4.21	0.045	0.062
26.7	4.05	0.045	0.062
26.71	3.85	0.043	0.059
26.72	3.61	0.04	0.058
26.73	3.4	0.039	0.059
26.74	3.21	0.042	0.059
26.75	3	0.041	0.063
26.76	2.96	0.041	0.069
26.77	3.1	0.04	0.083
26.78	3.24	0.039	0.102
26.79	4.14	0.04	0.112
26.8	5.36	0.042	0.113
26.81	6.63	0.044	0.103
26.82	7.51	0.05	0.103
26.83	7.84	0.058	0.089
26.84	7.89	0.067	0.083
26.85	7.76	0.071	0.082
26.86	7.49	0.07	0.085
26.87	7.65	0.07	0.088
26.88	7.8	0.064	0.095
26.89	8.68	0.059	0.103
26.9	9.9	0.058	0.118
26.91	11.1	0.058	0.126
26.92	11.83	0.056	0.11
26.93	12.25	0.053	0.083
26.94	12.18	0.053	0.054
26.95	11.51	0.054	0.041
26.96	10.87	0.055	0.04
26.97	10.18	0.053	0.042
26.98	9.12	0.05	0.043
26.99	8.05	0.048	0.048
27	7.03	0.049	0.042
27.01	6.03	0.049	0.042
27.02	5.39	0.049	0.044
27.03	4.81	0.049	0.045
27.04	4.16	0.044	0.049
27.05	3.49	0.042	0.056
27.06	2.84	0.041	0.063
27.07	2.71	0.039	0.071
27.08	2.62	0.038	0.078
27.09	2.6	0.038	0.084
27.1	2.59	0.038	0.093
27.11	2.55	0.037	0.102
27.12	2.51	0.034	0.114
27.13	2.44	0.032	0.138
27.14	2.4	0.032	0.147
27.15	2.39	0.031	0.159
27.16	2.4	0.028	0.168
27.17	2.42	0.027	0.175
27.18	2.43	0.025	0.181
27.19	2.44	0.024	0.183
27.2	2.37	0.023	0.183
27.21	2.26	0.023	0.185
27.22	2.14	0.022	0.19
27.23	2.03	0.022	0.196
27.24	1.98	0.022	0.201
27.25	1.94	0.022	0.211
27.26	1.94	0.022	0.221
27.27	1.95	0.021	0.233
27.28	1.96	0.02	0.241
27.29	1.96	0.02	0.247
27.3	1.96	0.02	0.251
27.31	1.91	0.02	0.254
27.32	1.88	0.02	0.257
27.33	1.84	0.019	0.265
27.34	1.81	0.018	0.274
27.35	1.76	0.017	0.285
27.36	1.75	0.017	0.298
27.37	1.75	0.017	0.307
27.38	1.7	0.017	0.311
27.39	1.68	0.017	0.315
27.4	1.66	0.017	0.321
27.41	1.61	0.015	0.33
27.42	1.58	0.015	0.351
27.43	1.58	0.015	0.361
27.44	1.57	0.016	0.367
27.45	1.56	0.016	0.378
27.46	1.53	0.017	0.39
27.47	1.52	0.016	0.396
27.48	1.51	0.016	0.403
27.49	1.5	0.016	0.412
27.5	1.49	0.016	0.419
27.51	1.48	0.016	0.428
27.52	1.46	0.016	0.443
27.53	1.46	0.019	0.451
27.54	1.47	0.021	0.466
27.55	1.47	0.022	0.477
27.56	1.49	0.021	0.49
27.57	1.5	0.023	0.509
27.58	1.51	0.025	0.523
27.59	1.54	0.025	0.533
27.6	1.42	0.025	0.652
27.61	1.52	0.026	0.68
27.62	1.62	0.028	0.691
27.63	1.64	0.03	0.71
27.64	1.68	0.033	0.721
27.65	1.71	0.036	0.739
27.66	1.77	0.036	0.737
27.67	1.81	0.037	0.773
27.68	1.85	0.041	0.783
27.69	1.89	0.043	0.783
27.7	1.96	0.045	0.808
27.71	2.06	0.049	0.832
27.72	2.24	0.054	0.876
27.73	2.44	0.059	0.902
27.74	2.51	0.064	0.915
27.75	2.5	0.069	0.934
27.76	2.44	0.074	0.911
27.77	2.38	0.077	0.821
27.78	2.33	0.079	0.736
27.79	2.26	0.08	0.717
27.8	2.18	0.081	0.698
27.81	2.09	0.081	0.695
27.82	2.04	0.081	0.695
27.83	2.01	0.082	0.696
27.84	1.98	0.081	0.696
27.85	1.98	0.08	0.715
27.86	2	0.071	0.728
27.87	2.03	0.068	0.739
27.88	2.16	0.064	0.742
27.89	2.16	0.06	0.74
27.9	2.2	0.057	0.732
27.91	2.34	0.055	0.724
27.92	2.38	0.054	0.717
27.93	2.42	0.055	0.717
27.94	2.49	0.056	0.718
27.95	2.61	0.055	0.77
27.96	2.83	0.056	0.79
27.97	3.09	0.056	0.79
27.98	3.37	0.058	0.782
27.99	3.68	0.061	0.721
28	3.89	0.059	0.643
28.01	4	0.057	0.518
28.02	4.08	0.048	0.484
28.03	4.12	0.046	0.462
28.04	4.17	0.054	0.46
28.05	4.28	0.061	0.463
28.06	4.41	0.071	0.465
28.07	4.47	0.093	0.479
28.08	4.47	0.105	0.516
28.09	4.55	0.12	0.62
28.1	5.1	0	0.705
28.11	6.34	0	0.751
28.12	13	0	0.729
28.13	17	0	0.245
28.14	23.11	0	0.134
28.15	29.52	0	0.033
28.16	35.25	0	-0.034

