0	0.12	0	0
0.01	0.19	0	-0.001
0.02	0.26	0	0
0.03	0.39	0	0.001
0.04	0.48	0	0.001
0.05	0.37	0	0
0.06	0.03	0.006	0.001
0.07	-0.01	0.008	0
0.08	-0.01	0.009	0
0.09	-0.01	0.009	0
0.1	0	0.007	0
0.11	0.01	0.004	0
0.12	0.03	0.001	0.001
0.13	0.03	0.001	0
0.14	0.04	0	0
0.15	0.05	0	-0.001
0.16	0.07	0.001	0
0.17	0.08	0.001	0
0.18	0.12	0	0
0.19	0.12	0	0
0.2	0.15	0	0
0.21	0.17	0	0
0.22	0.19	0	0
0.23	0.16	0	0
0.24	0.13	0	0
0.25	0.13	0	0
0.26	0.13	0	-0.001
0.27	0.13	0	0
0.28	0.1	0	0
0.29	0.07	0	0
0.3	0.1	0	0
0.31	0.13	0	0
0.32	0.11	0	0
0.33	0.12	0	0
0.34	0.12	0	0
0.35	0.12	0	0
0.36	0.13	0	0
0.37	0.12	0	0
0.38	0.11	0	-0.001
0.39	0.09	0	0
0.4	0.1	0	0
0.41	0.1	0.001	0
0.42	0.11	0.001	0
0.43	0.11	0.001	0
0.44	0.12	0.001	0
0.45	0.14	0.001	0
0.46	0.14	0.001	0
0.47	0.15	0.001	0
0.48	0.15	0.001	0
0.49	0.16	0.002	0
0.5	0.17	0.002	0
0.51	0.19	0.002	0
0.52	0.21	0.003	0
0.53	0.22	0.005	0
0.54	0.24	0.005	0
0.55	0.25	0.004	0
0.56	0.27	0.004	0
0.57	0.32	0.004	0
0.58	0.37	0.004	0
0.59	0.41	0.004	0
0.6	0.42	0.004	0
0.61	0.42	0.004	0
0.62	0.43	0.004	0
0.63	0.46	0.004	0
0.64	0.48	0.004	0
0.65	0.47	0.004	0
0.66	0.48	0.003	-0.001
0.67	0.48	0.003	0
0.68	0.49	0.003	0
0.69	0.48	0.002	0
0.7	0.46	0.002	0
0.71	0.41	0.002	0
0.72	0.38	0.002	0
0.73	0.35	0.002	0
0.74	0.31	0.001	0
0.75	0.28	0.001	0
0.76	0.27	0.001	0
0.77	0.26	0.001	0
0.78	0.23	0.001	-0.001
0.79	0.22	0	0
0.8	0.2	0	0
0.81	0.19	0	0
0.82	0.19	0	0
0.83	0.15	0	0
0.84	0.15	0	0
0.85	0.15	0	0
0.86	0.14	0	0
0.87	0.14	0	0
0.88	0.13	0	0
0.89	0.14	0	0
0.9	0.14	0	0
0.91	0.14	0	0
0.92	0.14	0	0
0.93	0.14	0.001	0
0.94	0.14	0.001	0
0.95	0.14	0.001	0
0.96	0.15	0.001	0
0.97	0.19	0.001	0
0.98	0.21	0.001	0
0.99	0.22	0.001	0
1	0.25	0.001	0
1.01	0.25	0.001	0
1.02	0.25	0.001	0
1.03	0.25	0.001	0
1.04	0.26	0.002	0
1.05	0.26	0.002	0
1.06	0.27	0.002	0
1.07	0.3	0.002	0
1.08	0.32	0.002	0
1.09	0.34	0.003	0
1.1	0.37	0.004	0.001
1.11	0.43	0.005	0
1.12	0.48	0.006	0
1.13	0.54	0.008	0
1.14	0.64	0.013	0
1.15	0.8	0.016	0
1.16	1.03	0.017	0
1.17	1.28	0.017	0
1.18	1.58	0.017	0
1.19	1.98	0.018	0
1.2	2.59	0.021	0
1.21	4.82	0.028	0
1.22	6.36	0.032	0
1.23	7.86	0.036	0
1.24	9.2	0.047	-0.001
1.25	11.2	0.052	-0.001
1.26	12.08	0.057	-0.001
1.27	12.85	0.068	-0.001
1.28	14.18	0.062	-0.002
1.29	14.73	0.056	-0.002
1.3	15.2	0.061	-0.002
1.31	15.9	0.066	-0.002
1.32	16.18	0.071	-0.002
1.33	16.65	0.075	-0.003
1.34	16.89	0.084	-0.005
1.35	17.15	0.09	-0.006
1.36	16.78	0.095	-0.007
1.37	17.12	0.104	-0.006
1.38	17.45	0.108	-0.005
1.39	17.72	0.115	-0.005
1.4	18	0.118	-0.005
1.41	18.38	0.121	-0.004
1.42	18.53	0.126	-0.004
1.43	18.9	0.13	-0.004
1.44	19.1	0.136	-0.006
1.45	19.36	0.14	-0.006
1.46	20	0.143	-0.007
1.47	20.35	0.151	-0.007
1.48	20.66	0.152	-0.007
1.49	21.07	0.155	-0.007
1.5	21.27	0.16	-0.008
1.51	21.49	0.162	-0.009
1.52	21.56	0.163	-0.009
1.53	21.58	0.166	-0.01
1.54	21.55	0.167	-0.011
1.55	21.56	0.167	-0.012
1.56	21.56	0.167	-0.012
1.57	21.64	0.166	-0.015
1.58	21.74	0.166	-0.017
1.59	21.85	0.165	-0.019
1.6	21.87	0.165	-0.024
1.61	21.91	0.164	-0.029
1.62	22	0.164	-0.034
1.63	22.07	0.163	-0.041
1.64	22.1	0.162	-0.045
1.65	22.14	0.162	-0.048
1.66	22.21	0.161	-0.052
1.67	22.47	0.161	-0.054
1.68	22.62	0.16	-0.058
1.69	22.82	0.159	-0.059
1.7	23.21	0.159	-0.06
1.71	23.31	0.16	-0.062
1.72	23.4	0.161	-0.063
1.73	23.46	0.161	-0.063
1.74	23.52	0.165	-0.064
1.75	23.43	0.167	-0.065
1.76	23.35	0.171	-0.065
1.77	23.23	0.173	-0.065
1.78	22.99	0.175	-0.064
1.79	22.86	0.179	-0.064
1.8	22.67	0.181	-0.064
1.81	22.72	0.184	-0.063
1.82	22.78	0.186	-0.062
1.83	22.89	0.185	-0.061
1.84	22.97	0.185	-0.061
1.85	23.14	0.185	-0.061
1.86	23.24	0.185	-0.062
1.87	23.32	0.185	-0.062
1.88	23.46	0.184	-0.064
1.89	23.45	0.183	-0.066
1.9	23.63	0.183	-0.066
1.91	23.69	0.183	-0.066
1.92	23.72	0.183	-0.066
1.93	23.76	0.183	-0.066
1.94	23.84	0.183	-0.066
1.95	23.87	0.183	-0.067
1.96	23.84	0.183	-0.067
1.97	23.71	0.183	-0.067
1.98	23.63	0.183	-0.068
1.99	23.56	0.183	-0.068
2	23.37	0.183	-0.068
2.01	23.26	0.182	-0.067
2.02	22.91	0.182	-0.068
2.03	22.71	0.182	-0.069
2.04	22.59	0.182	-0.068
2.05	22.39	0.181	-0.069
2.06	22.3	0.181	-0.068
2.07	22.19	0.18	-0.068
2.08	22.11	0.177	-0.068
2.09	22.02	0.176	-0.068
2.1	21.86	0.175	-0.068
2.11	21.72	0.172	-0.069
2.12	21.52	0.171	-0.069
2.13	21.45	0.171	-0.069
2.14	21.47	0.171	-0.068
2.15	21.48	0.17	-0.069
2.16	21.56	0.169	-0.068
2.17	21.88	0.169	-0.068
2.18	21.98	0.167	-0.068
2.19	22.12	0.165	-0.067
2.2	22.38	0.164	-0.067
2.21	22.49	0.164	-0.068
2.22	22.59	0.164	-0.068
2.23	22.69	0.164	-0.068
2.24	22.8	0.166	-0.068
2.25	22.9	0.167	-0.068
2.26	22.94	0.173	-0.068
2.27	22.96	0.175	-0.068
2.28	23	0.179	-0.067
2.29	22.97	0.181	-0.067
2.3	22.98	0.184	-0.067
2.31	22.92	0.186	-0.067
2.32	22.9	0.186	-0.067
2.33	22.81	0.188	-0.065
2.34	22.75	0.19	-0.065
2.35	22.69	0.191	-0.065
2.36	22.66	0.191	-0.063
2.37	22.63	0.193	-0.065
2.38	22.52	0.189	-0.065
2.39	22.44	0.185	-0.064
2.4	22.3	0.158	-0.064
2.41	22.22	0.157	-0.064
2.42	22.12	0.159	-0.064
2.43	21.93	0.161	-0.064
2.44	21.83	0.163	-0.063
2.45	21.76	0.166	-0.063
2.46	21.26	0.168	-0.062
2.47	21.04	0.169	-0.061
2.48	20.95	0.169	-0.06
2.49	20.86	0.169	-0.059
2.5	20.83	0.169	-0.058
2.51	20.77	0.168	-0.057
2.52	20.76	0.168	-0.056
2.53	20.77	0.169	-0.056
2.54	20.78	0.17	-0.055
2.55	20.8	0.171	-0.055
2.56	20.82	0.17	-0.054
2.57	20.86	0.17	-0.054
2.58	20.92	0.169	-0.054
2.59	20.84	0.168	-0.053
2.6	20.81	0.168	-0.054
2.61	20.8	0.168	-0.053
2.62	20.81	0.169	-0.052
2.63	20.82	0.172	-0.053
2.64	20.83	0.174	-0.052
2.65	20.86	0.175	-0.052
2.66	20.9	0.175	-0.051
2.67	21.04	0.176	-0.051
2.68	21.15	0.176	-0.051
2.69	21.43	0.177	-0.051
2.7	21.56	0.178	-0.051
2.71	21.67	0.18	-0.051
2.72	21.86	0.181	-0.05
2.73	21.89	0.182	-0.05
2.74	21.85	0.187	-0.049
2.75	21.7	0.191	-0.05
2.76	21.54	0.194	-0.049
2.77	21.34	0.194	-0.049
2.78	21.19	0.195	-0.049
2.79	21.12	0.195	-0.049
2.8	20.98	0.195	-0.048
2.81	20.94	0.196	-0.047
2.82	20.84	0.195	-0.047
2.83	20.68	0.194	-0.047
2.84	20.51	0.193	-0.047
2.85	20.36	0.192	-0.047
2.86	19.97	0.192	-0.047
2.87	19.78	0.192	-0.046
2.88	19.59	0.192	-0.046
2.89	19.07	0.192	-0.046
2.9	18.75	0.192	-0.046
2.91	18.41	0.191	-0.046
2.92	17.59	0.19	-0.045
2.93	17.09	0.189	-0.045
2.94	16.57	0.187	-0.045
2.95	15.5	0.181	-0.045
2.96	15.02	0.176	-0.045
2.97	14.57	0.171	-0.045
2.98	13.9	0.157	-0.045
2.99	13.65	0.147	-0.045
3	13.45	0.138	-0.045
3.01	13.35	0.117	-0.045
3.02	13.07	0.105	-0.045
3.03	12.97	0.096	-0.045
3.04	12.73	0.084	-0.045
3.05	12.56	0.066	-0.044
3.06	12.4	0.06	-0.045
3.07	12.3	0.052	-0.045
3.08	12.04	0.045	-0.046
3.09	11.86	0.033	-0.049
3.1	11.73	0.029	-0.052
3.11	11.58	0.02	-0.052
3.12	11.24	0.018	-0.051
3.13	11.05	0.017	-0.051
3.14	10.91	0.016	-0.05
3.15	10.45	0.015	-0.05
3.16	10.32	0.015	-0.05
3.17	10.34	0.015	-0.049
3.18	10.3	0.015	-0.049
3.19	10.25	0.015	-0.049
3.2	10.23	0.015	-0.049
3.21	10.3	0.014	-0.049
3.22	10.37	0.015	-0.048
3.23	10.45	0.015	-0.049
3.24	10.59	0.017	-0.049
3.25	10.74	0.028	-0.049
3.26	10.73	0.035	-0.049
3.27	10.93	0.038	-0.048
3.28	11.06	0.049	-0.048
3.29	11.18	0.052	-0.047
3.3	11.53	0.047	-0.047
3.31	11.61	0.042	-0.047
3.32	12.04	0.045	-0.039
3.33	12.6	0.038	-0.039
3.34	12.51	0.038	-0.038
3.35	12.08	0.039	-0.034
3.36	11.66	0.039	-0.033
3.37	11.88	0.039	-0.033
3.38	12.11	0.032	-0.033
3.39	12.39	0.031	-0.032
3.4	12.24	0.031	-0.024
3.41	12.36	0.026	-0.028
3.42	12.48	0.021	-0.027
3.43	12.53	0.021	-0.026
3.44	12.58	0.021	-0.025
3.45	12.58	0.021	-0.024
3.46	12.79	0.018	-0.021
3.47	12.66	0.018	-0.019
3.48	13.21	0.018	-0.019
3.49	13.92	0.022	-0.017
3.5	13.77	0.022	-0.017
3.51	14.18	0.024	-0.011
3.52	15.21	0.025	-0.009
3.53	14.99	0.025	-0.005
3.54	14.83	0.026	0.002
3.55	14.74	0.027	0.008
3.56	14.7	0.03	0.01
3.57	15.11	0.03	0.011
3.58	14.87	0.029	0.011
3.59	14.62	0.031	0.011
3.6	14.5	0.031	0.01
3.61	14.11	0.031	0.011
3.62	13.86	0.032	0.011
3.63	13.78	0.031	0.012
3.64	13.69	0.03	0.011
3.65	13.65	0.03	0.011
3.66	13.75	0.03	0.012
3.67	13.56	0.029	0.012
3.68	13.55	0.028	0.011
3.69	13.37	0.027	0.01
3.7	13.15	0.025	0.011
3.71	13.06	0.025	0.012
3.72	13.12	0.025	0.012
3.73	13.18	0.026	0.012
3.74	13.05	0.024	0.012
3.75	13	0.023	0.012
3.76	13.11	0.021	0.012
3.77	13.23	0.022	0.012
3.78	13.54	0.022	0.013
3.79	13.47	0.023	0.014
3.8	13.52	0.023	0.014
3.81	13.56	0.023	0.014
3.82	13.78	0.022	0.014
3.83	14.08	0.02	0.014
3.84	14.18	0.019	0.014
3.85	14.1	0.022	0.014
3.86	14.18	0.022	0.015
3.87	14.39	0.023	0.015
3.88	14.24	0.022	0.015
3.89	14.75	0.031	0.015
3.9	15.22	0.042	0.015
3.91	15.52	0.035	0.015
3.92	15.58	0.063	0.015
3.93	15.46	0.065	0.016
3.94	15.39	0.06	0.016
3.95	15.47	0.062	0.016
3.96	15.55	0.064	0.016
3.97	16.38	0.065	0.016
3.98	15.91	0.065	0.016
3.99	16.92	0.065	0.016
4	17.02	0.069	0.016
4.01	17.58	0.07	0.016
4.02	16.98	0.071	0.016
4.03	17.21	0.07	0.016
4.04	17.44	0.07	0.016
4.05	18.08	0.052	0.016
4.06	18.34	0.048	0.017
4.07	18.61	0.046	0.017
4.08	19.09	0.044	0.017
4.09	19.07	0.04	0.016
4.1	19.52	0.036	0.016
4.11	20.51	0.035	0.016
4.12	21.04	0.034	0.016
4.13	21.14	0.033	0.017
4.14	21.78	0.029	0.017
4.15	21.7	0.035	0.016
4.16	22.24	0.034	0.017
4.17	22.33	0.037	0.016
4.18	24.2	0.04	0.016
4.19	25.2	0.043	0.016
4.2	27.46	0.045	0.017
4.21	29.81	0.046	0.017
4.22	30.24	0.047	0.018
4.23	30.54	0.076	0.018
4.24	32.39	0.087	0.017
4.25	33.45	0.087	0.016
4.26	33.89	0.087	0.015
4.27	36.07	0.071	0.009
4.28	36.51	0.067	0.013
4.29	37.75	0.063	0.013
4.3	38.85	0.064	0.014
4.31	39.53	0.061	0.015
4.32	40.28	0.062	0.015
4.33	41.09	0.057	0.018
4.34	42.25	0.06	0.015
4.35	42.85	0.048	0.018
4.36	44.81	0.055	0.001
4.37	44.89	0.062	0.011
4.38	46.31	0.064	0.008
4.39	46.69	0.067	0.009
4.4	47.49	0.066	0.009
4.41	45.72	0.066	0.016
4.42	45.78	0.066	0.013
4.43	45.83	0.067	0.001
4.44	46.48	0.068	-0.008
4.45	48.23	0.07	-0.043
4.46	48.33	0.071	-0.039
4.47	48.58	0.071	-0.035
4.48	48.84	0.071	-0.024
4.49	49.13	0.071	-0.04
4.5	49.12	0.067	-0.044
4.51	49.74	0.065	-0.042
4.52	49.88	0.056	-0.047
4.53	50.07	0.057	-0.054
4.54	50.21	0.055	-0.056
4.55	50.35	0.053	-0.06
4.56	50.35	0.053	-0.065
4.57	50.75	0.046	-0.065
4.58	51.12	0.045	-0.069
4.59	51.19	0.046	-0.074
4.6	51.44	0.046	-0.074
4.61	51.68	0.046	-0.073
4.62	52.2	0.048	-0.074
4.63	51.88	0.053	-0.073
4.64	51.8	0.051	-0.072
4.65	51.45	0.049	-0.072
4.66	51.33	0.048	-0.074
4.67	51.56	0.048	-0.074
4.68	51.35	0.044	-0.076
4.69	51.13	0.039	-0.076
4.7	50.96	0.039	-0.077
4.71	50.65	0.037	-0.076
4.72	50.03	0.035	-0.077
4.73	49.6	0.034	-0.078
4.74	49.39	0.034	-0.079
4.75	49.16	0.034	-0.078
4.76	48.08	0.034	-0.078
4.77	47.76	0.033	-0.077
4.78	46.68	0.029	-0.076
4.79	45.86	0.022	-0.077
4.8	45.28	0.024	-0.077
4.81	44.03	0.022	-0.076
4.82	42.83	0.027	-0.075
4.83	42.72	0.026	-0.074
4.84	41.81	0.026	-0.073
4.85	40.51	0.022	-0.072
4.86	39.25	0.023	-0.072
4.87	38.94	0.02	-0.072
4.88	37.74	0.019	-0.071
4.89	35.97	0.023	-0.07
4.9	35.23	0.027	-0.07
4.91	33.68	0.021	-0.069
4.92	33.16	0.021	-0.068
4.93	33.05	0.02	-0.068
4.94	32.94	0.019	-0.066
4.95	32.74	0.02	-0.065
4.96	33.74	0.02	-0.064
4.97	33.61	0.025	-0.062
4.98	33.49	0.033	-0.059
4.99	33.62	0.036	-0.06
5	33.32	0.039	-0.058
5.01	33.57	0.043	-0.057
5.02	33.82	0.043	-0.057
5.03	34.07	0.043	-0.057
5.04	34.61	0.043	-0.056
5.05	35.06	0.043	-0.054
5.06	36.95	0.059	-0.054
5.07	38.84	0.1	-0.053
5.08	39.92	0.093	-0.054
5.09	42.1	0.111	-0.054
5.1	43.95	0.11	-0.054
5.11	47.12	0.109	-0.053
5.12	47.29	0.102	-0.053
5.13	45.56	0.107	-0.053
5.14	45.98	0.106	-0.053
5.15	46.4	0.105	-0.053
5.16	46.64	0.097	-0.052
5.17	46.74	0.094	-0.051
5.18	47.35	0.098	-0.047
5.19	48.13	0.096	-0.05
5.2	48.24	0.094	-0.055
5.21	47.87	0.075	-0.058
5.22	47.65	0.077	-0.06
5.23	47.42	0.056	-0.06
5.24	47.67	0.055	-0.06
5.25	46.34	0.055	-0.06
5.26	44.68	0.055	-0.057
5.27	43.14	0.055	-0.058
5.28	42.44	0.062	-0.057
5.29	41.59	0.065	-0.056
5.3	41.2	0.067	-0.056
5.31	39.65	0.064	-0.055
5.32	38.49	0.069	-0.052
5.33	37.7	0.064	-0.052
5.34	36.54	0.048	-0.053
5.35	33.77	0.032	-0.055
5.36	33.03	0.032	-0.056
5.37	32.23	0.032	-0.056
5.38	32.09	0.033	-0.057
5.39	32.11	0.034	-0.06
5.4	31.14	0.034	-0.059
5.41	31.13	0.067	-0.059
5.42	32.33	0.06	-0.057
5.43	32.12	0.101	-0.045
5.44	33.05	0.103	-0.042
5.45	33.99	0.104	-0.04
5.46	35.49	0.104	-0.038
5.47	32.23	0.114	-0.037
5.48	32.89	0.12	-0.036
5.49	32.05	0.121	-0.036
5.5	31.41	0.122	-0.035
5.51	31.27	0.12	-0.034
5.52	31.12	0.12	-0.033
5.53	31.67	0.119	-0.032
5.54	29.62	0.119	-0.031
5.55	29.18	0.11	-0.027
5.56	29.07	0.09	-0.028
5.57	28.87	0.081	-0.028
5.58	28.27	0.076	-0.029
5.59	27.95	0.07	-0.029
5.6	27.99	0.068	-0.029
5.61	28.02	0.062	-0.03
5.62	28.17	0.055	-0.029
5.63	28.44	0.052	-0.027
5.64	28.72	0.051	-0.031
5.65	28.61	0.05	-0.031
5.66	28.46	0.051	-0.031
5.67	28.5	0.052	-0.031
5.68	28.34	0.053	-0.03
5.69	27.59	0.054	-0.029
5.7	27.43	0.06	-0.029
5.71	26.86	0.06	-0.029
5.72	26.51	0.061	-0.029
5.73	26.07	0.064	-0.03
5.74	26.02	0.07	-0.029
5.75	25.76	0.074	-0.029
5.76	25.53	0.076	-0.029
5.77	25.03	0.079	-0.028
5.78	24.88	0.081	-0.028
5.79	24.61	0.082	-0.027
5.8	24.14	0.096	-0.026
5.81	24.01	0.109	-0.026
5.82	24.02	0.12	-0.024
5.83	24.03	0.119	-0.024
5.84	24.16	0.123	-0.024
5.85	24.28	0.132	-0.024
5.86	24.44	0.141	-0.023
5.87	23.76	0.145	-0.022
5.88	23.47	0.149	-0.02
5.89	23.37	0.16	-0.014
5.9	23.41	0.166	-0.014
5.91	23.35	0.176	-0.013
5.92	23.2	0.18	-0.014
5.93	23.28	0.179	-0.013
5.94	23.36	0.177	-0.013
5.95	23.5	0.176	-0.012
5.96	24.04	0.172	-0.01
5.97	24.44	0.169	-0.01
5.98	24.87	0.164	-0.01
5.99	25.64	0.16	-0.009
6	26.01	0.154	-0.01
6.01	26.45	0.153	-0.01
6.02	26.93	0.148	-0.009
6.03	27.77	0.14	-0.009
6.04	28.23	0.133	-0.009
6.05	28.59	0.122	-0.008
6.06	28.99	0.119	-0.008
6.07	28.96	0.106	-0.009
6.08	29.05	0.1	-0.01
6.09	29	0.092	-0.01
6.1	29.07	0.09	-0.012
6.11	29.07	0.08	-0.012
6.12	28.82	0.077	-0.012
6.13	28.41	0.075	-0.013
6.14	28.05	0.072	-0.015
6.15	28.08	0.074	-0.016
6.16	28.11	0.077	-0.016
6.17	28.05	0.077	-0.018
6.18	27.87	0.08	-0.017
6.19	27.74	0.086	-0.018
6.2	27.55	0.085	-0.017
6.21	27.37	0.089	-0.017
6.22	27.07	0.104	-0.018
6.23	26.91	0.11	-0.019
6.24	26.95	0.115	-0.024
6.25	26.69	0.121	-0.019
6.26	26.63	0.137	-0.035
6.27	26.46	0.15	-0.037
6.28	26.17	0.16	-0.036
6.29	25.88	0.167	-0.036
6.3	25.71	0.163	-0.034
6.31	25.48	0.161	-0.034
6.32	25.32	0.165	-0.034
6.33	24.98	0.169	-0.033
6.34	24.73	0.178	-0.032
6.35	24.72	0.195	-0.031
6.36	24.57	0.202	-0.029
6.37	24.13	0.209	-0.011
6.38	23.97	0.218	-0.028
6.39	23.82	0.221	-0.026
6.4	23.71	0.222	-0.025
6.41	23.73	0.223	-0.024
6.42	23.75	0.222	-0.024
6.43	23.73	0.223	-0.024
6.44	23.75	0.223	-0.023
6.45	23.78	0.228	-0.023
6.46	23.65	0.229	-0.021
6.47	23.65	0.229	-0.022
6.48	23.6	0.229	-0.021
6.49	23.6	0.229	-0.02
6.5	23.61	0.227	-0.02
6.51	23.61	0.227	-0.02
6.52	23.61	0.227	-0.019
6.53	23.7	0.227	-0.019
6.54	23.68	0.226	-0.019
6.55	23.7	0.225	-0.018
6.56	23.9	0.224	-0.017
6.57	24.01	0.224	-0.018
6.58	23.95	0.223	-0.017
6.59	24	0.221	-0.017
6.6	23.7	0.22	-0.016
6.61	23.56	0.218	-0.016
6.62	23.52	0.219	-0.016
6.63	23.43	0.217	-0.016
6.64	23.31	0.216	-0.016
6.65	23.23	0.212	-0.016
6.66	23.23	0.211	-0.015
6.67	23.21	0.211	-0.015
6.68	23.21	0.21	-0.014
6.69	23.21	0.209	-0.014
6.7	23.3	0.209	-0.013
6.71	23.44	0.212	-0.012
6.72	23.42	0.215	-0.011
6.73	23.42	0.218	-0.012
6.74	23.15	0.222	-0.012
6.75	23.01	0.229	-0.011
6.76	22.93	0.231	-0.011
6.77	22.88	0.234	-0.011
6.78	22.66	0.239	-0.011
6.79	22.53	0.25	-0.009
6.8	22.37	0.251	-0.01
6.81	22.16	0.253	-0.01
6.82	21.66	0.257	-0.009
6.83	21.39	0.258	-0.009
6.84	21.09	0.262	-0.01
6.85	20.75	0.261	-0.01
6.86	20.1	0.259	-0.01
6.87	19.88	0.258	-0.01
6.88	19.73	0.253	-0.01
6.89	19.58	0.25	-0.01
6.9	19.25	0.245	-0.01
6.91	19.03	0.241	-0.01
6.92	18.9	0.231	-0.01
6.93	18.73	0.226	-0.01
6.94	18.39	0.221	-0.01
6.95	18.29	0.213	-0.01
6.96	18.17	0.204	-0.01
6.97	18.1	0.195	-0.01
6.98	18.11	0.189	-0.01
6.99	18.11	0.182	-0.01
7	18.2	0.176	-0.01
7.01	18.4	0.172	-0.01
7.02	18.66	0.172	-0.01
7.03	19.19	0.171	-0.01
7.04	19.63	0.171	-0.009
7.05	19.85	0.17	-0.009
7.06	20.18	0.172	-0.008
7.07	20.31	0.175	-0.008
7.08	20.45	0.184	-0.007
7.09	20.56	0.188	-0.007
7.1	20.61	0.192	-0.006
7.11	20.69	0.197	-0.005
7.12	20.77	0.207	-0.005
7.13	20.85	0.211	-0.005
7.14	20.94	0.214	-0.005
7.15	21.37	0.221	-0.004
7.16	21.64	0.223	-0.003
7.17	21.89	0.223	-0.003
7.18	22.47	0.226	-0.003
7.19	22.77	0.231	-0.003
7.2	22.93	0.232	-0.002
7.21	23.19	0.233	-0.002
7.22	23.81	0.238	-0.001
7.23	24	0.238	-0.001
7.24	24.2	0.239	0
7.25	24.53	0.239	0
7.26	24.6	0.241	0
7.27	24.67	0.242	0
7.28	24.76	0.241	0.001
7.29	25.05	0.193	0.001
7.3	25.15	0.207	0.001
7.31	25.19	0.221	0.001
7.32	25.24	0.221	0.002
7.33	25.22	0.223	0.002
7.34	25.2	0.222	0.002
7.35	25.08	0.227	0.002
7.36	25.05	0.231	0.003
7.37	24.63	0.232	-0.001
7.38	24.51	0.235	0
7.39	24.52	0.237	0
7.4	24.53	0.244	0.002
7.41	24.58	0.247	0.002
7.42	24.55	0.25	0.003
7.43	24.52	0.253	0.005
7.44	24.51	0.253	0.006
7.45	24.59	0.254	0.006
7.46	24.67	0.256	0.008
7.47	24.71	0.258	0.011
7.48	24.81	0.258	0.012
7.49	24.98	0.258	0.012
7.5	25.07	0.258	0.012
7.51	25.02	0.259	0.013
7.52	25.02	0.26	0.015
7.53	25.08	0.261	0.016
7.54	24.95	0.262	0.017
7.55	24.94	0.262	0.018
7.56	24.96	0.262	0.019
7.57	24.83	0.263	0.019
7.58	24.77	0.262	0.021
7.59	24.68	0.261	0.022
7.6	24.58	0.26	0.024
7.61	24.35	0.26	0.024
7.62	24.38	0.259	0.028
7.63	24.41	0.259	0.028
7.64	24.41	0.259	0.029
7.65	24.63	0.259	0.03
7.66	24.71	0.253	0.032
7.67	24.87	0.249	0.033
7.68	24.87	0.247	0.033
7.69	24.82	0.241	0.035
7.7	24.78	0.243	0.036
7.71	24.66	0.244	0.036
7.72	24.62	0.244	0.036
7.73	24.62	0.245	0.036
7.74	24.61	0.245	0.037
7.75	24.66	0.245	0.038
7.76	24.61	0.243	0.037
7.77	24.56	0.236	0.037
7.78	24.51	0.236	0.036
7.79	24.43	0.236	0.035
7.8	24.31	0.237	0.036
7.81	24.2	0.241	0.038
7.82	24.11	0.241	0.037
7.83	23.95	0.244	0.038
7.84	23.81	0.248	0.038
7.85	23.77	0.249	0.04
7.86	23.68	0.249	0.04
7.87	23.65	0.248	0.039
7.88	23.61	0.248	0.038
7.89	23.62	0.248	0.039
7.9	23.6	0.248	0.04
7.91	23.57	0.249	0.041
7.92	23.59	0.25	0.041
7.93	23.61	0.25	0.041
7.94	23.6	0.252	0.042
7.95	23.63	0.253	0.042
7.96	23.74	0.257	0.043
7.97	23.83	0.258	0.043
7.98	23.93	0.259	0.044
7.99	24	0.26	0.044
8	23.95	0.261	0.044
8.01	23.94	0.264	0.045
8.02	23.86	0.266	0.045
8.03	23.77	0.264	0.044
8.04	23.61	0.267	0.044
8.05	23.48	0.267	0.044
8.06	23.41	0.264	0.044
8.07	23.32	0.26	0.043
8.08	23.28	0.262	0.042
8.09	23.3	0.26	0.042
8.1	23.26	0.262	0.043
8.11	23.23	0.257	0.043
8.12	23.19	0.257	0.045
8.13	23.24	0.256	0.044
8.14	22.99	0.255	0.043
8.15	22.8	0.254	0.043
8.16	22.44	0.251	0.043
8.17	22.24	0.248	0.043
8.18	21.66	0.24	0.043
8.19	21.53	0.234	0.042
8.2	21.25	0.231	0.042
8.21	21.01	0.224	0.042
8.22	20.67	0.217	0.041
8.23	20.71	0.209	0.04
8.24	20.76	0.193	0.04
8.25	20.89	0.189	0.041
8.26	20.84	0.184	0.042
8.27	20.91	0.18	0.043
8.28	20.98	0.177	0.046
8.29	20.95	0.179	0.045
8.3	20.97	0.181	0.045
8.31	20.86	0.183	0.047
8.32	20.79	0.185	0.048
8.33	20.75	0.186	0.049
8.34	20.65	0.186	0.051
8.35	20.35	0.186	0.052
8.36	20.15	0.175	0.05
8.37	20.02	0.165	0.05
8.38	19.84	0.166	0.051
8.39	19.45	0.166	0.051
8.4	19.26	0.166	0.05
8.41	19.14	0.159	0.05
8.42	18.94	0.16	0.052
8.43	18.63	0.156	0.045
8.44	18.72	0.154	0.038
8.45	18.82	0.15	0.039
8.46	18.74	0.146	0.039
8.47	18.91	0.144	0.043
8.48	18.88	0.141	0.041
8.49	18.71	0.141	0.044
8.5	18.64	0.142	0.046
8.51	18.53	0.143	0.047
8.52	18.31	0.146	0.047
8.53	18.17	0.145	0.047
8.54	17.8	0.147	0.047
8.55	17.71	0.148	0.048
8.56	17.6	0.15	0.048
8.57	17.52	0.149	0.049
8.58	17.47	0.149	0.049
8.59	17.34	0.147	0.05
8.6	17.23	0.145	0.05
8.61	17.13	0.144	0.05
8.62	17.11	0.145	0.051
8.63	17.13	0.146	0.05
8.64	17.16	0.146	0.051
8.65	17.23	0.148	0.051
8.66	17.25	0.15	0.051
8.67	17.31	0.151	0.051
8.68	17.35	0.151	0.052
8.69	17.39	0.151	0.052
8.7	17.35	0.151	0.053
8.71	17.3	0.149	0.053
8.72	17.2	0.148	0.054
8.73	17.06	0.148	0.053
8.74	16.85	0.149	0.054
8.75	16.78	0.15	0.054
8.76	16.8	0.15	0.054
8.77	16.8	0.148	0.054
8.78	16.87	0.147	0.054
8.79	16.94	0.142	0.054
8.8	17.12	0.139	0.054
8.81	17.13	0.136	0.054
8.82	17.27	0.134	0.055
8.83	17.36	0.131	0.055
8.84	17.45	0.133	0.055
8.85	17.51	0.13	0.055
8.86	17.47	0.134	0.055
8.87	17.45	0.133	0.055
8.88	17.45	0.132	0.055
8.89	17.43	0.127	0.056
8.9	17.44	0.132	0.06
8.91	17.44	0.131	0.059
8.92	17.5	0.13	0.058
8.93	17.58	0.129	0.057
8.94	17.35	0.128	0.056
8.95	17.26	0.13	0.055
8.96	16.74	0.13	0.055
8.97	16.26	0.13	0.058
8.98	16.18	0.131	0.062
8.99	16.19	0.132	0.055
9	16.19	0.133	0.055
9.01	16.18	0.137	0.055
9.02	16.05	0.142	0.056
9.03	16.1	0.145	0.057
9.04	16.14	0.146	0.058
9.05	16.3	0.146	0.059
9.06	16.51	0.146	0.059
9.07	16.72	0.149	0.06
9.08	16.89	0.149	0.06
9.09	16.9	0.148	0.06
9.1	16.83	0.147	0.06
9.11	16.83	0.146	0.061
9.12	16.83	0.145	0.061
9.13	16.96	0.144	0.061
9.14	17.65	0.143	0.062
9.15	18.17	0.144	0.062
9.16	18.78	0.143	0.062
9.17	19.29	0.137	0.062
9.18	19.69	0.134	0.062
9.19	19.89	0.134	0.062
9.2	19.79	0.135	0.06
9.21	19.63	0.135	0.061
9.22	19.43	0.136	0.06
9.23	18.72	0.135	0.059
9.24	18.48	0.134	0.061
9.25	18.06	0.124	0.06
9.26	17.85	0.12	0.06
9.27	17.67	0.115	0.061
9.28	17.61	0.119	0.061
9.29	17.33	0.123	0.062
9.3	17.04	0.13	0.064
9.31	16.74	0.129	0.062
9.32	16.81	0.127	0.061
9.33	16.52	0.124	0.061
9.34	16.32	0.121	0.06
9.35	16.02	0.119	0.061
9.36	15.87	0.106	0.061
9.37	15.41	0.103	0.061
9.38	14.97	0.105	0.061
9.39	14.85	0.107	0.059
9.4	14.52	0.111	0.06
9.41	14.52	0.115	0.061
9.42	14.35	0.117	0.064
9.43	14.16	0.12	0.062
9.44	14.1	0.118	0.061
9.45	14.05	0.119	0.061
9.46	14.09	0.119	0.059
9.47	14.04	0.121	0.059
9.48	13.87	0.122	0.06
9.49	13.77	0.123	0.061
9.5	13.73	0.123	0.062
9.51	13.65	0.125	0.061
9.52	13.64	0.125	0.061
9.53	13.66	0.125	0.062
9.54	13.69	0.125	0.062
9.55	13.75	0.125	0.062
9.56	13.77	0.124	0.064
9.57	13.76	0.124	0.063
9.58	13.77	0.124	0.063
9.59	13.78	0.124	0.063
9.6	13.78	0.125	0.064
9.61	13.78	0.125	0.064
9.62	13.8	0.126	0.065
9.63	13.82	0.126	0.065
9.64	13.88	0.126	0.065
9.65	13.92	0.126	0.066
9.66	13.97	0.126	0.066
9.67	13.95	0.126	0.066
9.68	13.95	0.127	0.066
9.69	13.87	0.127	0.067
9.7	13.78	0.127	0.067
9.71	13.4	0.127	0.067
9.72	13.24	0.127	0.067
9.73	13.04	0.126	0.067
9.74	12.85	0.125	0.066
9.75	12.69	0.12	0.066
9.76	12.45	0.117	0.066
9.77	12.37	0.113	0.066
9.78	12.32	0.109	0.066
9.79	12.29	0.108	0.066
9.8	12.29	0.104	0.067
9.81	12.32	0.102	0.067
9.82	12.34	0.098	0.067
9.83	12.38	0.096	0.068
9.84	12.42	0.097	0.068
9.85	12.51	0.095	0.068
9.86	12.62	0.094	0.068
9.87	12.78	0.094	0.068
9.88	12.88	0.094	0.069
9.89	13.02	0.094	0.069
9.9	13	0.096	0.07
9.91	13.04	0.098	0.07
9.92	13.06	0.099	0.069
9.93	13.14	0.1	0.07
9.94	13.21	0.101	0.071
9.95	13.29	0.103	0.071
9.96	13.37	0.105	0.071
9.97	13.52	0.106	0.072
9.98	13.7	0.107	0.072
9.99	13.83	0.108	0.071
10	14.17	0.109	0.072
10.01	14.34	0.111	0.072
10.02	14.51	0.112	0.072
10.03	14.65	0.114	0.073
10.04	14.77	0.117	0.072
10.05	14.94	0.118	0.073
10.06	14.95	0.119	0.073
10.07	14.93	0.12	0.073
10.08	14.93	0.121	0.073
10.09	14.92	0.123	0.073
10.1	14.92	0.124	0.073
10.11	14.93	0.124	0.073
10.12	14.98	0.125	0.073
10.13	15.05	0.127	0.073
10.14	15.11	0.128	0.073
10.15	15.2	0.128	0.073
10.16	15.36	0.127	0.074
10.17	15.41	0.127	0.074
10.18	15.42	0.127	0.074
10.19	15.26	0.127	0.074
10.2	15.07	0.129	0.074
10.21	14.83	0.129	0.074
10.22	14.36	0.129	0.073
10.23	14.15	0.129	0.073
10.24	14	0.129	0.073
10.25	13.87	0.129	0.073
10.26	13.8	0.126	0.075
10.27	13.77	0.121	0.075
10.28	13.75	0.119	0.074
10.29	13.78	0.118	0.074
10.3	13.76	0.118	0.075
10.31	13.77	0.118	0.075
10.32	13.78	0.118	0.075
10.33	13.83	0.115	0.075
10.34	13.86	0.1	0.076
10.35	13.85	0.101	0.076
10.36	13.85	0.101	0.076
10.37	13.85	0.103	0.076
10.38	13.85	0.105	0.076
10.39	13.88	0.106	0.076
10.4	13.95	0.109	0.076
10.41	13.87	0.11	0.075
10.42	13.87	0.111	0.075
10.43	13.89	0.112	0.075
10.44	13.91	0.113	0.075
10.45	14.06	0.114	0.075
10.46	14.18	0.116	0.076
10.47	14.45	0.116	0.076
10.48	14.58	0.117	0.077
10.49	14.66	0.117	0.077
10.5	14.7	0.118	0.077
10.51	14.74	0.121	0.077
10.52	14.7	0.123	0.077
10.53	14.73	0.125	0.077
10.54	14.84	0.126	0.077
10.55	14.96	0.128	0.077
10.56	15.06	0.129	0.077
10.57	15.09	0.131	0.078
10.58	14.98	0.131	0.078
10.59	14.87	0.132	0.078
10.6	14.79	0.133	0.079
10.61	14.72	0.133	0.079
10.62	14.61	0.133	0.079
10.63	14.39	0.133	0.079
10.64	14.28	0.133	0.079
10.65	14.16	0.133	0.079
10.66	14.06	0.13	0.079
10.67	13.98	0.129	0.079
10.68	13.78	0.126	0.08
10.69	13.74	0.124	0.08
10.7	13.69	0.122	0.08
10.71	13.67	0.121	0.08
10.72	13.67	0.119	0.08
10.73	13.68	0.117	0.08
10.74	13.84	0.114	0.08
10.75	13.97	0.113	0.08
10.76	14.12	0.113	0.08
10.77	14.3	0.114	0.08
10.78	14.5	0.114	0.08
10.79	14.76	0.115	0.08
10.8	14.83	0.116	0.081
10.81	14.81	0.118	0.081
10.82	14.79	0.119	0.081
10.83	14.75	0.12	0.081
10.84	14.72	0.121	0.081
10.85	14.65	0.123	0.081
10.86	14.62	0.125	0.082
10.87	14.58	0.126	0.082
10.88	14.55	0.127	0.082
10.89	14.51	0.128	0.082
10.9	14.47	0.128	0.081
10.91	14.45	0.128	0.082
10.92	14.4	0.128	0.082
10.93	14.39	0.127	0.083
10.94	14.38	0.127	0.083
10.95	14.4	0.126	0.082
10.96	14.41	0.126	0.083
10.97	14.43	0.126	0.083
10.98	14.45	0.126	0.083
10.99	14.41	0.126	0.083
11	14.39	0.126	0.083
11.01	14.34	0.125	0.083
11.02	14.3	0.125	0.083
11.03	14.24	0.124	0.083
11.04	14.23	0.124	0.083
11.05	14.26	0.124	0.083
11.06	14.28	0.124	0.084
11.07	14.33	0.124	0.083
11.08	14.37	0.124	0.084
11.09	14.29	0.124	0.084
11.1	14.14	0.124	0.084
11.11	14.02	0.124	0.084
11.12	13.89	0.124	0.084
11.13	13.7	0.124	0.084
11.14	13.66	0.124	0.085
11.15	13.59	0.124	0.084
11.16	13.56	0.123	0.085
11.17	13.54	0.123	0.085
11.18	13.55	0.123	0.085
11.19	13.55	0.122	0.085
11.2	13.61	0.122	0.085
11.21	13.65	0.122	0.085
11.22	13.73	0.122	0.085
11.23	13.81	0.122	0.086
11.24	13.95	0.122	0.086
11.25	14.04	0.122	0.086
11.26	14.2	0.123	0.086
11.27	14.28	0.124	0.086
11.28	14.4	0.124	0.086
11.29	14.5	0.125	0.086
11.3	14.6	0.126	0.086
11.31	14.75	0.128	0.086
11.32	14.97	0.129	0.086
11.33	15.09	0.131	0.087
11.34	15.19	0.132	0.087
11.35	15.3	0.128	0.087
11.36	15.43	0.125	0.087
11.37	15.59	0.124	0.088
11.38	15.66	0.124	0.088
11.39	15.73	0.125	0.088
11.4	15.76	0.126	0.088
11.41	15.76	0.131	0.088
11.42	15.72	0.132	0.088
11.43	15.61	0.139	0.086
11.44	15.6	0.141	0.086
11.45	15.64	0.143	0.086
11.46	15.67	0.145	0.086
11.47	15.71	0.148	0.087
11.48	15.6	0.149	0.088
11.49	15.53	0.149	0.087
11.5	15.24	0.15	0.087
11.51	15.1	0.15	0.088
11.52	14.94	0.151	0.088
11.53	14.88	0.152	0.088
11.54	14.8	0.151	0.088
11.55	14.76	0.15	0.088
11.56	14.68	0.148	0.088
11.57	14.69	0.147	0.088
11.58	14.67	0.146	0.089
11.59	14.7	0.144	0.088
11.6	14.69	0.143	0.089
11.61	14.7	0.143	0.089
11.62	14.71	0.143	0.089
11.63	14.72	0.142	0.09
11.64	14.74	0.141	0.091
11.65	14.76	0.141	0.09
11.66	14.74	0.141	0.09
11.67	14.77	0.141	0.09
11.68	14.78	0.141	0.09
11.69	14.83	0.141	0.09
11.7	14.84	0.141	0.091
11.71	14.89	0.141	0.09
11.72	14.96	0.141	0.091
11.73	14.99	0.141	0.091
11.74	15.04	0.14	0.091
11.75	15.05	0.139	0.091
11.76	15.1	0.139	0.091
11.77	15.14	0.138	0.091
11.78	15.2	0.139	0.091
11.79	15.3	0.139	0.091
11.8	15.28	0.138	0.091
11.81	15.31	0.138	0.091
11.82	15.35	0.137	0.092
11.83	15.35	0.137	0.091
11.84	15.42	0.137	0.091
11.85	15.49	0.136	0.091
11.86	15.56	0.136	0.092
11.87	15.65	0.134	0.092
11.88	15.78	0.135	0.092
11.89	16.13	0.136	0.092
11.9	16.28	0.138	0.092
11.91	16.44	0.139	0.093
11.92	16.55	0.143	0.093
11.93	16.68	0.147	0.093
11.94	16.78	0.147	0.093
11.95	16.88	0.148	0.094
11.96	16.91	0.15	0.094
11.97	16.9	0.151	0.094
11.98	16.89	0.15	0.094
11.99	16.85	0.152	0.094
12	16.83	0.152	0.093
12.01	16.81	0.152	0.094
12.02	16.81	0.152	0.094
12.03	16.83	0.151	0.094
12.04	16.9	0.146	0.094
12.05	16.97	0.143	0.094
12.06	17.11	0.142	0.094
12.07	17.23	0.142	0.094
12.08	17.42	0.141	0.094
12.09	17.61	0.139	0.095
12.1	17.86	0.138	0.095
12.11	18.25	0.138	0.095
12.12	18.34	0.138	0.096
12.13	18.33	0.14	0.097
12.14	18.3	0.142	0.096
12.15	18.28	0.143	0.096
12.16	18.15	0.142	0.096
12.17	18.11	0.144	0.095
12.18	17.99	0.143	0.095
12.19	17.95	0.142	0.096
12.2	17.9	0.14	0.097
12.21	17.98	0.139	0.098
12.22	18.06	0.14	0.097
12.23	18.11	0.141	0.097
12.24	18.42	0.144	0.098
12.25	18.7	0.145	0.097
12.26	19.68	0.145	0.098
12.27	20.29	0.145	0.099
12.28	20.97	0.141	0.1
12.29	21.6	0.138	0.1
12.3	22.13	0.129	0.1
12.31	22.81	0.121	0.099
12.32	23.15	0.115	0.081
12.33	23.45	0.111	0.077
12.34	23.82	0.104	0.076
12.35	24.25	0.098	0.076
12.36	24.2	0.094	0.075
12.37	24.33	0.08	0.066
12.38	24.54	0.056	0.064
12.39	24.4	0.049	0.059
12.4	24.4	0.046	0.056
12.41	24.34	0.05	0.059
12.42	24.35	0.051	0.062
12.43	24	0.053	0.059
12.44	24.04	0.055	0.061
12.45	23.8	0.056	0.063
12.46	23.8	0.056	0.066
12.47	23.81	0.056	0.065
12.48	24.19	0.057	0.065
12.49	24.11	0.06	0.064
12.5	23.77	0.063	0.065
12.51	23.72	0.064	0.065
12.52	23.66	0.067	0.066
12.53	23.63	0.065	0.067
12.54	23.47	0.072	0.064
12.55	23.42	0.09	0.052
12.56	23.12	0.088	0.046
12.57	22.8	0.089	0.043
12.58	22.84	0.09	0.043
12.59	22.42	0.092	0.044
12.6	22.68	0.094	0.045
12.61	21.75	0.097	0.045
12.62	21.64	0.1	0.049
12.63	21.47	0.102	0.051
12.64	21.12	0.102	0.052
12.65	20.7	0.103	0.054
12.66	20.55	0.104	0.061
12.67	20.42	0.103	0.064
12.68	20.44	0.104	0.065
12.69	20.33	0.104	0.066
12.7	20.08	0.104	0.066
12.71	20	0.108	0.065
12.72	19.86	0.111	0.066
12.73	19.78	0.105	0.067
12.74	19.74	0.099	0.067
12.75	19.72	0.1	0.068
12.76	19.7	0.098	0.067
12.77	19.7	0.1	0.066
12.78	19.56	0.098	0.065
12.79	19.16	0.098	0.067
12.8	19.16	0.099	0.069
12.81	19.1	0.1	0.071
12.82	19.05	0.101	0.071
12.83	19.05	0.102	0.073
12.84	18.97	0.107	0.081
12.85	18.89	0.116	0.081
12.86	18.67	0.115	0.084
12.87	18.63	0.121	0.086
12.88	18.61	0.129	0.089
12.89	18.62	0.133	0.091
12.9	18.65	0.144	0.089
12.91	18.68	0.15	0.091
12.92	18.64	0.155	0.092
12.93	18.56	0.155	0.094
12.94	18.48	0.157	0.096
12.95	18.5	0.159	0.093
12.96	17.97	0.16	0.097
12.97	17.82	0.163	0.102
12.98	17.8	0.164	0.098
12.99	17.64	0.167	0.098
13	17.61	0.172	0.098
13.01	17.46	0.174	0.099
13.02	17.42	0.174	0.1
13.03	17.4	0.177	0.1
13.04	17.39	0.177	0.101
13.05	17.37	0.177	0.1
13.06	17.37	0.18	0.101
13.07	17.34	0.182	0.102
13.08	17.34	0.182	0.101
13.09	17.28	0.182	0.101
13.1	17.25	0.183	0.102
13.11	17.24	0.183	0.102
13.12	17.16	0.185	0.102
13.13	17.14	0.187	0.103
13.14	17.12	0.188	0.102
13.15	17.08	0.189	0.103
13.16	16.95	0.193	0.103
13.17	16.77	0.193	0.103
13.18	16.66	0.192	0.103
13.19	16.47	0.192	0.105
13.2	16.37	0.189	0.101
13.21	16.23	0.189	0.102
13.22	16.22	0.19	0.102
13.23	16.25	0.189	0.102
13.24	16.28	0.189	0.102
13.25	16.41	0.188	0.102
13.26	16.6	0.187	0.103
13.27	16.73	0.185	0.104
13.28	16.96	0.183	0.105
13.29	17.07	0.174	0.104
13.3	17.2	0.165	0.105
13.31	17.32	0.166	0.103
13.32	17.4	0.166	0.103
13.33	17.48	0.17	0.103
13.34	17.5	0.173	0.103
13.35	17.38	0.176	0.104
13.36	17.13	0.178	0.101
13.37	16.89	0.178	0.1
13.38	16.9	0.178	0.1
13.39	16.74	0.178	0.101
13.4	16.54	0.177	0.101
13.41	16.31	0.177	0.103
13.42	16.17	0.176	0.104
13.43	16	0.173	0.104
13.44	15.95	0.174	0.105
13.45	15.94	0.172	0.104
13.46	15.95	0.17	0.105
13.47	15.95	0.168	0.105
13.48	16.08	0.167	0.106
13.49	16.16	0.163	0.106
13.5	16.41	0.161	0.106
13.51	16.6	0.161	0.106
13.52	16.77	0.162	0.106
13.53	16.94	0.162	0.107
13.54	17.17	0.162	0.108
13.55	17.64	0.163	0.108
13.56	17.88	0.162	0.108
13.57	18.21	0.163	0.108
13.58	18.53	0.163	0.109
13.59	18.85	0.165	0.109
13.6	19.45	0.166	0.109
13.61	19.69	0.165	0.109
13.62	19.89	0.166	0.109
13.63	20.14	0.168	0.109
13.64	20.3	0.17	0.108
13.65	20.64	0.173	0.108
13.66	20.78	0.174	0.108
13.67	20.94	0.175	0.109
13.68	21.06	0.175	0.109
13.69	21.11	0.177	0.108
13.7	21.16	0.185	0.108
13.71	21.11	0.187	0.108
13.72	21.12	0.189	0.112
13.73	21.01	0.19	0.112
13.74	20.9	0.19	0.111
13.75	20.48	0.19	0.109
13.76	20.3	0.19	0.11
13.77	20.01	0.193	0.11
13.78	19.71	0.195	0.11
13.79	19.5	0.196	0.11
13.8	19.42	0.197	0.11
13.81	19.41	0.199	0.11
13.82	19.42	0.199	0.11
13.83	19.43	0.199	0.11
13.84	19.52	0.198	0.111
13.85	19.62	0.197	0.111
13.86	19.87	0.198	0.111
13.87	20.06	0.198	0.112
13.88	20.27	0.199	0.112
13.89	20.44	0.205	0.112
13.9	20.64	0.207	0.112
13.91	21.06	0.209	0.112
13.92	21.19	0.211	0.112
13.93	21.32	0.213	0.113
13.94	21.41	0.216	0.113
13.95	21.51	0.219	0.111
13.96	21.82	0.221	0.112
13.97	22.07	0.222	0.112
13.98	22.29	0.225	0.112
13.99	22.44	0.226	0.112
14	22.71	0.225	0.111
14.01	22.84	0.225	0.112
14.02	22.82	0.223	0.113
14.03	22.84	0.222	0.112
14.04	22.76	0.22	0.112
14.05	22.69	0.219	0.112
14.06	22.62	0.217	0.112
14.07	22.64	0.215	0.112
14.08	22.67	0.215	0.114
14.09	22.76	0.212	0.113
14.1	22.94	0.208	0.113
14.11	23.06	0.208	0.115
14.12	23.1	0.207	0.114
14.13	23.08	0.206	0.115
14.14	22.99	0.206	0.116
14.15	22.8	0.207	0.116
14.16	22.64	0.209	0.116
14.17	22.47	0.212	0.115
14.18	22.3	0.217	0.115
14.19	22	0.218	0.115
14.2	21.89	0.217	0.115
14.21	21.91	0.216	0.115
14.22	21.85	0.215	0.116
14.23	21.74	0.214	0.116
14.24	21.72	0.212	0.116
14.25	21.72	0.211	0.117
14.26	21.73	0.213	0.115
14.27	21.74	0.214	0.115
14.28	21.74	0.216	0.116
14.29	21.76	0.218	0.116
14.3	21.79	0.217	0.117
14.31	21.8	0.218	0.117
14.32	21.89	0.218	0.117
14.33	21.9	0.219	0.117
14.34	21.87	0.219	0.117
14.35	21.8	0.22	0.117
14.36	21.72	0.205	0.118
14.37	21.65	0.205	0.119
14.38	21.53	0.203	0.118
14.39	21.52	0.202	0.117
14.4	21.52	0.202	0.117
14.41	21.52	0.202	0.117
14.42	21.65	0.203	0.117
14.43	21.91	0.203	0.117
14.44	21.77	0.204	0.109
14.45	21.95	0.205	0.108
14.46	22.13	0.206	0.109
14.47	22.62	0.207	0.109
14.48	22.73	0.208	0.111
14.49	22.85	0.213	0.112
14.5	22.95	0.214	0.112
14.51	23.04	0.215	0.113
14.52	23.25	0.218	0.115
14.53	23.31	0.219	0.117
14.54	23.36	0.219	0.117
14.55	23.48	0.219	0.117
14.56	23.64	0.227	0.117
14.57	23.76	0.228	0.117
14.58	23.91	0.23	0.118
14.59	24.06	0.232	0.118
14.6	24.17	0.233	0.118
14.61	24.21	0.233	0.118
14.62	24.13	0.232	0.117
14.63	24.01	0.232	0.12
14.64	24.05	0.236	0.119
14.65	24.09	0.237	0.119
14.66	24.2	0.237	0.119
14.67	24.26	0.239	0.119
14.68	24.23	0.241	0.12
14.69	24.39	0.24	0.119
14.7	24.65	0.241	0.119
14.71	24.66	0.241	0.117
14.72	24.56	0.244	0.113
14.73	24.51	0.246	0.109
14.74	24.43	0.249	0.111
14.75	24.32	0.251	0.113
14.76	24.22	0.253	0.113
14.77	24.04	0.258	0.115
14.78	23.75	0.257	0.117
14.79	23.63	0.258	0.116
14.8	23.46	0.258	0.116
14.81	23.38	0.259	0.116
14.82	23.3	0.259	0.116
14.83	23.06	0.259	0.117
14.84	22.9	0.259	0.117
14.85	22.73	0.257	0.119
14.86	22.56	0.254	0.117
14.87	22.33	0.254	0.118
14.88	21.84	0.252	0.119
14.89	21.58	0.251	0.119
14.9	21.39	0.251	0.118
14.91	21.32	0.247	0.118
14.92	21.26	0.246	0.118
14.93	21.23	0.245	0.118
14.94	21.23	0.243	0.119
14.95	21.24	0.237	0.119
14.96	21.26	0.235	0.119
14.97	21.3	0.234	0.12
14.98	21.34	0.233	0.121
14.99	21.37	0.233	0.121
15	21.32	0.233	0.12
15.01	21.23	0.232	0.12
15.02	21.07	0.232	0.12
15.03	21.01	0.229	0.12
15.04	21.03	0.225	0.121
15.05	21.06	0.223	0.121
15.06	21.17	0.221	0.121
15.07	21.3	0.22	0.121
15.08	21.47	0.217	0.121
15.09	21.66	0.212	0.121
15.1	21.83	0.21	0.121
15.11	22.08	0.208	0.122
15.12	22.19	0.208	0.122
15.13	22.24	0.208	0.121
15.14	22.27	0.209	0.122
15.15	22.15	0.211	0.122
15.16	22.06	0.217	0.122
15.17	22.05	0.213	0.123
15.18	21.98	0.214	0.123
15.19	21.86	0.213	0.119
15.2	21.75	0.211	0.119
15.21	21.54	0.211	0.121
15.22	20.95	0.211	0.123
15.23	20.82	0.212	0.123
15.24	20.63	0.213	0.123
15.25	20.64	0.214	0.124
15.26	20.77	0.214	0.122
15.27	20.91	0.215	0.123
15.28	21.08	0.214	0.121
15.29	21.32	0.214	0.121
15.3	21.62	0.214	0.122
15.31	21.99	0.215	0.124
15.32	22.7	0.215	0.123
15.33	23.01	0.221	0.122
15.34	23.29	0.221	0.123
15.35	23.49	0.223	0.124
15.36	24.02	0.227	0.123
15.37	24.26	0.228	0.124
15.38	24.53	0.233	0.124
15.39	24.76	0.221	0.125
15.4	25.17	0.208	0.125
15.41	25.41	0.206	0.126
15.42	25.59	0.205	0.126
15.43	25.82	0.204	0.126
15.44	26.08	0.204	0.126
15.45	26.14	0.203	0.127
15.46	26.01	0.203	0.12
15.47	26.01	0.203	0.118
15.48	26.02	0.204	0.118
15.49	26.2	0.205	0.119
15.5	26.34	0.207	0.119
15.51	26.16	0.204	0.121
15.52	26.19	0.203	0.121
15.53	26.23	0.201	0.122
15.54	26.28	0.203	0.123
15.55	26.45	0.203	0.12
15.56	26.71	0.203	0.123
15.57	26.79	0.206	0.09
15.58	26.68	0.209	0.091
15.59	26.68	0.21	0.093
15.6	26.63	0.216	0.091
15.61	26.63	0.219	0.097
15.62	26.61	0.219	0.102
15.63	26.63	0.219	0.101
15.64	26.64	0.219	0.098
15.65	26.69	0.215	0.098
15.66	26.58	0.211	0.097
15.67	26.31	0.209	0.095
15.68	26.16	0.204	0.096
15.69	26.03	0.198	0.097
15.7	25.86	0.196	0.101
15.71	25.65	0.195	0.102
15.72	25.53	0.191	0.102
15.73	25.29	0.176	0.102
15.74	24.8	0.176	0.103
15.75	24.53	0.174	0.105
15.76	24.34	0.174	0.106
15.77	24.1	0.174	0.107
15.78	23.75	0.174	0.108
15.79	23.54	0.174	0.108
15.8	23.1	0.175	0.113
15.81	22.9	0.175	0.114
15.82	22.79	0.176	0.113
15.83	22.54	0.177	0.115
15.84	22.34	0.179	0.122
15.85	21.63	0.182	0.123
15.86	21.51	0.185	0.123
15.87	21.19	0.188	0.125
15.88	20.97	0.191	0.127
15.89	20.85	0.194	0.129
15.9	20.66	0.196	0.128
15.91	20.56	0.197	0.127
15.92	20.55	0.197	0.125
15.93	20.48	0.198	0.125
15.94	20.43	0.201	0.124
15.95	20.43	0.202	0.124
15.96	20.43	0.205	0.124
15.97	20.45	0.208	0.125
15.98	20.42	0.21	0.125
15.99	20.33	0.21	0.126
16	20.06	0.21	0.127
16.01	19.88	0.209	0.128
16.02	19.69	0.209	0.128
16.03	19.52	0.209	0.128
16.04	19.33	0.208	0.128
16.05	19.19	0.208	0.128
16.06	19.15	0.206	0.128
16.07	19.09	0.205	0.128
16.08	19.05	0.202	0.128
16.09	19	0.198	0.129
16.1	18.98	0.196	0.129
16.11	19.01	0.195	0.13
16.12	19.05	0.194	0.13
16.13	19.14	0.194	0.131
16.14	19.24	0.194	0.13
16.15	19.51	0.193	0.131
16.16	19.73	0.193	0.131
16.17	19.94	0.194	0.132
16.18	20.16	0.194	0.132
16.19	20.36	0.196	0.132
16.2	20.6	0.197	0.132
16.21	20.67	0.197	0.131
16.22	20.7	0.197	0.131
16.23	20.72	0.196	0.131
16.24	20.72	0.196	0.131
16.25	20.74	0.194	0.132
16.26	20.73	0.193	0.132
16.27	20.73	0.192	0.132
16.28	20.74	0.189	0.132
16.29	20.75	0.185	0.131
16.3	20.87	0.184	0.133
16.31	21	0.183	0.132
16.32	21.17	0.182	0.133
16.33	21.45	0.182	0.133
16.34	21.93	0.18	0.133
16.35	22.18	0.179	0.134
16.36	22.41	0.178	0.134
16.37	22.63	0.175	0.133
16.38	22.81	0.177	0.134
16.39	22.91	0.167	0.136
16.4	22.94	0.161	0.132
16.41	22.78	0.164	0.133
16.42	22.77	0.167	0.134
16.43	22.67	0.167	0.133
16.44	22.7	0.167	0.133
16.45	22.54	0.168	0.127
16.46	22.64	0.167	0.125
16.47	22.73	0.168	0.126
16.48	23.08	0.168	0.126
16.49	23.24	0.168	0.128
16.5	23.39	0.168	0.125
16.51	23.43	0.171	0.125
16.52	23.45	0.177	0.128
16.53	23.21	0.181	0.13
16.54	23.04	0.185	0.128
16.55	22.68	0.185	0.129
16.56	22.46	0.187	0.128
16.57	22.29	0.19	0.128
16.58	22.23	0.197	0.129
16.59	22.19	0.199	0.132
16.6	22.18	0.202	0.133
16.61	22.18	0.204	0.132
16.62	22.16	0.205	0.133
16.63	22.18	0.211	0.133
16.64	22.21	0.216	0.134
16.65	22.25	0.221	0.134
16.66	22.27	0.223	0.136
16.67	22.36	0.226	0.136
16.68	22.4	0.228	0.136
16.69	22.41	0.229	0.135
16.7	22.57	0.229	0.135
16.71	22.67	0.231	0.135
16.72	22.77	0.231	0.134
16.73	22.88	0.231	0.135
16.74	23.02	0.231	0.135
16.75	23.3	0.231	0.137
16.76	23.37	0.231	0.136
16.77	23.52	0.229	0.137
16.78	23.69	0.227	0.138
16.79	24.06	0.227	0.138
16.8	24.28	0.226	0.138
16.81	24.45	0.223	0.138
16.82	24.63	0.222	0.139
16.83	24.86	0.221	0.14
16.84	25.23	0.222	0.14
16.85	25.4	0.222	0.141
16.86	25.61	0.223	0.141
16.87	25.71	0.224	0.141
16.88	26.02	0.225	0.142
16.89	26.17	0.226	0.143
16.9	26.23	0.225	0.143
16.91	26.31	0.226	0.143
16.92	26.29	0.227	0.143
16.93	26.05	0.23	0.144
16.94	25.83	0.232	0.145
16.95	25.66	0.239	0.142
16.96	25.48	0.241	0.142
16.97	24.98	0.241	0.142
16.98	24.7	0.24	0.143
16.99	24.53	0.24	0.144
17	24.34	0.229	0.145
17.01	24.05	0.222	0.141
17.02	23.87	0.217	0.14
17.03	23.82	0.211	0.141
17.04	23.82	0.209	0.142
17.05	23.83	0.198	0.14
17.06	24.08	0.189	0.139
17.07	24.26	0.18	0.139
17.08	24.47	0.171	0.138
17.09	24.69	0.163	0.133
17.1	24.73	0.147	0.135
17.11	24.75	0.138	0.134
17.12	24.58	0.13	0.133
17.13	24.12	0.129	0.134
17.14	23.61	0.128	0.132
17.15	23.17	0.121	0.131
17.16	22.06	0.12	0.132
17.17	21.7	0.12	0.132
17.18	21.45	0.12	0.133
17.19	21.03	0.12	0.134
17.2	20.56	0.121	0.135
17.21	20.32	0.123	0.136
17.22	19.91	0.125	0.14
17.23	19.7	0.129	0.141
17.24	19.49	0.135	0.142
17.25	19.4	0.141	0.139
17.26	19.38	0.148	0.139
17.27	19.44	0.152	0.139
17.28	19.49	0.155	0.14
17.29	19.46	0.159	0.14
17.3	19.46	0.165	0.14
17.31	19.36	0.167	0.141
17.32	19.23	0.167	0.142
17.33	19.17	0.167	0.141
17.34	19.18	0.169	0.142
17.35	19.18	0.085	0.142
17.36	19.23	0.126	0.142
17.37	19.3	0.141	0.142
17.38	19.47	0.156	0.142
17.39	19.54	0.158	0.143
17.4	19.57	0.162	0.142
17.41	19.57	0.166	0.141
17.42	19.63	0.171	0.143
17.43	18.9	0.174	0.137
17.44	18.85	0.176	0.138
17.45	18.8	0.176	0.139
17.46	18.56	0.177	0.141
17.47	18.33	0.178	0.14
17.48	18.11	0.18	0.141
17.49	18.03	0.183	0.142
17.5	18.02	0.183	0.141
17.51	18.04	0.183	0.141
17.52	18.05	0.183	0.14
17.53	18.03	0.179	0.142
17.54	17.96	0.176	0.141
17.55	17.95	0.174	0.142
17.56	17.97	0.174	0.142
17.57	17.99	0.174	0.143
17.58	18.1	0.175	0.143
17.59	18.24	0.175	0.143
17.6	18.43	0.175	0.143
17.61	18.45	0.174	0.144
17.62	18.47	0.174	0.144
17.63	18.49	0.174	0.144
17.64	18.52	0.174	0.145
17.65	18.48	0.175	0.145
17.66	18.47	0.175	0.145
17.67	18.45	0.175	0.145
17.68	18.42	0.175	0.145
17.69	18.42	0.175	0.145
17.7	18.42	0.175	0.145
17.71	18.43	0.175	0.146
17.72	18.46	0.174	0.146
17.73	18.47	0.175	0.146
17.74	18.49	0.176	0.146
17.75	18.45	0.177	0.146
17.76	18.45	0.18	0.146
17.77	18.37	0.183	0.147
17.78	18.19	0.187	0.147
17.79	17.88	0.189	0.146
17.8	17.54	0.19	0.146
17.81	17.14	0.19	0.147
17.82	16.72	0.189	0.146
17.83	15.85	0.187	0.146
17.84	15.51	0.181	0.146
17.85	15.29	0.179	0.146
17.86	15.18	0.177	0.145
17.87	15.15	0.174	0.145
17.88	15.14	0.17	0.145
17.89	15.13	0.166	0.146
17.9	15.05	0.16	0.145
17.91	14.74	0.149	0.146
17.92	14.55	0.145	0.147
17.93	14.39	0.142	0.147
17.94	14.25	0.14	0.146
17.95	14.1	0.137	0.146
17.96	13.99	0.133	0.146
17.97	13.77	0.129	0.146
17.98	13.63	0.12	0.146
17.99	13.47	0.116	0.146
18	13.27	0.112	0.146
18.01	13.08	0.109	0.146
18.02	12.88	0.106	0.146
18.03	12.69	0.104	0.146
18.04	12.53	0.102	0.146
18.05	12.16	0.098	0.146
18.06	12.02	0.096	0.147
18.07	11.83	0.094	0.147
18.08	11.67	0.091	0.147
18.09	11.52	0.09	0.147
18.1	11.37	0.088	0.147
18.11	11.24	0.087	0.146
18.12	10.96	0.085	0.146
18.13	10.8	0.084	0.146
18.14	10.69	0.081	0.145
18.15	10.57	0.081	0.145
18.16	10.5	0.08	0.145
18.17	10.42	0.079	0.145
18.18	10.4	0.078	0.145
18.19	10.29	0.077	0.145
18.2	10.27	0.076	0.144
18.21	10.27	0.075	0.144
18.22	10.29	0.073	0.144
18.23	10.31	0.073	0.144
18.24	10.36	0.073	0.144
18.25	10.4	0.073	0.144
18.26	10.46	0.073	0.144
18.27	10.51	0.073	0.144
18.28	10.49	0.071	0.144
18.29	10.42	0.07	0.143
18.3	10.3	0.071	0.143
18.31	10.31	0.072	0.143
18.32	10.33	0.075	0.143
18.33	10.5	0.078	0.143
18.34	10.81	0.08	0.143
18.35	11.21	0.081	0.145
18.36	11.57	0.083	0.145
18.37	11.97	0.084	0.145
18.38	12.37	0.085	0.147
18.39	12.66	0.087	0.149
18.4	12.93	0.089	0.147
18.41	13.26	0.091	0.146
18.42	13.95	0.092	0.142
18.43	14.12	0.092	0.142
18.44	14.24	0.091	0.142
18.45	14.29	0.09	0.143
18.46	14.34	0.089	0.143
18.47	14.36	0.09	0.143
18.48	14.43	0.09	0.144
18.49	14.54	0.092	0.145
18.5	14.67	0.095	0.145
18.51	14.63	0.099	0.145
18.52	14.53	0.1	0.145
18.53	14.39	0.099	0.145
18.54	14.21	0.099	0.145
18.55	14.04	0.1	0.145
18.56	13.88	0.1	0.145
18.57	13.76	0.101	0.146
18.58	13.73	0.102	0.146
18.59	13.74	0.103	0.146
18.6	13.75	0.104	0.146
18.61	13.89	0.106	0.147
18.62	14.05	0.108	0.148
18.63	14.26	0.109	0.148
18.64	14.53	0.108	0.149
18.65	14.92	0.109	0.149
18.66	14.94	0.109	0.149
18.67	14.94	0.111	0.15
18.68	14.99	0.112	0.151
18.69	15.05	0.113	0.15
18.7	15.23	0.115	0.151
18.71	15.51	0.116	0.152
18.72	15.8	0.118	0.153
18.73	16.47	0.12	0.153
18.74	16.82	0.122	0.153
18.75	17.05	0.126	0.154
18.76	17.17	0.128	0.155
18.77	17.2	0.13	0.156
18.78	17.18	0.132	0.156
18.79	17.13	0.134	0.155
18.8	16.98	0.137	0.155
18.81	16.9	0.14	0.155
18.82	16.74	0.143	0.155
18.83	16.6	0.144	0.156
18.84	16.53	0.144	0.156
18.85	16.49	0.144	0.156
18.86	16.49	0.145	0.156
18.87	16.5	0.144	0.156
18.88	16.52	0.143	0.156
18.89	16.61	0.143	0.157
18.9	16.75	0.141	0.158
18.91	16.9	0.141	0.157
18.92	17.08	0.142	0.158
18.93	17.35	0.142	0.157
18.94	17.82	0.145	0.158
18.95	18.04	0.147	0.158
18.96	18.24	0.15	0.159
18.97	18.4	0.152	0.159
18.98	18.5	0.154	0.159
18.99	18.59	0.157	0.159
19	18.63	0.16	0.159
19.01	18.54	0.163	0.159
19.02	18.44	0.169	0.16
19.03	18.33	0.174	0.159
19.04	18.11	0.178	0.16
19.05	17.9	0.182	0.159
19.06	17.62	0.183	0.159
19.07	17.14	0.185	0.159
19.08	16.91	0.184	0.159
19.09	16.63	0.183	0.159
19.1	16.38	0.181	0.159
19.11	16.15	0.178	0.159
19.12	15.95	0.176	0.159
19.13	15.82	0.174	0.159
19.14	15.77	0.171	0.159
19.15	15.77	0.168	0.16
19.16	15.78	0.165	0.16
19.17	15.82	0.163	0.16
19.18	15.87	0.159	0.16
19.19	15.84	0.156	0.161
19.2	15.87	0.154	0.161
19.21	15.83	0.151	0.161
19.22	15.84	0.151	0.161
19.23	15.86	0.15	0.161
19.24	16.04	0.15	0.162
19.25	16.28	0.149	0.162
19.26	16.58	0.146	0.162
19.27	16.83	0.142	0.163
19.28	17.13	0.139	0.163
19.29	17.23	0.138	0.161
19.3	17.29	0.138	0.153
19.31	17.36	0.139	0.137
19.32	17.37	0.141	0.134
19.33	16.84	0.143	0.133
19.34	16.43	0.138	0.134
19.35	15.97	0.132	0.134
19.36	15.65	0.132	0.135
19.37	15.37	0.131	0.137
19.38	15.13	0.132	0.138
19.39	14.95	0.132	0.139
19.4	14.78	0.135	0.139
19.41	14.58	0.137	0.14
19.42	14.33	0.139	0.142
19.43	14.3	0.139	0.143
19.44	14.4	0.138	0.144
19.45	14.5	0.135	0.145
19.46	14.59	0.134	0.146
19.47	14.68	0.132	0.147
19.48	14.81	0.129	0.146
19.49	14.97	0.127	0.147
19.5	15.14	0.128	0.148
19.51	15.41	0.128	0.148
19.52	15.53	0.129	0.148
19.53	15.69	0.131	0.149
19.54	15.76	0.132	0.149
19.55	15.81	0.134	0.15
19.56	15.82	0.135	0.15
19.57	15.66	0.137	0.151
19.58	15.52	0.141	0.151
19.59	15.32	0.142	0.151
19.6	15.13	0.142	0.152
19.61	14.92	0.142	0.152
19.62	14.65	0.142	0.152
19.63	14.45	0.142	0.152
19.64	14.18	0.137	0.152
19.65	14.07	0.135	0.152
19.66	14.06	0.131	0.152
19.67	14.08	0.128	0.152
19.68	14.11	0.126	0.152
19.69	14.17	0.124	0.153
19.7	14.23	0.122	0.153
19.71	14.32	0.12	0.153
19.72	14.29	0.119	0.153
19.73	14.25	0.118	0.153
19.74	14.13	0.117	0.153
19.75	13.99	0.116	0.154
19.76	13.92	0.114	0.154
19.77	13.96	0.112	0.154
19.78	14	0.109	0.154
19.79	14.18	0.107	0.155
19.8	14.39	0.106	0.156
19.81	14.65	0.106	0.157
19.82	14.95	0.104	0.158
19.83	15.21	0.104	0.159
19.84	15.42	0.103	0.159
19.85	15.53	0.104	0.16
19.86	15.74	0.105	0.16
19.87	15.96	0.106	0.16
19.88	16.19	0.108	0.162
19.89	16.43	0.11	0.161
19.9	16.63	0.111	0.161
19.91	16.7	0.112	0.162
19.92	16.78	0.113	0.162
19.93	16.74	0.113	0.162
19.94	16.71	0.113	0.163
19.95	16.68	0.113	0.165
19.96	16.63	0.115	0.164
19.97	16.54	0.116	0.164
19.98	16.47	0.117	0.164
19.99	16.31	0.117	0.165
20	15.86	0.115	0.165
20.01	15.58	0.113	0.165
20.02	15.23	0.11	0.166
20.03	14.91	0.108	0.166
20.04	14.61	0.106	0.167
20.05	14.37	0.106	0.167
20.06	14.38	0.108	0.167
20.07	14.39	0.109	0.168
20.08	14.56	0.111	0.168
20.09	14.58	0.11	0.168
20.1	14.54	0.112	0.169
20.11	14.36	0.114	0.169
20.12	14.03	0.113	0.169
20.13	13.4	0.112	0.169
20.14	12.84	0.109	0.169
20.15	11.75	0.108	0.169
20.16	11.41	0.107	0.169
20.17	11.09	0.104	0.169
20.18	10.93	0.104	0.168
20.19	10.98	0.101	0.168
20.2	11.03	0.101	0.169
20.21	11.35	0.099	0.17
20.22	11.68	0.097	0.17
20.23	12.36	0.095	0.172
20.24	12.28	0.091	0.172
20.25	12.08	0.086	0.172
20.26	11.95	0.085	0.172
20.27	11.83	0.086	0.172
20.28	11.75	0.086	0.17
20.29	11.65	0.088	0.17
20.3	11.51	0.087	0.169
20.31	11.46	0.087	0.169
20.32	11.2	0.085	0.17
20.33	10.87	0.084	0.172
20.34	10.51	0.084	0.171
20.35	10.09	0.085	0.172
20.36	9.71	0.088	0.171
20.37	9.34	0.091	0.17
20.38	9.06	0.094	0.168
20.39	8.8	0.093	0.168
20.4	8.67	0.091	0.169
20.41	8.67	0.09	0.169
20.42	8.73	0.089	0.171
20.43	8.8	0.089	0.174
20.44	8.95	0.089	0.174
20.45	9.14	0.089	0.173
20.46	9.5	0.095	0.172
20.47	9.37	0.095	0.168
20.48	10.53	0.095	0.167
20.49	11.28	0.095	0.166
20.5	11.96	0.093	0.169
20.51	12.82	0.091	0.163
20.52	14.13	0.088	0.159
20.53	14.61	0.087	0.152
20.54	15	0.087	0.147
20.55	15.38	0.086	0.147
20.56	15.7	0.085	0.147
20.57	15.97	0.083	0.155
20.58	16.24	0.083	0.159
20.59	16.24	0.082	0.16
20.6	16.23	0.082	0.16
20.61	16.13	0.083	0.159
20.62	16.02	0.084	0.16
20.63	15.94	0.085	0.16
20.64	15.85	0.086	0.161
20.65	15.81	0.087	0.161
20.66	15.8	0.089	0.161
20.67	15.73	0.089	0.161
20.68	15.66	0.091	0.162
20.69	15.56	0.091	0.161
20.7	15.47	0.093	0.162
20.71	15.4	0.094	0.162
20.72	15.35	0.095	0.164
20.73	15.23	0.095	0.165
20.74	14.88	0.095	0.165
20.75	14.65	0.094	0.165
20.76	14.39	0.094	0.165
20.77	14.14	0.092	0.165
20.78	13.91	0.091	0.164
20.79	13.86	0.091	0.165
20.8	13.87	0.09	0.165
20.81	13.88	0.09	0.165
20.82	14.33	0.09	0.165
20.83	14.59	0.089	0.167
20.84	14.77	0.089	0.168
20.85	14.91	0.09	0.169
20.86	14.99	0.09	0.17
20.87	14.96	0.092	0.171
20.88	14.94	0.094	0.171
20.89	14.83	0.096	0.171
20.9	14.7	0.098	0.171
20.91	14.38	0.099	0.172
20.92	14.21	0.1	0.172
20.93	14.01	0.1	0.171
20.94	13.83	0.099	0.171
20.95	13.69	0.098	0.17
20.96	13.53	0.097	0.171
20.97	13.41	0.095	0.171
20.98	13.35	0.094	0.171
20.99	13.29	0.092	0.171
21	13.32	0.091	0.171
21.01	13.35	0.089	0.171
21.02	13.44	0.087	0.172
21.03	13.43	0.086	0.172
21.04	13.31	0.085	0.171
21.05	13.16	0.084	0.171
21.06	12.97	0.084	0.171
21.07	12.83	0.082	0.17
21.08	12.66	0.082	0.17
21.09	12.66	0.081	0.171
21.1	12.67	0.08	0.171
21.11	12.71	0.079	0.172
21.12	12.76	0.078	0.173
21.13	12.82	0.077	0.173
21.14	12.83	0.077	0.173
21.15	12.83	0.077	0.173
21.16	12.97	0.076	0.173
21.17	13.14	0.076	0.174
21.18	13.37	0.076	0.175
21.19	13.59	0.077	0.176
21.2	13.82	0.078	0.176
21.21	14.08	0.078	0.177
21.22	14.36	0.08	0.177
21.23	15.01	0.082	0.179
21.24	15.29	0.085	0.179
21.25	15.52	0.086	0.179
21.26	15.73	0.088	0.181
21.27	15.91	0.09	0.182
21.28	16.13	0.092	0.183
21.29	16.28	0.095	0.183
21.3	16.47	0.101	0.183
21.31	16.52	0.105	0.183
21.32	16.54	0.108	0.184
21.33	16.52	0.111	0.183
21.34	16.59	0.114	0.183
21.35	16.64	0.116	0.183
21.36	16.74	0.118	0.183
21.37	16.91	0.122	0.184
21.38	16.98	0.091	0.183
21.39	17.13	0.1	0.183
21.4	17.25	0.11	0.183
21.41	17.35	0.111	0.182
21.42	17.47	0.114	0.182
21.43	17.67	0.118	0.183
21.44	17.79	0.125	0.182
21.45	17.88	0.127	0.178
21.46	17.76	0.128	0.167
21.47	17.81	0.129	0.167
21.48	17.86	0.13	0.168
21.49	17.91	0.132	0.17
21.5	17.88	0.135	0.171
21.51	17.88	0.137	0.172
21.52	17.9	0.14	0.174
21.53	17.96	0.141	0.174
21.54	18.04	0.144	0.174
21.55	18.13	0.146	0.176
21.56	18.14	0.148	0.177
21.57	18.08	0.15	0.177
21.58	18.02	0.153	0.179
21.59	17.95	0.155	0.179
21.6	17.88	0.157	0.18
21.61	17.79	0.159	0.18
21.62	17.7	0.16	0.181
21.63	17.42	0.16	0.181
21.64	17.35	0.16	0.182
21.65	17.21	0.159	0.183
21.66	17.15	0.158	0.183
21.67	17.12	0.158	0.183
21.68	17.08	0.158	0.183
21.69	17.05	0.157	0.183
21.7	17.05	0.156	0.183
21.71	17.06	0.155	0.184
21.72	17.15	0.153	0.184
21.73	17.25	0.152	0.185
21.74	17.35	0.152	0.185
21.75	17.41	0.152	0.185
21.76	17.49	0.152	0.185
21.77	17.49	0.153	0.187
21.78	17.5	0.153	0.186
21.79	17.44	0.154	0.186
21.8	17.4	0.154	0.186
21.81	17.26	0.154	0.186
21.82	17.04	0.154	0.186
21.83	16.52	0.154	0.186
21.84	16.26	0.153	0.186
21.85	16.04	0.153	0.186
21.86	15.88	0.151	0.187
21.87	15.73	0.15	0.186
21.88	15.58	0.147	0.186
21.89	15.58	0.145	0.186
21.9	15.59	0.14	0.187
21.91	15.67	0.137	0.188
21.92	15.72	0.132	0.188
21.93	15.76	0.128	0.188
21.94	15.81	0.127	0.187
21.95	15.79	0.128	0.188
21.96	15.84	0.128	0.188
21.97	15.96	0.128	0.188
21.98	16.05	0.128	0.188
21.99	16.09	0.128	0.188
22	16.09	0.127	0.189
22.01	16.12	0.127	0.189
22.02	16.16	0.125	0.19
22.03	16.22	0.125	0.189
22.04	16.28	0.125	0.19
22.05	16.39	0.125	0.191
22.06	16.46	0.126	0.192
22.07	16.58	0.127	0.192
22.08	16.84	0.128	0.192
22.09	17.08	0.13	0.191
22.1	17.34	0.131	0.19
22.11	17.56	0.133	0.192
22.12	17.82	0.132	0.192
22.13	18.17	0.134	0.193
22.14	18.22	0.136	0.192
22.15	18.24	0.138	0.192
22.16	18.25	0.143	0.192
22.17	18.2	0.147	0.192
22.18	18.13	0.149	0.192
22.19	17.89	0.149	0.192
22.2	17.73	0.149	0.192
22.21	17.55	0.149	0.192
22.22	17.32	0.147	0.191
22.23	17.04	0.147	0.191
22.24	16.7	0.144	0.192
22.25	16.39	0.14	0.192
22.26	15.91	0.138	0.191
22.27	15.92	0.13	0.19
22.28	15.94	0.128	0.19
22.29	16.08	0.124	0.189
22.3	16.13	0.121	0.192
22.31	16.37	0.117	0.194
22.32	16.65	0.117	0.195
22.33	16.7	0.116	0.193
22.34	16.81	0.117	0.193
22.35	16.84	0.117	0.193
22.36	16.96	0.119	0.193
22.37	17.07	0.107	0.194
22.38	17.18	0.108	0.194
22.39	17.3	0.108	0.194
22.4	17.55	0.108	0.195
22.41	17.56	0.108	0.194
22.42	17.58	0.114	0.194
22.43	17.42	0.117	0.193
22.44	17.45	0.12	0.195
22.45	17.1	0.122	0.191
22.46	17.08	0.123	0.19
22.47	17.05	0.123	0.19
22.48	16.95	0.123	0.191
22.49	16.85	0.129	0.192
22.5	16.62	0.129	0.193
22.51	16.48	0.128	0.187
22.52	16.31	0.128	0.171
22.53	16.02	0.126	0.173
22.54	15.69	0.125	0.174
22.55	14.97	0.122	0.18
22.56	14.19	0.114	0.178
22.57	13.29	0.103	0.178
22.58	13.14	0.095	0.177
22.59	13.13	0.088	0.177
22.6	12.96	0.08	0.177
22.61	12.98	0.07	0.177
22.62	13	0.061	0.174
22.63	13.56	0.055	0.175
22.64	13.87	0.041	0.176
22.65	13.88	0.036	0.178
22.66	13.85	0.025	0.178
22.67	13.77	0.024	0.178
22.68	13.91	0.023	0.178
22.69	14.06	0.024	0.181
22.7	14	0.024	0.179
22.71	14.04	0.026	0.182
22.72	14.08	0.029	0.188
22.73	14.44	0.031	0.185
22.74	14.95	0.031	0.19
22.75	15.85	0.039	0.192
22.76	16.83	0.044	0.192
22.77	19.4	0.051	0.188
22.78	20.35	0.059	0.179
22.79	20.97	0.065	0.177
22.8	21.96	0.072	0.175
22.81	23.01	0.081	0.171
22.82	24.16	0.085	0.151
22.83	25.92	0.091	0.173
22.84	26.48	0.099	0.143
22.85	27.02	0.109	0.123
22.86	27.35	0.133	0.102
22.87	27.62	0.148	0.08
22.88	27.78	0.164	0.036
22.89	27.69	0.179	0.043
22.9	27.52	0.194	0.049
22.91	27.25	0.204	0.056
22.92	27	0.226	0.06
22.93	26.18	0.229	0.068
22.94	25.83	0.232	0.073
22.95	25.47	0.237	0.076
22.96	25.31	0.245	0.078
22.97	25.47	0.256	0.08
22.98	25.64	0.262	0.083
22.99	25.92	0.263	0.089
23	26.21	0.258	0.093
23.01	26.3	0.254	0.093
23.02	26.14	0.238	0.096
23.03	25.92	0.206	0.089
23.04	25.44	0.196	0.003
23.05	24.86	0.196	-0.016
23.06	24.39	0.197	-0.025
23.07	23.96	0.199	-0.031
23.08	23.54	0.201	-0.036
23.09	23.16	0.196	-0.037
23.1	22.67	0.191	-0.036
23.11	22.47	0.183	-0.035
23.12	22.33	0.177	-0.032
23.13	22.35	0.176	-0.029
23.14	22.37	0.175	-0.027
23.15	22.69	0.173	-0.026
23.16	22.66	0.169	-0.024
23.17	22.34	0.165	-0.025
23.18	21.94	0.154	-0.037
23.19	21.47	0.151	-0.037
23.2	20.87	0.148	-0.038
23.21	20.36	0.142	-0.038
23.22	19.85	0.14	-0.039
23.23	18.82	0.141	-0.039
23.24	18.35	0.139	-0.039
23.25	17.89	0.138	-0.036
23.26	17.6	0.138	-0.035
23.27	17.3	0.139	-0.034
23.28	17.09	0.139	-0.032
23.29	16.87	0.14	-0.03
23.3	16.68	0.143	-0.029
23.31	16.41	0.09	-0.028
23.32	16.23	0.114	-0.026
23.33	16.06	0.124	-0.025
23.34	15.97	0.135	-0.023
23.35	15.97	0.138	-0.022
23.36	16.15	0.139	-0.02
23.37	16.32	0.139	-0.018
23.38	16.67	0.139	-0.015
23.39	16.71	0.139	0.01
23.4	16.76	0.139	0.015
23.41	18.38	0.133	0.018
23.42	19.06	0.125	0.018
23.43	19.77	0.12	0.012
23.44	20.48	0.12	0.003
23.45	21.18	0.121	-0.007
23.46	22.57	0.122	-0.028
23.47	23.31	0.126	-0.034
23.48	24.16	0.133	-0.036
23.49	24.77	0.139	-0.036
23.5	25.17	0.165	-0.035
23.51	25.21	0.175	-0.035
23.52	24.93	0.182	-0.031
23.53	24.4	0.192	-0.029
23.54	23.56	0.204	-0.029
23.55	22.45	0.223	-0.027
23.56	20.76	0.225	-0.026
23.57	19.92	0.226	-0.022
23.58	19.26	0.231	-0.022
23.59	18.75	0.235	-0.02
23.6	18.75	0.235	-0.018
23.61	18.76	0.233	-0.017
23.62	20.74	0.231	-0.014
23.63	22.18	0.224	-0.01
23.64	23.19	0.214	-0.006
23.65	24	0.182	-0.003
23.66	24.67	0.173	-0.003
23.67	24.84	0.166	-0.006
23.68	24.91	0.164	-0.016
23.69	24.89	0.165	-0.019
23.7	24.89	0.165	-0.021
23.71	24.42	0.171	-0.021
23.72	24.03	0.178	-0.021
23.73	23.54	0.18	-0.02
23.74	23.07	0.186	-0.02
23.75	22.78	0.193	-0.019
23.76	22.5	0.195	-0.017
23.77	22.39	0.195	-0.017
23.78	22.18	0.194	-0.015
23.79	21.81	0.191	-0.011
23.8	21.45	0.186	-0.01
23.81	20.93	0.175	-0.01
23.82	20.39	0.168	-0.009
23.83	19.9	0.164	-0.008
23.84	18.84	0.16	-0.012
23.85	18.53	0.156	-0.018
23.86	18.45	0.151	-0.019
23.87	18.46	0.146	-0.02
23.88	18.38	0.14	-0.02
23.89	18.23	0.131	-0.02
23.9	17.96	0.117	-0.018
23.91	17.98	0.114	-0.018
23.92	17.99	0.11	-0.022
23.93	18.13	0.107	-0.025
23.94	18.57	0.105	-0.028
23.95	18.99	0.105	-0.031
23.96	19.93	0.106	-0.031
23.97	20.43	0.108	-0.031
23.98	20.87	0.114	-0.03
23.99	21.3	0.123	-0.03
24	21.85	0.14	-0.029
24.01	22.79	0.15	-0.027
24.02	23.2	0.158	-0.023
24.03	23.52	0.166	-0.021
24.04	23.81	0.181	-0.019
24.05	24.29	0.188	-0.018
24.06	24.39	0.194	-0.016
24.07	24.47	0.2	-0.013
24.08	24.56	0.203	-0.011
24.09	24.59	0.213	-0.009
24.1	24.56	0.217	-0.008
24.11	24.56	0.219	-0.007
24.12	24.59	0.22	-0.004
24.13	24.62	0.221	-0.002
24.14	24.69	0.221	-0.001
24.15	24.55	0.222	0
24.16	24.35	0.222	0.002
24.17	24.06	0.221	0.005
24.18	23.79	0.221	0.005
24.19	23.15	0.221	0.005
24.2	22.81	0.221	0.007
24.21	22.39	0.221	0.008
24.22	21.86	0.218	0.011
24.23	21.31	0.215	0.013
24.24	20.71	0.212	0.014
24.25	20.09	0.208	0.015
24.26	18.86	0.204	0.016
24.27	18.31	0.197	0.019
24.28	17.78	0.194	0.021
24.29	17.3	0.177	0.021
24.3	16.87	0.161	0.023
24.31	16.37	0.153	0.024
24.32	15.4	0.145	0.026
24.33	15.03	0.129	0.026
24.34	14.78	0.122	0.028
24.35	14.61	0.115	0.029
24.36	14.32	0.112	0.064
24.37	14.03	0.108	0.062
24.38	13.87	0.103	0.062
24.39	13.7	0.1	0.062
24.4	13.29	0.102	0.051
24.41	13.05	0.102	0.042
24.42	13.04	0.102	0.04
24.43	13.03	0.103	0.036
24.44	13.08	0.103	0.032
24.45	13.13	0.102	0.027
24.46	13.64	0.101	0.027
24.47	14.92	0.09	-0.002
24.48	15.56	0.085	-0.027
24.49	15.97	0.084	-0.044
24.5	16.17	0.085	-0.05
24.51	16.22	0.085	-0.054
24.52	16.28	0.087	-0.055
24.53	16.08	0.091	-0.055
24.54	15.8	0.095	-0.054
24.55	15.53	0.098	-0.053
24.56	15.42	0.101	-0.052
24.57	15.31	0.102	-0.051
24.58	15.3	0.103	-0.05
24.59	15.35	0.1	-0.049
24.6	15.4	0.098	-0.048
24.61	15.52	0.092	-0.047
24.62	15.57	0.087	-0.046
24.63	15.62	0.084	-0.047
24.64	15.51	0.082	-0.05
24.65	15.36	0.08	-0.05
24.66	15.29	0.076	-0.054
24.67	15.21	0.076	-0.054
24.68	15.04	0.076	-0.054
24.69	14.85	0.077	-0.054
24.7	14.49	0.08	-0.053
24.71	13.78	0.082	-0.051
24.72	13.48	0.084	-0.051
24.73	13.16	0.084	-0.049
24.74	12.83	0.085	-0.05
24.75	12.52	0.088	-0.048
24.76	12.25	0.09	-0.047
24.77	11.94	0.091	-0.046
24.78	11.59	0.091	-0.045
24.79	11.37	0.09	-0.045
24.8	10.98	0.088	-0.044
24.81	10.93	0.084	-0.043
24.82	10.95	0.079	-0.042
24.83	10.98	0.071	-0.043
24.84	11.04	0.055	-0.043
24.85	11.02	0.055	-0.044
24.86	10.87	0.056	-0.046
24.87	10.66	0.057	-0.046
24.88	10.46	0.058	-0.046
24.89	10.24	0.057	-0.046
24.9	10.11	0.057	-0.045
24.91	9.94	0.056	-0.045
24.92	9.74	0.057	-0.043
24.93	9.56	0.057	-0.042
24.94	9.44	0.058	-0.041
24.95	9.32	0.06	-0.039
24.96	9.17	0.06	-0.039
24.97	9.08	0.061	-0.038
24.98	9.06	0.057	-0.036
24.99	9.11	0.053	-0.035
25	9.15	0.044	-0.034
25.01	9.15	0.038	-0.033
25.02	9.07	0.034	-0.031
25.03	8.97	0.034	-0.031
25.04	8.69	0.034	-0.033
25.05	8.38	0.033	-0.032
25.06	8.06	0.033	-0.032
25.07	7.68	0.032	-0.031
25.08	7.35	0.031	-0.029
25.09	7.02	0.028	-0.027
25.1	6.48	0.026	-0.027
25.11	6.16	0.026	-0.026
25.12	5.75	0.026	-0.024
25.13	5.25	0.025	-0.022
25.14	4.8	0.024	-0.02
25.15	4.34	0.022	-0.018
25.16	3.93	0.021	-0.016
25.17	3.55	0.019	-0.014
25.18	3.19	0.01	-0.011
25.19	2.9	0.008	-0.009
25.2	2.68	0.006	-0.005
25.21	2.49	0.006	-0.002
25.22	2.28	0.004	0.003
25.23	1.92	0.004	0.007
25.24	1.77	0.003	0.011
25.25	1.63	0.003	0.016
25.26	1.54	0.003	0.021
25.27	1.52	0.003	0.035
25.28	1.52	0.002	0.043
25.29	1.54	0.002	0.05
25.3	1.55	0.002	0.057
25.31	1.55	0.002	0.064
25.32	1.55	0.002	0.072
25.33	1.53	0.002	0.081
25.34	1.49	0.002	0.089
25.35	1.46	0.003	0.099
25.36	1.45	0.003	0.108
25.37	1.43	0.004	0.12
25.38	1.44	0.004	0.134
25.39	1.45	0.005	0.164
25.4	1.46	0.005	0.179
25.41	1.49	0.005	0.195
25.42	1.45	0.005	0.486
25.43	1.45	0.005	0.51
25.44	1.45	0.005	0.538
25.45	1.44	0.005	0.559
25.46	1.42	0.005	0.576
25.47	1.43	0.005	0.598
25.48	1.42	0.006	0.615
25.49	1.41	0.006	0.629
25.5	1.4	0.006	0.643
25.51	1.4	0.007	0.655
25.52	1.38	0.007	0.663
25.53	1.39	0.006	0.673
25.54	1.38	0.006	0.688
25.55	1.37	0.006	0.691
25.56	1.38	0.006	0.695
25.57	1.37	0.007	0.725
25.58	1.38	0.007	0.733
25.59	1.36	0.007	0.742
25.6	1.36	0.007	0.753
25.61	1.37	0.007	0.766
25.62	1.38	0.007	0.777
25.63	1.38	0.007	0.785
25.64	1.39	0.007	0.794
25.65	1.4	0.007	0.804
25.66	1.38	0.007	0.81
25.67	1.37	0.007	0.816
25.68	1.37	0.007	0.819
25.69	1.35	0.007	0.823
25.7	1.34	0.007	0.821
25.71	1.33	0.007	0.827
25.72	1.32	0.007	0.843
25.73	1.31	0.007	0.851
25.74	1.32	0.007	0.852
25.75	1.33	0.007	0.85
25.76	1.35	0.007	0.851
25.77	1.37	0.007	0.851
25.78	1.35	0.007	0.855
25.79	1.35	0.007	0.861
25.8	1.35	0.007	0.868
25.81	1.35	0.007	0.869
25.82	1.35	0.007	0.871
25.83	1.35	0.007	0.875
25.84	1.33	0.007	0.872
25.85	1.33	0.007	0.87
25.86	1.34	0.007	0.87
25.87	1.35	0.007	0.87
25.88	1.33	0.007	0.869
25.89	1.33	0.007	0.856
25.9	1.33	0.007	0.855
25.91	1.33	0.007	0.857
25.92	1.33	0.007	0.859
25.93	1.32	0.007	0.866
25.94	1.31	0.008	0.862
25.95	1.31	0.008	0.865
25.96	1.31	0.008	0.873
25.97	1.31	0.008	0.871
25.98	1.31	0.008	0.872
25.99	1.31	0.008	0.874
26	1.31	0.009	0.872
26.01	1.31	0.009	0.874
26.02	1.31	0.009	0.876
26.03	1.31	0.01	0.881
26.04	1.31	0.01	0.874
26.05	1.31	0.011	0.856
26.06	1.29	0.011	0.843
26.07	1.29	0.011	0.825
26.08	1.28	0.011	0.822
26.09	1.27	0.011	0.826
26.1	1.28	0.011	0.831
26.11	1.28	0.011	0.835
26.12	1.27	0.012	0.848
26.13	1.27	0.012	0.86
26.14	1.29	0.012	0.883
26.15	1.32	0.014	0.9
26.16	1.35	0.015	0.9
26.17	1.38	0.015	0.895
26.18	1.4	0.015	0.877
26.19	1.43	0.016	0.854
26.2	1.47	0.017	0.84
26.21	1.51	0.018	0.834
26.22	1.51	0.019	0.845
26.23	1.54	0.02	0.856
26.24	1.58	0.023	0.881
26.25	1.66	0.027	0.891
26.26	1.77	0.03	0.936
26.27	1.92	0.046	0.964
26.28	2.1	0.048	1.005
26.29	2.42	0.059	1.004
26.3	2.73	0.068	1.002
26.31	2.93	0.078	0.999
26.32	2.98	0.089	0.915
26.33	3.03	0.099	0.765
26.34	2.99	0.108	0.614
26.35	2.94	0.121	0.626
26.36	2.92	0.129	0.637
26.37	2.91	0.134	0.715
26.38	2.94	0.145	0.76
26.39	2.96	0.153	0.83
26.4	2.98	0.16	0.96
26.41	2.95	0.165	1.041
26.42	2.95	0.169	1.108
26.43	2.98	0.171	1.078
26.44	3	0.17	0.971
26.45	3.03	0.169	0.967
26.46	3.07	0.165	0.998
26.47	3.14	0.175	1.029
26.48	3.22	0.185	1.141
26.49	3.32	0.199	1.233
26.5	3.43	0.211	1.299
26.51	3.47	0.221	1.339
26.52	3.58	0.227	1.307
26.53	3.69	0.231	1.178
26.54	3.87	0.236	1.085
26.55	3.84	0.242	0.924
26.56	3.75	0.249	0.923
26.57	3.63	0.257	0.922
26.58	3.44	0.265	0.815
26.59	3.25	0.279	0.745
26.6	3.1	0.279	0.622
26.61	2.92	0.277	0.538
26.62	2.75	0.274	0.468
26.63	2.57	0.264	0.4
26.64	2.42	0.255	0.33
26.65	2.21	0.248	0.311
26.66	2.15	0.24	0.314
26.67	2.12	0.232	0.317
26.68	2.14	0.221	0.365
26.69	2.15	0.212	0.411
26.7	2.3	0.204	0.423
26.71	2.47	0.197	0.486
26.72	2.64	0.188	0.572
26.73	2.8	0.176	0.624
26.74	3.01	0.164	0.693
26.75	3.46	0.155	0.783
26.76	3.76	0.147	0.783
26.77	4.05	0.14	0.579
26.78	4.19	0.13	0.485
26.79	4.26	0.12	0.436
26.8	4.34	0.093	0.404
26.81	4.32	0.079	0.381
26.82	4.19	0.065	0.37
26.83	4.14	0.052	0.37
26.84	3.99	0.042	0.39
26.85	3.75	0.033	0.411
26.86	3.7	0.025	0.422
26.87	3.59	0.026	0.413
26.88	3.51	0.026	0.388
26.89	3.39	0.026	0.346
26.9	3.27	0.027	0.346
26.91	3.13	0.027	0.349
26.92	2.99	0.027	0.352
26.93	2.88	0.028	0.36
26.94	2.76	0.028	0.373
26.95	2.68	0.028	0.409
26.96	2.67	0.028	0.411
26.97	2.67	0.028	0.425
26.98	2.67	0.029	0.435
26.99	2.68	0.03	0.495
27	2.74	0.03	0.512
27.01	2.78	0.033	0.552
27.02	2.87	0.038	0.568
27.03	3.05	0.042	0.588
27.04	3.29	0.048	0.615
27.05	3.75	0.057	0.65
27.06	5.64	0.067	0.633
27.07	6.93	0.075	0.527
27.08	8.38	0.095	0.403
27.09	9.83	0.103	0.133
27.1	10.93	0.113	0.035
27.11	11.81	0.123	-0.008
27.12	12.6	0.129	-0.027
27.13	13.3	0.137	-0.039
27.14	13.9	0.142	-0.046
27.15	15.69	0.149	-0.043
27.16	17.22	0.15	-0.041
27.17	19.11	0.151	-0.043
27.18	20.95	0.153	-0.047
27.19	22.39	0.16	-0.051
27.2	24.86	0.157	-0.055
27.21	26.27	0.153	-0.059
27.22	27.06	0.156	-0.064
27.23	27.86	0.154	-0.063
27.24	28.8	0.152	-0.062
27.25	29.24	0.143	-0.061
27.26	29.29	0.14	-0.064
27.27	29.99	0.137	-0.067
27.28	30.43	0.138	-0.067
27.29	30.01	0.139	-0.068
27.3	29.43	0.142	-0.065
27.31	29.42	0.145	-0.062
27.32	29.14	0.142	-0.063
27.33	29.07	0.071	-0.06
27.34	29.14	0.095	-0.061
27.35	29.21	0.118	-0.061
27.36	29.11	0.119	-0.061
27.37	29.1	0.132	-0.062
27.38	29.16	0.139	-0.062
27.39	29.22	0.151	-0.062
27.4	29.31	0.155	-0.016
27.41	29.02	0.158	0.029
27.42	29.19	0.162	0.047
27.43	29.37	0.167	-0.003
27.44	29.87	0.174	-0.014
27.45	30.37	0.178	-0.021
27.46	31.59	0.178	-0.026
27.47	32.31	0.184	-0.028
27.48	32.99	0.19	-0.03
27.49	33.66	0.191	-0.032
27.5	34.83	0.2	-0.032
27.51	35.39	0.244	-0.036
27.52	36.08	0	-0.038
27.53	36.69	0	-0.04
27.54	37.7	0	-0.04
27.55	40.55	0	-0.04
27.56	42.88	0	-0.04
27.57	46.2	0	-0.04
27.58	55.45	0	-0.038

