Vs30	standDev	lowerBound	upperBound
201.64566764998185 0.4483275611632814 128.79016800895445 315.71490208149925
205.29439317241338 0.38143770152055356 140.19121493932036 300.6307341460134
182.03280050803212 0.446709032774973 116.45184741296427 284.5462841245411
204.86334554141825 0.3139620024842102 149.66225877640565 280.4246754629296
228.50574449192032 0.451679139058006 145.45724737624386 358.9705993180682
179.63888228776833 0.40507666319950714 119.80578376770045 269.35367404439677
199.20318067996485 0.43286249238937236 129.2130793911758 307.10441528045993
184.00411575100017 0.4953584859995335 112.12335392651775 301.9666592875614
224.5967756426035 0.28737302850584495 168.49964748218247 299.3698347908296
232.7621976820447 0.4174164620574082 153.33128768231833 353.3410661888217
234.80173135145537 0.32377155916724004 169.85920745821838 324.5738271750873
243.80292927748403 0.4020978495002668 163.0835070091305 364.47504357969217
247.0010716415731 0.41029132655890016 163.8745750080524 372.2940510392641
221.9907225413378 0.40035177036185643 148.75249542967626 331.2877592545841
168.58173999876973 0.3839978058294105 114.82657311058657 247.50197006787258
176.76011763061416 0.4023487173981095 118.20788696596178 264.31518223302106
178.37555307795336 0.3771415572813515 122.33334064539655 260.0913027307497
212.07468078326394 0.3513994556719532 149.23750419989955 301.3697560170909
155.76735001842732 0.36911859453403173 107.6887318689387 225.31110647020003
152.70439352306047 0.43516176195305717 98.82417115108997 235.96081332768665
170.21616963570995 0.4329772564586936 110.39799350486825 262.44629531400994
161.2320087107924 0.3884412840098523 109.33352705452604 237.76568206706264
178.61809480001833 0.3520711286347523 125.60962073954873 253.99665727947766
166.3322071857462 0.3791481577327429 113.84511439051654 243.0179221602738
178.50088306387252 0.40289513069377786 119.30681085798861 267.06409320175715
160.6263588501263 0.4489404388308587 102.52846594409932 251.645500787232
155.05715026998627 0.492895709424793 94.71743121144726 253.83627429861482
149.16109914273767 0.3977935170279096 100.20653510568006 222.0317614415595
178.65350629887817 0.439583056670371 115.10734804780333 277.2809542934512
157.71229333824945 0.3271999862167816 113.70102988898475 218.75938585864768
181.17692666959448 0.3082963878888804 133.110240568936 246.6007019230046
156.17145032511962 0.3652270863816615 108.38908129924295 225.01825464611298
166.87608861671222 0.37700924761270166 114.46193302657956 243.2916185815788
207.07760129072145 0.4861342091324161 127.35257223082284 336.7119501803091
191.0262113619871 0.3076865572714226 140.43209939382677 259.8480944515359
168.25906855488344 0.33681964732039393 120.14330264785987 235.6445471949183
184.15225649447558 0.3072046655079713 135.44399459770105 250.3769448969183
192.2830224495833 0.3039899623843872 141.87954167354332 260.5926145956912
195.03924282273854 0.3548810058154858 136.7726116279116 278.1280973441922
197.85883518056812 0.3336564034490098 141.72625556566996 276.22347392697213
192.71066199582674 0.32725380496312695 138.92526107737092 267.31926907221765
179.64784323904152 0.3736375493736875 123.63837309386285 261.03018644493324
151.9924311687634 0.3415472587098705 108.01644304524653 213.87205948740885
184.54580949657162 0.3539172775578262 129.53879933861356 262.91084969623455
127.24487467636374 0.34414638151439253 90.19436884943775 179.515177476675
201.2527792744169 0.4914818819958652 123.11019446558862 328.99534714810585
226.23419959342428 0.45399138740878275 143.67867127183024 356.22484960794657
225.8731968589877 0.43760599397934963 145.81923993090814 349.8763337641358
215.81022627759967 0.39253184045563366 145.7463233234048 319.55559978444853
205.6089414564125 0.38961383997625676 139.26271458246336 303.5632109683862
221.9246137509168 0.3542895179417797 155.71824128023908 316.27979987174183
230.94100965366914 0.4294420557646712 150.3130700432106 354.81778081256834
191.86822057269165 0.46569116080181827 120.43589556888958 305.66812238028893
240.95874965179107 0.3349673016674215 172.37260707050342 336.83495318955454
231.03092493838147 0.2761216381916271 175.28793024530492 304.5006476098413
230.82987133470974 0.3386008752885558 164.52788609361176 323.85044727361554
221.14557139587728 0.38176914146919466 150.96560619141678 323.95036844352165
246.5622980883808 0.3823179311140101 168.22405658759726 361.3809348781667
209.80794148071456 0.4035039278990885 140.14654427448087 314.09531027865927
172.9555914029336 0.3338251887015905 123.86715686741925 241.49772509557536
208.1621875550679 0.3748513715598065 143.08890525670276 302.8291833666221
200.31040783099604 0.4324829006798856 129.98061212781158 308.6941877605967
182.9256524756503 0.3303372176661991 131.46525313674104 254.52956986921666
211.41220756356873 0.3136522904628683 154.4943502311355 289.2993914666398
254.07741831579983 0.40947015742224163 168.70790717492676 382.6455770747424
190.85269388207985 0.28938741394792206 142.89562666783266 254.90458743512028
178.83125948658727 0.3085194327357286 131.35758278307642 243.46230108673538
159.83720162494066 0.41561352762827947 105.4822064834791 242.20133304941186
205.9893857664389 0.3377322962167883 146.94999308963986 288.7487515739548
181.72853064109165 0.39166668038897084 122.83565248722988 268.85727539407594
185.2473824683183 0.28245883186448056 139.66312912689608 245.7097512127469
206.0661526636452 0.31856440497081195 149.84970748413144 283.37232008339697
156.3637728099433 0.31781425082798653 113.7918518828656 214.86274318241522
144.40711212497666 0.37783898271090616 98.9680920321134 210.708457686635
156.12435567612184 0.3457938522274586 110.48270459834517 220.62108747154338
175.5443811411913 0.38621414314122055 119.30434530562734 258.29595452958193
168.3590768408031 0.3643233100399359 116.95342172307801 242.3595508116225
128.1513509842468 0.30944040220436164 94.04483087316557 174.6270220979645
129.30647916588396 0.25973910415936696 99.7279810371988 167.6577163237718
137.9757878207439 0.2955314721583403 102.67275012674729 185.4174355050759
139.0580677616739 0.36504980748267557 96.52883693960784 200.3250719959295
139.1328893562217 0.32648379647726544 100.3782668786593 192.85012087338785
138.86150286834086 0.2714029392615854 105.85541090739106 182.1590111791619
185.46791987101355 0.3196635637570207 134.72266938739938 255.32710610392633
192.4981370101181 0.3712037616733169 132.80510985663335 279.02188998878614
162.42680328497346 0.3662664295687543 112.61343552334135 234.27458990812153
200.8469849091394 0.341374087836661 142.76062280316862 282.56749343767024
183.8288952804619 0.34804481291844314 129.79555972510414 260.35607698449667
168.12431257398683 0.34758402310040853 118.76178005621229 238.004048651821
143.3217216361084 0.34999056761753533 100.99806288281086 203.38128580319622
151.10982501503955 0.4178035892291268 99.5045429786017 229.47876079372907
145.16167432379106 0.33177046347968864 104.17557044544698 202.2730626996757
104.56532090520282 0.33470581850470227 74.82156443756134 146.13308901249195
202.67092755842572 0.3571217177897103 141.80627979831752 289.6592797992572
192.40084074345143 0.3533555832852684 135.12838475417826 273.9475024890529
221.33132708613437 0.344919999355113 156.76389141320814 312.49260214257436
193.32863049044022 0.3603381548982171 134.83520574965115 277.19733254759274
147.48682666543422 0.31456001123930316 107.68161347982847 202.00629742527616
140.4677828551958 0.3126895064351486 102.7489518676485 192.03308317607255
131.56299394929272 0.28867196929174893 98.57461844630336 175.59105629539192
156.81181826598842 0.44353109647570194 100.63653675967464 244.34412331385633
162.88272820580573 0.3079536523245951 119.71056017516648 221.6244173358242
142.51538899588732 0.359042026347585 99.52490959128382 204.0759060626955
147.46608117825977 0.36474121854622776 102.3969546764854 212.3719906200194
157.98079236580656 0.4151234546531635 104.30820264893616 239.27102684845886
154.61158488633555 0.3145686105788452 112.88250029758774 211.7665901981744
151.63421838776827 0.31712211027074566 110.42637976281569 208.2195960372498
159.15519451286934 0.33576710462461823 113.7624710779382 222.66021211050813
151.43493954372576 0.38333785246870844 103.21541770843609 222.1813506523992
159.55442679269586 0.27615518080449747 121.0531756236941 210.30109270559987
151.36642240435782 0.3519104720587566 106.46252695586776 215.20993805634706
158.61472954411204 0.35487992889078124 111.22979074062202 226.1860987136035
159.37960668937632 0.4027720378960094 106.53960376012532 238.42644549019303
158.89364812295207 0.3776765397243116 108.9139977106092 231.8085089567986
156.70301768108038 0.4021459296774738 104.8160047383438 234.2756319672425
150.967282069213 0.3763242463889399 103.62088393662465 219.94717077789602
192.34614656115937 0.30506092436759435 141.77420283761677 260.9574898425077
157.63935712216318 0.4007307004970662 105.59163706568668 235.3421881169437
176.76503032578194 0.4023349860453792 118.21279552902729 264.3188988657505
166.8611301979802 0.33132162832222867 119.80198831053154 232.40546474719648
162.15524257882498 0.3293441552077721 116.65373405150912 225.40489517624158
146.05803228528967 0.3112247362296145 106.99469865027979 199.3832317316866
150.24431522843537 0.3465588664529278 106.24033838560756 212.4744198058718
156.44461344659302 0.36920024612478414 108.1481226541522 226.30921809639216
188.1711370880561 0.35687157178543055 131.69389872793394 268.86877201625026
177.0317420841326 0.3734700118279354 121.85831757051218 257.1858723324986
167.61847856361877 0.40002840776032256 112.35483447264434 250.0644897734507
175.15705345589825 0.4276670876888287 114.20738154027303 268.6340669191656
204.6284628892836 0.4080788483082703 136.062877076625 307.7460121679616
179.53392695283736 0.3968900437965424 120.72004103348583 267.00149081432113
189.98969492269597 0.3251844188342225 137.24743814516023 263.0000578855392
175.3535981877919 0.32987616051008906 126.08147637884448 243.8810623141229
157.41618579145356 0.3517850981978626 110.73146817976836 223.78331974159576
165.3507749986944 0.331604278476598 118.68404142392733 230.36693446434
179.87771414610322 0.39196006717114845 121.54896515546646 266.1971823868881
178.83089597081678 0.377868430257854 122.55650804805457 260.9448479160773
165.0675944585696 0.4473796203940137 105.52790633930712 258.2000504466531
139.70685736884528 0.3811093770946682 95.43419709658859 204.51794628842313
162.03460976008068 0.31111738443103576 118.71107129282395 221.1690491389638
161.22107435861577 0.366595886541901 111.74066208260702 232.61214255318208
195.69842116241568 0.26949062805031815 149.4682773501234 256.22742647759975
179.28293925796555 0.3024601183828931 132.48972639325362 242.60275256038292
166.70565321448998 0.47201529299420913 103.98164661290768 267.2661543543973
145.12551274601856 0.30771493016199886 106.68537079786836 197.4161433032729
156.1255292535599 0.37066526474547873 107.76954381276566 226.1787516429745
171.72854486408562 0.3416500997741045 122.02975431093157 241.6680529077691
162.49892253930275 0.3271513958733164 117.15759278362061 225.38786602762997
162.77512001269056 0.2598392386718467 125.52819287215642 211.07401523839573
176.58139724542056 0.2890189625589671 132.25911378885417 235.75683338483637
159.03902297965396 0.3422779823111646 112.94168429772928 223.95106808967114
175.9990814579678 0.4091990219813139 116.89542761330215 264.98621294682255
177.64607151212127 0.34048476036619757 126.3819218591622 249.70443762405756
213.50349954399175 0.39530909489514293 143.78859476248206 317.0191933013117
219.34832262208658 0.3180804145766502 159.5856176480174 301.4913708780616
219.16619850533445 0.3469904779951275 154.90931191776616 310.0770507119579
189.54751047782366 0.26931020850485116 144.79652767462179 248.12928393612142
180.62965856500412 0.33161275458842127 129.64968667838124 251.65562979143266
166.91542601081898 0.3526505417492782 117.31196000808436 237.49291579863817
162.98996356926398 0.36643410232544904 112.9849386325052 235.12627918237584
190.72749787551018 0.33883210743781833 135.91281162973294 267.6493702812544
201.49902471887592 0.44761630346503933 128.7880767804845 315.2609929245459
179.77451105917174 0.4161549991238254 118.57531758693649 272.5598841670307
154.50506710686065 0.37889946552997755 105.77639946243852 225.68187122092814
203.70247137951296 0.3667055931289698 141.16859177717652 293.93717344448277
136.63897339054515 0.29780503588988105 101.44706961928752 184.0389192047442
130.09934093054417 0.40215972015488266 87.02005414298962 194.50503308984113
141.33426689404382 0.3418539756816828 100.41120415922349 198.93571803801473
163.35930091996974 0.37167286922339887 112.64927216196003 236.89688077783057
172.1969543886848 0.3615515456912184 119.95148383667167 247.19820174224168
182.41545072367396 0.30870246035816334 133.96577027490497 248.387305163388
194.83581817220931 0.4807895191412033 120.4660206292166 315.1178717829043
160.73347589322347 0.3998182764380428 107.7624521576288 239.74259823752985
194.81730933303353 0.35820236543655076 136.16397782885946 278.7358640731391
220.75814833121416 0.34601040130010213 156.18752201310588 312.0233897464421
207.77601212716004 0.3224329554433873 150.50972187055913 286.8311141561566
170.81146938147094 0.30561755339217345 125.83139509114412 231.87025822231087
194.54562312414032 0.2529384662002563 151.06772339032298 250.536637657336
128.5087123987951 0.30530736482277987 94.69766451760003 174.39172598947195
104.18737558418461 0.2437560014546198 81.64944033086705 132.94652341929498
150.78518336712148 0.29772156440736136 111.95921271777917 203.07548589474803
149.08535799231242 0.28375886086462415 112.25355017132428 198.00214722628698
153.6765594215697 0.462081055361294 96.81181812606988 243.94216917708812
149.60558417947237 0.29412289500204897 111.48382323100161 200.76303600841356
166.81405709034144 0.3672771952688075 115.53835655613807 240.84581495166987
165.4552641541151 0.2728942742596698 125.94012263178938 217.3687293948846
165.32867461514206 0.41111632802566767 109.5980006280976 249.39844242917715
154.55585154117048 0.31909794786573986 112.3318662820788 212.65124524533334
148.61111486610184 0.3409708312858912 105.6743394236689 208.993626855822
155.65282313605886 0.3014042143783019 115.14864052383659 210.40458002810615
186.2113350965105 0.3796524562681741 127.38701089513285 272.19934807144284
152.8437083032622 0.2839422802592451 115.06228663758941 203.0308961395252
136.1553662529119 0.3185208861270781 99.01543494191822 187.2262013527388
153.06021181828007 0.36452511149641936 106.30435715908563 220.38069810061825
148.73809644863366 0.2713955262302222 113.38527027687844 195.11371522191774
120.34505756299625 0.36114916802739777 83.86546671136328 172.6924495595577
180.34568637999433 0.33535768644939934 128.96200196575657 252.20271165228624
192.11205056779733 0.3472862832442526 135.7469533223351 271.8811661704635
194.9886215949546 0.40063660975983045 130.6216003440767 291.0740830869363
200.97833967420073 0.4258122251605821 131.28688811343085 307.66433418164183
204.38525624016745 0.31131469333885126 149.70879349644838 279.03058993892665
182.22822071543152 0.3852847297654743 123.96200802143242 267.88146590341375
185.54202439877992 0.38844289239131263 125.81826325317984 273.61562564826903
188.62337501189995 0.43584370901662417 121.98628167458966 291.6621206291845
188.5621630806414 0.3097870011693001 138.3298055197059 257.0356345985414
204.8537371544581 0.33967848696269787 145.85569758410344 287.71624503698155
195.85872784598666 0.3671304751459896 135.67511233283466 282.73896821506196
237.6627417633304 0.40512962196649044 158.4949917971093 356.37453387024743
185.76117931332595 0.4995825817964562 112.71689090160332 306.14059227379545
192.01600035138537 0.38892406825447856 130.14570564457375 283.29897024520426
180.3745182555996 0.44298537066278587 115.82147252589394 280.90617505027717
157.00543221360584 0.4082105095413864 104.38332028455126 236.15560108054424
160.46139973355952 0.38665826502997613 109.00515214668705 236.2077415368822
177.67949032667192 0.37101525123566614 122.60478595043014 257.4940369416726
189.0065780849402 0.4122091968731398 125.15745971113053 285.4283447573171
176.73112868607134 0.4487709454023049 112.82732868301186 276.8291353808815
176.29515624988332 0.38639261490261756 119.79320920565284 259.4469446412004
163.07632999622183 0.45704821963126135 103.2517472019785 257.56357762173593
152.18281507621228 0.37790387448707863 104.29033104716734 222.0686133793768
184.66937805484517 0.36773066832850293 127.84727816807981 266.74622784169617
171.50759551876166 0.4098903913053068 113.83353512772563 258.402370510786
166.77724049262184 0.3958844991656231 112.25516439790738 247.7805639991768
184.88593183725544 0.37129420357139575 127.54188834441311 268.01240153370844
158.46324250603848 0.3495795425054579 111.71412081827874 224.77551666341296
191.5940141535116 0.4509623576979212 122.0482265216499 300.76853474756865
213.8346017976887 0.42949293170086084 139.17190500830057 328.5522097527438
187.49511787003968 0.3655648232688739 130.08498709959846 270.24193958818904
236.41447562711718 0.38318051336690456 161.1613446576776 346.8065149540944
160.5570314262669 0.4315938444385078 104.27747457113601 247.21120689233467
151.387355708086 0.3417783061371846 107.56157944191352 213.0698673931527
161.0961251528465 0.4385337981291463 103.90400451045805 249.7686365557692
136.5456802924891 0.39163837730241857 92.29784888006778 202.00603841553954
199.68095469364894 0.4539073875456662 126.82567157683691 314.38811379138235
153.14227802787516 0.34037814106147085 108.96091827202876 215.23824956225138
177.91846088609412 0.40139263450375495 119.09633767944685 265.79304906316605
148.32458172069934 0.3706285594641053 102.38850317880252 214.86964707552346
172.08393929378545 0.3748627520283563 118.28768015886557 250.3462923873037
152.10475305640176 0.38347308121580526 103.65793245439703 223.19426361824551
190.32360310879352 0.309659641390553 139.63978691418484 259.40367498966685
168.32973563143656 0.40692705772591065 112.05588389095912 252.86400779562646
199.38724037768873 0.30448006486709184 147.04943173098854 270.35311294611665
170.40426714905672 0.34760378421328075 120.36994456135896 241.23641801467366
177.89011761151008 0.42492848207963707 116.30750174080886 272.07956039119045
199.26354662576182 0.38252851917072006 135.92452715045908 292.11770565826873
220.57072079339437 0.34770965010501853 155.78996511187188 312.28868198526914
216.68488776432517 0.447111840911405 138.56400199397362 338.8494840635466
218.85525949862253 0.38592489841363503 148.7825281815968 321.9304389810331
211.33409589395063 0.3893280852933744 143.18137579920284 311.9267421340295
235.4310811734167 0.32583201547183777 169.96392458535072 326.11505128342577
225.1758159225944 0.421350451273977 147.7513879120148 343.1720594502992
179.9796236186056 0.27996652573431263 136.03022676000313 238.1284343151541
189.42828526940085 0.28140170969224354 142.96628044248047 250.9897798910863
117.74675887555269 0.31115585582929395 86.26123870212209 160.7245552498248
132.86125687586576 0.3166304616439579 96.8027052511014 182.3514490927303
248.474834596494 0.31608054862839197 181.13833525932088 340.8430542290637
179.640996793495 0.3588525351585159 125.47516642311713 257.1894395432736
192.10823892432066 0.44770458499325383 122.77511794540072 300.59490945890315
178.98586545251348 0.3593588537893576 124.95428931975839 256.38127515419035
198.8350158803553 0.4181955177673216 130.87987230170845 302.07367141223165
165.06677400086568 0.39366929159366043 111.35026697893692 244.69667310458186
166.06002693046108 0.34585863458293753 117.5061527947637 234.67649896009794
173.15748988781604 0.3435080486462629 122.81675870123627 244.13212513763634
164.54727252775226 0.31273910832270624 120.35657458233615 224.96323936005498
155.2306717668152 0.32938924666004427 111.66719437888598 215.78908282961996
175.42373488349068 0.37129390118390876 121.01451392605271 254.29583412843925
179.39772729842042 0.36151113144630626 124.97255456946417 257.5248995326382
199.4975372061724 0.4923933140362079 121.92530186109136 326.42336532142565
165.97958392766918 0.31272116130306415 121.40640431961049 226.91737256526437
195.37312205914375 0.36890543497181205 135.09871612055565 282.5390049530552
199.45268966965193 0.2883102160613499 149.49558305808893 266.10401861171243
183.91003841804394 0.36244388718440734 127.99648840692035 264.2486731620185
219.5853923532115 0.4257481660970701 143.450929495847 336.1270972894584
179.75036630410858 0.3144380669611361 131.25355246311986 246.16624525678907
209.72005595679093 0.3482974281836537 148.03905829381208 297.1006596328635
180.84947546338205 0.37055807124384743 124.84924716029856 261.96820180571297
147.30373477897564 0.2328423533723884 116.70557668909782 185.92419398808204
137.78793837717024 0.31450527486284713 100.60586437641977 188.71182191920758
165.43027599084522 0.37557782366378056 113.63277639523665 240.83875341757823
158.26835330314947 0.36288667948648023 110.10179549500585 227.50647747998556
205.68984802514888 0.3450651815392587 145.66424194416035 290.4509234107538
175.77404337224507 0.3378908652574055 125.37490147890928 246.43300978884787
182.15104353194891 0.3419606432037319 129.3957592611453 256.414915366866
162.15677751512968 0.35208167653197076 114.03232412499531 230.59093722643487
196.0607923986928 0.42384119505905443 128.32724223374666 299.54539384541255
184.0411088909119 0.34169435158330425 130.7732358179614 259.00658915365267
130.18930236703974 0.4483176383840162 83.15213858699481 203.8342577693775
166.59769131921416 0.285294885311873 125.24689969156842 221.60062102328104
169.82842650558635 0.32790888654416267 122.34926530590953 235.7324694778553
123.27410683486825 0.3404729500474972 87.70136263635861 173.2755906991399
159.49131461474613 0.3711180584664989 110.04302310368669 231.15940220555186
141.41950981597924 0.3428944580378605 100.36728042626248 199.2629238498198
207.30649509263745 0.37105612870139776 143.04256196588648 300.44192663329693
172.32128893298236 0.392492737337219 116.38084453719512 255.1504651612494
179.48635810375387 0.34876945228494327 126.63763663604853 254.39003444082414
189.81023606727365 0.39431407773769217 127.95910718910646 281.55812046007543
118.15880284450249 0.39551727797919206 79.56006162394512 175.48380939720187
150.27761124033853 0.2532844560930834 116.65255123641015 193.5950838686288
107.81238925021393 0.26224525748776883 82.94247726193899 140.1394274628628
197.23243375710396 0.37258363131850314 135.88368585187234 286.278905976662
219.42281922573602 0.3139711952888145 160.29716190373873 300.3569933813474
166.45782796380277 0.3231009902387111 120.49894546889158 229.9456512470493
174.73681693358753 0.3035784670688851 128.9858194558469 236.7155964965111
173.06648193207036 0.3645115533676053 120.20086950996634 249.18294926194525
167.4955084147989 0.3716726296819294 115.50154491843942 242.89497910129813
142.64416839359657 0.32637533587275874 102.92266288525455 197.69561150380858
211.8301345700267 0.39334011296814164 142.94280546944174 313.91580544813337
141.64005207291382 0.3388778153634537 100.92838233438954 198.7736639308248
140.37061409108296 0.35004266062237016 98.9132801043892 199.20388121304853
234.1576123248668 0.3063186601925749 172.37559456684988 318.08323879874285
139.99206474845485 0.2784866089413374 105.9639701083723 184.94756446452877
189.63410331309896 0.3532768677548676 133.19571337062797 269.98686541284104
177.69003557280143 0.35380857400360327 124.74006412276795 253.11634208227505
178.8717949134814 0.3823633681659391 122.03476358070411 262.18036628891815
189.26071392546766 0.40556523534427086 126.16117648130685 283.9194975396019
178.50280410302042 0.3767225371562676 122.47191926291728 260.16781042059677
178.9503520373951 0.2632061593254863 137.53827542863237 232.8313947118253
166.80135006958412 0.2886976900083026 124.97402226519954 222.62779000579144
154.133916821339 0.31583230197418505 112.39163492495706 211.37929286774758
152.56835040187667 0.26298408581875465 117.28754967804393 198.461828286513
179.70771643144158 0.37136499773646375 123.96096724417487 260.524454293664
181.41266620035418 0.3640273353483046 126.05861845412142 261.07342648609784
188.70509934664526 0.3572815040328724 132.01347114937488 269.74227864317396
174.56562687609636 0.3973141305627142 117.3295480682072 259.72279437170874
157.09453988533818 0.25720671134603723 121.4668125398183 203.17232292315336
143.4420789989893 0.29320343272434335 106.98919952253439 192.3150198279462
211.35628586826803 0.33895897625404775 150.59382198179478 296.63553914867333
228.42095040247332 0.4065328749410281 152.11812017046782 342.99747146690424
181.17938132480052 0.3439421460440523 128.4507357555089 255.55297931276874
175.42231542246634 0.32762750519138 126.4148289598534 243.4286309713881
129.9486886822942 0.3604480423683554 90.62151232347706 186.34274861768165
158.93578346831652 0.40590206073920154 105.91090081997893 238.50786907783956
181.42127582576916 0.3960583684766874 122.09060696552173 269.5840420512007
180.43391444018857 0.4434455488743908 115.80630799864915 281.1280148969871
185.58165493321857 0.38957563158895653 125.70266817763577 273.98424510037313
172.62144959463978 0.26272865099238335 132.73735394094922 224.48967058218653
176.6228021149195 0.30337813043755285 130.40412294849565 239.2226067825097
182.3254950571644 0.40122970983931827 122.06623585761942 272.33236049496037
175.43798744102529 0.3654282880890831 121.736313938382 252.8291389941063
206.54693890731107 0.36672705637923275 143.13677436760824 298.04806039861955
179.77097842945298 0.4831917576043397 110.88481292528611 291.45203777597885
176.39371281517288 0.42278400032189806 115.576714117554 269.212896025705
156.83346477799066 0.40521575780323094 104.5817174175117 235.1915447713871
177.58929238693815 0.4922472982430841 108.5516655561121 290.53406604978267
167.32052756845096 0.37803176004104877 114.64948754715238 244.1891328495529
171.9784110329192 0.3256560849833381 124.17760841122156 238.17960612885312
204.92152519248543 0.3989173798297125 137.5117986902267 305.3762068941576
227.1323006870739 0.32911509135586564 163.43536298715154 315.6543423191654
239.9222900040441 0.4552126618181204 152.18584179919202 378.2395560602685
242.4750209759637 0.2964799633705115 180.26333164812485 326.15693529985657
198.65979041079208 0.4693645987147822 124.2417379082105 317.65261006906536
199.23285381975663 0.37746097077416746 136.5940365094501 290.59636171172326
237.4879257101565 0.4665854603651193 148.93818032469045 378.6840602937253
234.6315321727984 0.32988834824633284 168.70101180285073 326.32854599645435
223.7675311946281 0.431495238564934 145.34532565167038 344.5030501836673
213.8577238742762 0.39392818074529135 144.22618139787363 317.1069608680662
171.49568380445476 0.3207650158338236 124.43619357613218 236.35221167034098
223.5363944883674 0.37079729639162845 154.28120492213804 323.8795009805432
169.1328038702474 0.37563626776928494 116.16922453875118 246.2434044695664
225.282546598915 0.35408815217535944 158.10624201635736 321.00077235939614
153.03286945550815 0.33568434698934024 109.39534998448413 214.07728150335646
193.71492266699943 0.44864607697370656 123.68543532741205 303.39442283197354
162.78711392572208 0.3958049363560854 109.57819032085074 241.833200408527
172.4379073330807 0.2770602236750246 130.70945908514105 227.4879881955869
163.76681612389865 0.2673122661093814 125.35269159617103 213.95288542953037
161.49200981284886 0.3028471828795069 119.29608160960686 218.61295762201357
154.94743765296562 0.35106303522707016 109.07360311320167 220.11474591430073
155.85972578801352 0.3811923543867678 106.45943863092076 228.18318821811968
155.11187830277973 0.32478327038040666 112.09686702740544 214.63307074170274
159.91713788853806 0.34122294531658837 113.68515707163459 224.9501311270344
156.51554333176364 0.2628174643146163 120.34202044799748 203.56243989623664
194.54159979870127 0.38894228285422305 131.85511920844152 287.0304488702405
211.60591053095266 0.42807234939066274 137.91716933882267 324.6663311485839
150.40762441302317 0.3088142298051502 110.4469013460835 204.82651125432628
157.15234943384465 0.3052237754109479 115.81475071485949 213.24452006447675
179.77669978992375 0.28960921115536664 134.57293407936044 240.16465129828245
210.88264329440278 0.43034617066875186 137.13359753554374 324.2931713456122
226.90887838346754 0.4399909649602171 146.1389023109096 352.31987017189743
149.28516398713367 0.31167616056447706 109.30937543242715 203.8805921129993
184.5813316642421 0.48565505647561213 113.57178817331192 299.98883126638225
158.89574777833047 0.3795733716909803 108.70903845503895 232.25169701484478
165.1891800270886 0.3392249911721092 117.66791432831238 231.90234443933028
181.9388297058641 0.34186645987822806 129.25718091566063 256.0920601876508
263.38726740855606 0.4943505033502393 160.6575282118371 431.8058008553061
163.8203372643027 0.3655341329027311 113.66280221533025 236.1115719331635
166.23776970022485 0.3129677931535308 121.56526972986559 227.3264077504513
151.4266073315892 0.32435250876955624 109.4807307346774 209.44340848003088
265.8509708004727 0.348792408033056 187.56838212633767 376.8051836580275
156.71767807867414 0.40735722637425004 104.28095336926387 235.5217307555798
239.76260467749418 0.31454063691959 175.0564773752037 328.3860583948841
186.19898151550427 0.3732678420094206 128.1944245097226 270.4490530692437
185.11242061133075 0.35256289889357545 130.11262487699204 263.3611326877905
177.65772858796652 0.3277890042447901 128.00506351551783 246.57046885656473
178.40319488380953 0.3817741564812899 121.78679963794778 261.33948867503756
177.8059406798323 0.40696161279659077 118.36003483815483 267.1083409553758
187.98972188946695 0.3543182582653164 131.90329391996625 267.92458691382006
185.83461454432188 0.3542808540168172 130.39603662290097 264.8432027325249
184.27501726751822 0.37555663455161725 126.57976543250692 268.2678536566762
130.7416136533894 0.26821114982527977 99.98416372970337 170.9607692164356
162.52496031248964 0.3703595419352868 112.22121418647113 235.3776237056675
166.69778728672898 0.36280458505367597 115.9753804394783 239.60388990310562
173.0871377735902 0.4006712712086926 115.94592087336825 258.3890579072121
230.51922374398947 0.36091034865420973 160.68146235608205 330.71090925082103
170.76624951130788 0.3896529071974981 115.65860046558169 252.13094274676266
170.60463628270597 0.2967426113518855 126.79938599379332 229.5432402376074
171.5739356923138 0.3896950574985643 116.20074178785626 253.3341436209889
215.95032208251297 0.44282714298790726 138.68722917032562 336.2569278117734
150.7209935881781 0.3512510314328141 106.07849847095025 214.15101302955057
181.17908406634643 0.4247423119062622 118.4799377960118 277.0583873840047
192.86124700697866 0.4303565368359669 125.41327277413455 296.5831269236925
190.84596907066347 0.40410800479051445 127.40342839419627 285.88072055508206
165.16676629459988 0.41411511919006405 109.16282217920681 249.90248642922344
150.4268329408788 0.3443733725195297 106.60212369168195 212.2681170411683
183.2357352405714 0.3515503209922857 128.9240116190424 260.42731875552045
154.57837375927284 0.3124805322796243 113.09415580341 211.27947296938044
221.37618259799834 0.373511658091653 152.37609592352655 321.6214060652779
170.07713339737475 0.4493055743504858 108.52130201704277 266.5488781191148
167.99657153696504 0.33885574744100616 119.71187622626155 235.75645907371768
185.30404383794897 0.3560190737074271 129.79793337593955 264.54649754124364
179.17981029618076 0.4373203280194117 115.70796809562434 277.46926115963356
175.2281239427305 0.3062275079546259 129.00629252714748 238.01083512284887
178.56673747307553 0.36489495188895654 123.97345360513097 257.2008668350803
174.75799402125722 0.3913343466619989 118.16332514653894 258.4588444549906
148.4526830967542 0.3957850403122755 99.93112860955955 220.5338759330005
185.9497102061281 0.4580853428673477 117.61198212026832 293.9946602582105
170.87969683161705 0.5032043018862955 103.31220082222475 282.6371963511962
174.19258654682304 0.4301907932303393 113.29224432665283 267.82995948411997
184.70292855570884 0.3750991612476894 126.93175522233676 268.7678253349475
176.6649795449833 0.4313938734613438 114.76210053032642 271.9583804531521
203.78546792310667 0.3605319835794312 142.1006812269439 292.2471347643706
186.05192674631132 0.3923256657770861 125.6751175628003 275.4349478027534
178.32994258481463 0.40459143494698585 118.99054183290696 267.26131281056587
187.11657928662606 0.4019307173644815 125.18606166203126 279.6846052913852
169.33458334601224 0.46213583385908535 106.67008004000189 268.8120333856933
177.63765537053257 0.3778036743319461 121.74663917079634 259.1869214662421
172.42160589014352 0.35965803720998885 120.33561580048523 247.05246223218398
234.9653354998301 0.36275426921407966 163.4788665712906 337.71159566042184
228.19954234036464 0.44407271265661596 146.37147201442897 355.77309162552143
195.23232228815306 0.4525750038427932 124.16548619115989 306.97467416463854
184.69712643532407 0.32510065499568663 133.43529438366153 255.65221458860933
159.81897989739363 0.3508422032009789 112.52772051875539 226.98501504957028
228.8889123991861 0.4038377371532111 152.84113521267554 342.7750922314362
199.11124739850726 0.40413968069479117 132.9168865843582 298.27127206615626
184.35510935289034 0.41130662234661963 122.18755709484823 278.15276082599684
231.0737187235545 0.4113953986817927 153.13829309846844 348.6721864556707
153.1954468566463 0.3923945340946952 103.47396162100941 226.80918532496202
170.37911222337783 0.43654710794489343 110.10989561163541 263.63699393934286
163.67808669503825 0.42680895867955715 106.81438987992897 250.81373487471032
162.49625347226552 0.4541803688556613 103.17995266892576 255.91242978419265
163.388807972785 0.3355821711500119 116.81021389143315 228.54082431164423
150.29826124485743 0.36525742333049876 104.30969438360219 216.56249178675168
160.30599325961788 0.35311259673120293 112.61465407006715 228.19420516058022
143.4529271264698 0.35300608950077766 100.78614118311124 204.18226216007392
196.4605209172718 0.43006457978626084 127.7911026221871 302.0299182580543
195.9529762541001 0.40158907089094964 131.14264743494329 292.7923879368688
197.7210090080771 0.38670909185589003 134.3096425835578 291.0706681305544
172.64880439971506 0.443438485198833 110.81044220708563 268.99639661166407
173.82068524855958 0.4509018627811587 110.73305118489836 272.8510620539944
144.0848193391866 0.41036960604971456 95.58659048340216 217.1898281863178
161.0482146117868 0.4028747770967263 107.64394904339855 240.94737939414867
149.75830084719448 0.37211952413814997 103.22418152353882 217.27029792456665
197.72786151624575 0.45483973792859705 125.46814611955148 311.6034501899394
165.74124013919146 0.3833363286381338 112.96651520641329 243.17080714301426
194.96686033968479 0.3872692886307396 132.36460957828234 287.17703887634127
193.85270322399575 0.39607223728727525 130.45474325816758 288.0605918090893
198.02616963616956 0.4621677048889176 124.73998950358053 314.36882443899367
196.92483410152875 0.44647751525822876 126.00789804525758 307.7536478863128
147.00140562631321 0.3652350377261045 102.02390117614088 211.8073608928554
148.0165739044563 0.37764854300492173 101.46112399954811 215.93399803565103
148.03585184051883 0.4342078593840617 95.894308055153 228.52882381239985
172.63548284010997 0.3467089336404422 122.05520011076649 244.1764866092662
162.1464543942814 0.36475482220674704 112.58912656213315 233.51697872998074
159.9070496736778 0.4588497888088162 101.06288209149722 253.0134111175458
159.481901599544 0.3657405834215868 110.62984099415925 229.90611492562346
209.27202171953735 0.414406815015007 138.27274255860138 316.7274928102468
259.27308060382984 0.39461959568682103 174.73355587465466 384.7144870904027
197.17160680376324 0.35776172969261016 137.87020793578526 281.9800093990219
227.67582258643714 0.34897835874303507 160.6044368253119 322.7574605973848
214.85277118098728 0.4070752560252838 143.00473653377642 322.7984918754541
200.16324407133754 0.3947864893053824 134.87477625528692 297.05572375762404
202.2771778843744 0.3788803678329461 138.48452087565494 295.4558129251524
191.33475981881466 0.3713002843701978 131.98975141180378 277.3623703608975
199.62094057730548 0.4384654233242721 128.76059761922838 309.47759371860315
221.62861464398753 0.42431244267376816 144.99374902486306 338.7680031681252
192.23009896311336 0.4188681736040404 126.44721052616605 292.23587292755434
211.71613659609952 0.45093002545067196 134.8706773376972 332.3459433880202
189.3765304432924 0.39228160089714725 127.9264714262989 280.34440317851613
189.59064917353544 0.36485439904587585 131.63235809577105 273.06822406000316
204.10368518408865 0.4158781410814627 134.65958272044153 309.36019155955523
199.84956082029623 0.4537413608926413 126.95383630477889 314.6013395308624
224.67402547068397 0.3996663130738956 150.65376590208425 335.06243550532565
212.88379092938828 0.42924038506298445 138.58807571758456 327.00871417552383
213.10790591868306 0.4515599974500447 135.67178733386413 334.74151448516017
199.00020153029325 0.37593085756287065 136.6434501811342 289.8132340525819
217.43097221247203 0.38485292063125365 147.97280551896534 319.492676451292
209.3889853397958 0.38760333126015445 142.10843099168207 308.52319511004595
181.69247596471024 0.40014760620127704 121.77413290917359 271.0933351240469
211.68586264184668 0.4367632723258344 136.77539438899964 327.62401923680164
185.91983022111648 0.42579819904688043 121.45178605508447 284.6082745441988
192.5523387160195 0.3639604806084909 133.80821261556952 277.0861550294304
232.9961815794216 0.33351559372928896 166.91863391689037 325.23163745529286
172.79796612035761 0.3519854669154616 121.52714084176645 245.69933011268776
179.29616713783003 0.35242012052418203 126.04246614275385 255.04987750642192
165.66331350563547 0.5205260519869225 98.43844656066726 278.79689694973627
154.12101930275566 0.36066004397034135 107.4556376596455 221.0520462979937
187.92852945957017 0.4099283920916354 124.7277467568796 283.1537737443218
178.79405611735262 0.36029878435016166 124.70311528921931 256.3473609200093
163.05218973146273 0.30880755527514775 119.73282194447995 222.04451665352738
185.44293395961841 0.4434777160089411 119.01737431113237 288.9416940559644
170.94850459650385 0.40654099003682387 113.84312206168379 256.69878596571465
180.14953558152484 0.509949563365126 108.1844559640927 299.9863046962195
173.39064444469884 0.33763060373941045 123.70707907692635 243.02825517570176
181.51459763771447 0.34396171182989227 128.68587618103635 256.0308103216432
212.12012775902457 0.4510001385140268 135.11856010830525 333.003464249759
184.38192726720342 0.3912498942845655 124.68111574428346 272.66916003939446
181.38511040259473 0.3924660596685061 122.5055571040194 268.5638027654993
183.16872669030036 0.345305496523467 129.68419623754448 258.71141905286976
174.99341389863682 0.41851894437028775 115.1492823544332 265.9390860434715
209.17937808445282 0.3364667834112262 149.4146562761691 292.8495323438854
171.20153835015188 0.4208493538302429 112.39192525685161 260.78356311163657
145.5377998210287 0.3943593987174438 98.10873915361226 215.89566188983014
183.1000115377098 0.35174788772243537 128.80306718968035 260.28583757045465
147.58029482871615 0.4336458346646305 95.65295264940637 227.69755473790846
174.68870177959127 0.38462185473439975 118.9119957711303 256.62795693189236
164.51074203813403 0.3564597129909573 115.18230755623408 234.96476863622863
188.44577544975607 0.3368967538474854 134.5469956784449 263.9361072745905
185.98951985902005 0.38263654610927794 126.85615175605231 272.6876152124679
166.45548655964427 0.41015616776392905 110.45097506314157 250.85726033625693
202.81232776604895 0.3483668897945171 143.1530256978895 287.3347600817752
203.0323325143033 0.3671195278437602 140.64594611035943 293.09147676288654
147.89819436572742 0.43257760235069154 95.96145100672858 227.94440545827854
173.94947560854246 0.4503829460729377 110.87261624422001 272.91157266314025
182.62649823919855 0.3995887318945136 122.4685597637474 272.3346949082422
171.98434540743924 0.3338967858645603 123.16275249387097 240.15876932189622
165.14435492150997 0.41475645030241515 109.0780323727122 250.0288772101502
140.62519628477267 0.40488394825992097 93.80463050330576 210.81524146544055
170.1590010183536 0.40317014077103075 113.69997254260117 254.65340914410112
151.5818973331482 0.3540529220727428 106.38590893057827 215.97852413058465
179.0799017678173 0.4189497191222409 117.78752499209688 272.26661923088085
161.81928282066204 0.3586443397559806 113.050637143972 231.626118650227
163.27816384941195 0.36020020070319614 113.89250583974726 234.07825294095392
151.50461359416224 0.40312733730654365 101.23947398556292 226.72626631376696
149.6818870744638 0.4208913249208092 98.2603869110323 228.01322101915142
211.78814371904443 0.4441252557683024 135.83775520895637 330.2043511464125
193.17158680220865 0.4078664881837584 128.47217662073078 290.4540339333046
161.93310472817353 0.38328176916932916 110.37697441466514 237.57065770251435
180.85502364418014 0.4211565164783803 118.69286846647056 275.57291351987783
189.90369018216865 0.33710133184589597 135.56018589133203 266.0324733820763
141.01406131715098 0.3119982971058361 103.21986387696332 192.6466935943631
173.22669162988024 0.3868319985674207 117.65646848440838 255.0432379925642
165.00424502350293 0.4566846061795696 104.51040071288729 260.51379279056664
136.811750942341 0.3851609402311765 93.0786616621389 201.09286985507603
163.41672545388613 0.2630550403016272 125.61836931458058 212.58854340955958
173.3843274537149 0.3420824740036178 123.15308838434466 244.10370378010379
174.77309045690888 0.3773545742539706 119.83717331852046 254.89280414408853
155.39897553304522 0.40270978795683054 103.88515992139757 232.45708641149218
175.6100439213655 0.32222355297218586 127.23583390512871 242.3758038875935
189.41099520144203 0.3846926338544556 128.92445311180765 278.2755655522336
158.00787349051078 0.37975290763124564 108.08219001703206 230.9953941630804
176.6450349182727 0.3856996440721043 120.11415982771345 259.78176433182153
201.27004138914424 0.3997922118453485 134.94338013255592 300.1972347290759
150.29716972221485 0.3721639939087474 103.59100190101458 218.06178926711397
177.72089861625233 0.39246696459066754 120.03067916607884 263.13870774043085
184.92504079827103 0.2795976133811123 139.8195894372923 244.5813984425935
166.81836212584903 0.3195198264941703 121.19317280525134 229.6199142097637
151.31249248063213 0.42019700824134 99.39980747233773 230.33717029153195
219.22397729239128 0.30692236960279884 161.28477074326386 297.9770005464206
171.66155086381877 0.39412985153076535 115.7456324021346 254.5900647256561
173.1742652795291 0.3438712542103143 122.7840531627049 244.244471351381
203.93142562337158 0.5071159246550734 122.81361289627893 338.6271715001457
172.36314519398599 0.31376548392773335 125.94408976781759 235.89081374070676
152.23630862135354 0.3357532894480113 108.81842702775799 212.97765732952723
178.8721636466076 0.4152650751556765 118.08518915382558 270.95058370054903
175.48681353260676 0.49695522698442735 106.7627066133947 288.4492413192923
147.67207191575207 0.45691533223052694 93.51096974345427 233.20302295782287
149.9601239583552 0.40425497540660743 100.09447030332059 224.66814309980143
157.1820257189297 0.39123971278022307 106.28932111961365 232.44281691575551
167.52176748883673 0.3830874596688683 114.20851290954215 245.72198575785123
170.20983469799975 0.4665434673571517 106.74988024668863 271.3950382049172
180.73007954569454 0.41238604600669143 119.65571756661603 272.97785945254446
158.13187631689865 0.4221525207327545 103.67663997109209 241.18924296230276
153.67967183060867 0.3820543051471339 104.8799201284733 225.18554080736556
180.13558800001607 0.43593205616463393 116.48677856225194 278.56234385235814
159.75456501621093 0.4041635847780675 106.64174978503351 239.32016395984306
158.6813896978893 0.38353374449901334 108.13328741990874 232.85876197099222
118.99578375552471 0.4085298616829181 79.0877661854117 179.04155389084082
168.83367969508265 0.3778921175282969 115.70246846171773 246.3630359693933
182.60569838628766 0.4832086437384172 112.63139896459516 296.0528004595373
161.2545891273938 0.37968969561215254 110.3100149340156 235.7269422019289
169.30464296356936 0.3517617386261062 119.09696278035017 240.67836374540192
172.4845690309479 0.3998381350051478 115.63858057671251 257.27509284027917
164.51288139856683 0.42091527694564385 107.99377607930262 250.61155493058018
185.187063178025 0.40819783837145457 123.121125152004 278.5407323573635
226.76746363504932 0.3913742568954371 153.3236192771374 335.3917863791344
180.7117099093536 0.38990616772639153 122.36358661132662 266.8826813821058
211.43518532921252 0.444559153937506 135.55254420166287 329.79711195011294
185.31366548049022 0.4044763784649884 123.66465413649861 277.69579637452404
172.32537599907724 0.3663174834720881 119.47019514083865 248.5643819214982
215.08344629647786 0.42549374551246083 140.5456475532058 329.1520561193978
173.85004301462368 0.40120798034311467 116.39448163441921 259.66727143573564
205.20853612742397 0.41901515918556326 134.9644691488343 312.01206928856345
214.26105403731304 0.43968811817322473 138.034966304491 332.5809431206908
201.44244419030227 0.48003796828407297 124.64450624192902 325.55833822792806
205.86841273286828 0.42614601132935453 134.4363940125619 315.2554311832437
192.64379247779078 0.36859127592612917 133.25326597356542 278.50447423621347
166.85015695847187 0.3887509152322862 113.1082393589852 246.1268518972415
155.50083676249062 0.3510097611448186 109.46899424382721 220.88912391006332
190.57751029354316 0.43812049207367004 122.96976325070771 295.35543103907287
128.011492627653 0.38985329617599856 86.68377700713036 189.04278067407827
144.11685777725825 0.3853217510172755 98.03286031490137 211.8643547569059
194.5047630723044 0.4918197890142843 118.94210505080741 318.07157643336524
203.20739085480386 0.49626143394273337 123.71315916599038 333.7821455404947
128.84518620855704 0.4576585959465372 81.5285267763964 203.6229852975091
183.56042338570938 0.2629830627751293 141.11297818677338 238.77625904077942
182.87918600040274 0.2812538332591369 138.04392281347498 242.27648700885226
175.81466412239774 0.2976009403068512 130.55955138554168 236.75629850467334
173.2926088609724 0.3338883792062403 124.10067945019688 241.9835928287039
173.96561794559645 0.26487608862921136 133.4839963393366 226.7240797185712
162.4902391617813 0.39692984001111103 109.25538170912606 241.66386506384293
171.0380948485579 0.2872926403972172 128.32853665238792 227.9620001330385
169.8705589389145 0.41542652245325473 112.12453873952504 257.3567491880991
174.03682494586755 0.36733576110804034 120.53391352005222 251.28874980235045
166.12539374950995 0.34318023516766205 117.86768149923668 234.14091205831028
143.98029556407906 0.343862855104547 102.08579618033089 203.0676772515952
212.55824128811977 0.4261897906450046 138.79891580198424 325.5141128332407
155.52596600470096 0.4191062842670554 102.27920906589003 236.4930890902067
157.28812461411707 0.33975718444159386 111.98020645880193 220.9279204510828
182.74544403350936 0.38973015700717656 123.76245109081755 269.83868710307286
193.06099073307192 0.40105617656150633 129.27604174094674 288.3175075666758
194.1594050330695 0.435148960155193 125.65380385453281 300.01379509718384
197.2248772826129 0.43289513937963653 127.92567706915061 304.06446235274143
231.2138238950915 0.45891025758942255 146.12065278204318 365.8608919570889
188.5116557334374 0.4129763105634928 124.73400731559079 284.8994040370272
204.3648007747789 0.45514107617344696 129.64054208995597 322.15980527707796
171.34586198214808 0.43184211491250013 111.25690467452263 263.88838071933617
176.10402793856937 0.39562876568808936 118.5631965420105 261.5704498587783
198.0905262674649 0.4518381291025143 126.07613877942777 311.2393588256375
186.56073768432532 0.4291676783629964 121.46050873162427 286.5532938135766
183.64612367228713 0.4678109561722472 115.03077585866819 293.19022225229605
204.36198288727985 0.32307216751545415 147.94205544134007 282.2984980506807
176.87560064539903 0.38929918101812916 119.83879722944855 261.0588459409445
166.894909498249 0.3142059678442038 121.89479809689838 228.50778910422994
172.20197551767137 0.3473058313044196 121.6760557946099 243.70875747520972
130.84009717814615 0.40147439302549226 87.57552398783194 195.47848816714273
158.53605761934674 0.3890046855539622 107.44481584187885 233.92177061825691
150.21702358692005 0.32958202509863643 108.0397318822983 208.85977577116228
170.71181152722338 0.4474114566293714 109.13278648514091 267.03728121955527
149.78114578403927 0.4631241258709699 94.259448882747 238.0068194572899
178.11300046310984 0.47286921582170155 111.00208302318521 285.7986090886731
95.61297941143118 0.4490264469596883 61.02490940876079 149.80508648847493
95.61297941143118 0.3873914883191782 64.90450854636653 140.8506440719754
161.2700399998494 0.3508391308714608 113.54975332421196 229.04519860376823
202.37058252912968 0.4161501379673083 133.47983872474967 306.81676771898634
175.39764334021513 0.4062306044720602 116.84228563937205 263.2979415025644
184.46384616341135 0.3853102964518863 125.47959956265325 271.17484164753563
148.70625359690092 0.3640553764085675 103.32894408343383 214.011185878083
179.29429795615368 0.3834077474467895 122.19533012170947 263.0742537179727
157.21915915502868 0.34532920768970676 111.3091586053596 222.0649613662972
174.39686880809617 0.3265596461113696 125.8101357185262 241.74735744752607
183.79170884824148 0.41399474994305063 121.48713219616363 278.04913681568877
201.2456061252859 0.43004975225867415 130.9055840471083 309.3817141533037
160.74911815436948 0.4354464535452285 104.00078256089418 248.4623514469954
185.07793864673857 0.44595831310159767 118.48883221722025 289.08921400229434
188.71384008789917 0.4632269728750184 118.74814493680101 299.9029034068256
172.17702658496358 0.43541722706146974 111.39761799288318 266.1181542098429
183.59966690808463 0.39967756766701057 123.11022549243327 273.81021807024035
165.86900974521348 0.36194596266129536 115.49790788790945 238.2080238246273
169.94092375859515 0.36613919938281153 117.83810253391881 245.08131874927108
173.9320302897692 0.4327869575654383 112.82947801173819 268.12453353346075
323.7884799954753 0.36834600178476185 224.02204479922318 467.9851033041899
200.3535732720842 0.42544016474236823 130.92747020676256 306.59382831960517
165.2581777345047 0.43296958196327573 107.18318527876507 254.79990389443864
198.49481264868118 0.3455013163465364 140.5076099548885 280.413215064187
148.08780080926508 0.3951314092419138 99.75068643807448 219.84807856073033
179.48418262453157 0.42160541121626327 117.74033793145743 273.6069250213119
150.55199330599598 0.35335328073303934 105.73703545772713 214.36105703446077
172.01440751431542 0.39412982758524506 115.98355459674846 255.11337788685492
130.84185845038274 0.36939757810272694 90.43142498064613 189.3102085521032
165.64973092569633 0.37397864510898454 113.96562402505684 240.7728961298243
160.20291668903093 0.3856089507388661 108.9438149628371 235.57991359516305
151.3788158735855 0.37468584703379415 104.07372712097828 220.18569459563233
172.3257387175332 0.3330031026606472 123.51756996489245 240.42053477075433
160.48926670765687 0.3768288952359727 110.10100491741996 233.93796221642154
161.58549331328098 0.405533074159496 107.71634090570153 242.39471402165253
167.95562635091082 0.3502976486758515 118.3211061283355 238.41133121532977
179.5372721672954 0.39253451576365556 121.24924645517663 265.846040611804
201.02092510540882 0.47284971653476116 125.28100961871364 322.55018101481096
151.2523750727045 0.4646150517570813 95.04350631611887 240.70325108843568
183.16933338875265 0.4529694211049019 116.44762754483678 288.12098109222217
189.6025350021062 0.34582828902524304 134.16919744686038 267.93870697082366
203.96780998184175 0.508112948217403 122.71311576682027 339.02543545420684
161.7439989791745 0.3830925705499714 110.26893675750217 237.24833099014484
195.54617774851172 0.37074492440132173 134.9698783824334 283.309936189654
204.83051561549067 0.3152132018743301 149.45116474164004 280.7307671361234
189.96486154819536 0.3967152422312809 127.75621448883476 282.4649177921501
234.7958691914192 0.3589857845872875 163.9777438413226 336.1986748805444
165.17989016407634 0.43377042608671584 107.04664749411123 254.88323785307975
135.4570452837389 0.36562866676907974 93.97472980970555 195.25048014669454
157.36678100205182 0.2969737895295456 116.93350921036995 211.78107054322095
159.73013111588807 0.34380826127297376 113.25902468863278 225.26871352141782
182.6033735176895 0.4087505451968504 121.33628404177642 274.806438019483
145.4475983993978 0.40671002853690613 96.84442691692034 218.44317276306157
150.85849393855145 0.4056076770781276 100.55799182103715 226.32000481782526
172.1839638515763 0.38126814380628 117.60073891256641 252.10145515907914
168.97685491942838 0.5245953953571819 99.99961710667156 285.5328682709185
163.97377305057745 0.433336887686221 106.31108996220657 252.9124502250959
170.3993021152707 0.42145714402022566 111.79729604661313 259.71935984270124
131.8417894379396 0.440745489157751 84.8476376418144 204.8643654120043
199.80120843536133 0.4373879526659654 129.01581087261874 309.4234933084709
220.9957678955154 0.4263525436697757 144.28507179592813 338.4905231000259
174.05436630187734 0.409968397830919 115.51487419646364 262.25992660671164
228.98980584269697 0.4676122744804818 143.46128561019117 365.50858272910324
164.70331414598746 0.378217370793178 112.83520466971731 240.41416657218343
258.0504273153356 0.49179251103055316 157.80538124392984 421.9756165012833
314.96246872070316 0.5198174866769016 187.28583853547795 529.6788987270277
198.99542810725623 0.41003071431529386 132.05930946580511 299.8590600524366
175.60094641808385 0.3355692568204369 125.54255866953059 245.61943543062944
173.169612359661 0.39855390325598694 116.24704551382291 257.96539182778145
248.37824567537928 0.5447360355985231 144.0581061086496 428.2421488885234
182.06112231982758 0.44379267465330985 116.8101296355079 283.76179671903583
161.45335897439017 0.2524183222475588 125.43628993887035 207.81216613483065
207.77234152577373 0.3675590463449563 143.86623180581046 300.06586925396346
254.6722356439604 0.5311986641902148 149.7217698123656 433.18982729882373
151.02954260473217 0.4197527509316958 99.25801908562693 229.8043316753799
156.73539505039093 0.33815575376545215 111.76553593800077 219.7992776165765
156.159400622838 0.3140237090508828 114.07470894581309 213.77006900335442
190.12889404125173 0.3948445046104812 128.10595913742503 282.1804433825819
185.41581444559932 0.4262734171396191 121.06499273237873 283.9716376353467
158.9019925090632 0.4237757937321935 104.0125764383215 242.75759805184043
167.1986606306343 0.347083224132473 118.16706945021063 236.57514946206703
169.78629817489104 0.3398111911564524 120.87166773808605 238.49581616097487
154.1463704232832 0.3609632448332748 107.44073180436183 221.15545115551217
163.0317141251846 0.42610751504074446 106.46722933522916 249.64808398372608
199.4050661073778 0.4926767718731302 121.83424727771049 326.3645590443286
141.85709352946316 0.31709505458447834 103.30906358340665 194.78866893784397
234.37761613668874 0.4411732303675544 150.77072847523945 364.3470287731514
165.4788115365373 0.3922432330109754 111.78752000640135 244.95790823498703
154.47101207533083 0.3697935999239848 106.72045596590993 223.58687803207206
151.4569746579182 0.25945177515915296 116.84518036567904 196.32144946619638
165.41337702737812 0.3518787715626255 116.34604356649363 235.17417920587877
173.66093970902625 0.41987016866984755 114.11818331568807 264.2709610719515
158.79595748099842 0.39752563547899866 106.70782118681255 236.3102894600511
235.4135903883656 0.38094392276626904 160.83837898785254 344.5667563195646
172.1767975746745 0.3948947685937692 116.004278398923 255.54962310205335
155.91673056002534 0.38746527994336466 105.83241011823891 229.70304504421364
155.24592570509142 0.3550144270579031 108.852749834488 221.41193019631655
153.26788867254393 0.3872850386267586 104.0531949285318 225.75996550873776
161.2866739146036 0.3969218193166677 108.44699688281146 239.87193680011168
168.47242839194365 0.44312832108253947 108.16347992065057 262.4079693913372
189.04711370893716 0.3824897072748767 128.96055154309704 277.12979491822614
113.49533672337213 0.40077182118533444 76.01950322561562 169.44587785218724
227.15016236653213 0.5232500173762162 134.60725142265852 383.31661717933684
152.97678578954225 0.39140169373794464 103.42890715274285 226.26070055965872
194.01704909468683 0.3688303745405102 134.17107470471908 280.5568593845819
152.0298052710697 0.39992189482588697 101.91658596992612 226.78410457724382
170.7128090371235 0.31365043317694286 124.7525570859099 233.60533723790832
148.08691201139615 0.2914324452713215 110.649428268069 198.19111451658003
140.57618109416845 0.39443502643296274 94.75688721342468 208.55120162939144
203.23933339371405 0.313122584556521 148.60052752839167 277.9682368922229
177.84347405809666 0.4768337664015763 110.39557348595001 286.4997233705047
157.86945907335047 0.4337164746342627 102.3145619620943 243.58962820312618
152.53928418214207 0.3160048550180972 111.20966672854013 209.22851316151713
215.47791140919924 0.3630667563831565 149.87350654777407 309.7994527169508
138.52201819181755 0.31555806668408337 101.03542747561384 189.91704200554398
129.3104355248352 0.25557911239768516 100.14677681027548 166.96681878539414
153.16478345601539 0.30838449034297105 112.5198744181302 208.49161992441836
147.65712428277007 0.29115119274764417 110.35932858089096 197.5603388659306
139.98079645737482 0.35918602188639936 97.74081430571704 200.47534406202382
185.16030828080437 0.3479714274629159 130.74522126589912 262.2225074897215
177.60865987481642 0.3657028530959528 123.20870878976768 256.02764911978335
172.27502057583393 0.27559557167523163 130.77739264824604 226.94046817580463
139.39430100775414 0.33046035063317597 100.16774839769056 193.98230931871828
172.87585435184494 0.31393662951324697 126.2971043687316 236.632986696403
168.58567293906125 0.24116878138471584 132.4592808605632 214.56502659284698
139.23012518042714 0.3193966769366144 101.16283679614392 191.62202614800867
136.95935631478923 0.38624662421799905 93.07797552511877 201.528505281029
148.86564713021707 0.3435816248448603 105.57932617149154 209.89886655937178
201.22396986007413 0.34424294506604824 142.61884049795776 283.9111992838552
153.93847063291545 0.392707680248084 103.94327326792951 227.9806282386186
167.30740359809562 0.38621593917941216 113.70608544406929 246.17651016140985
156.51773453037592 0.33454601409844 112.0139379063159 218.70315141505182
193.2700479266469 0.40393744726788294 129.0436830980715 289.46253337468966
185.92886615510892 0.2931059729302057 138.69235233266457 249.25342088658684
184.58366510094174 0.3452625529694953 130.6915905720329 260.69871269427796
182.00395367565656 0.37644430711386756 124.90882900443923 265.1969393804283
179.36812193095022 0.3624248608628563 124.8378106848191 257.7177778795235
175.1295022210109 0.3634489877662408 121.76302346752553 251.88552053619892
145.28110203240976 0.299615933898808 107.6682312842605 196.03367080514997
169.995873242982 0.3800100663819823 116.25244718880086 248.58484804806704
181.83343635330235 0.40277931647871934 121.54830632518058 272.01858730631193
189.18815498302465 0.3077613086003882 139.07046404524996 257.36707094207367
183.3535974448323 0.3534326657291062 128.76433192080114 261.0858239581384
171.97534962566954 0.2964146764639887 127.8600714239352 231.31162488412934
179.77797767126137 0.40235750494016476 120.22501683988901 268.83024935327074
222.27578495592914 0.32092610021259405 161.2559388784039 306.38576737958044
112.11020575185937 0.39897348089157053 75.22690051019875 167.07717782444414
154.212886309782 0.39170750172571617 104.23276515079746 228.15872024106798
151.46390085835358 0.38432736774849874 103.13305499485288 222.443844646841
154.8786050908651 0.3764572106546351 106.29140292045888 225.6756581982705
166.77160126032692 0.2816759892217741 125.83219454098267 221.03061214493104
164.6428695272322 0.4468200467328742 105.31529437320526 257.3916224371105
166.52323501170906 0.33047724905849213 119.6603843825031 231.7390834223292
169.06888646179613 0.3473485809500255 119.45714205135533 239.28488392216144
141.01406131715098 0.3197341655968343 102.42444916287114 194.1427623158311
141.78172748832512 0.32462637678168105 102.47945790993309 196.15695339880648
145.587359088238 0.31387863372717856 106.36724468612374 199.26885564097583
154.8421187946389 0.26500491892507383 118.7952104999385 201.82700676156887
172.28740225997183 0.31544188703557013 125.67788164748697 236.18276015143886
206.8566198157441 0.35401109692595845 145.18587215460974 294.72331244481006
226.4258372384944 0.447958431806169 144.67054156564836 354.3821652584925
213.88781289372864 0.3609257966307001 149.08637591591543 306.8556480993573
196.0893601854058 0.28061301887337425 148.1103280391197 259.6107758789511
190.30784883034093 0.24381483215109975 149.13145805654273 242.8533711022947
148.02611097238793 0.4058756009960765 98.6435731842856 222.13033066710062
164.79540122446153 0.4052542017389171 109.88677419308874 247.1409727344541
169.69973571982288 0.38147207065097877 115.8803906726177 248.51487068883895
167.64296821535967 0.36067211032128016 116.88194618814062 240.44915154661973
177.68768630568601 0.46137577666458984 112.01711378209967 281.85794829605067
205.81796674111743 0.3258073427159543 148.58910007544515 285.088444656702
171.81964634461005 0.3055379508229327 126.58416312614197 233.22025552728914
141.1221394783434 0.2967595311222314 104.88517934019566 189.87866900002248
192.8354363508458 0.3356140239810849 137.85785799610397 269.738018950447
195.64223510130213 0.4263654038599439 127.73045922252037 299.66136807472384
230.4436649898687 0.40649625139905654 153.47077801269913 346.02211197214774
186.45167895928518 0.40532717136887825 124.31826617984161 279.6389432945086
196.8741638255593 0.36102259906495193 137.2140565827253 282.4742402295016
154.0675783470454 0.36296354323781815 107.17122438488435 221.48500060498395
160.2361550714767 0.3299376708931437 115.20475522048578 222.86949304263348
141.82169907770776 0.4278676379298105 92.45323881724472 217.5520791548113
162.55735854550142 0.37047328542260716 112.2308184629737 235.4513241477305
198.59230354569965 0.3944756572040893 133.85783984327645 294.6327467540427
157.77563388867455 0.3367538981948289 112.66514343799568 220.9481112734108
163.47090025898072 0.3352715535813341 116.90521062620323 228.58463783043712
153.40126118054692 0.41825594164926216 100.96775099400682 233.0639902356465
145.42906633397078 0.26760065658593224 111.28425619982532 190.05036342960858
226.44876909618276 0.3224533897425863 164.0326255945369 312.6149132790822
218.5780209056747 0.30944797364041565 160.40390687988074 297.850296494456
195.84787297154065 0.3535536351604868 137.52209077648195 278.91074903608245
180.50947006121913 0.25275061831982376 140.1947635141578 232.41715999251022
173.96760014644838 0.2717028571461117 132.57734602179835 228.27976882067316
184.95800743844958 0.29166798650571957 138.1666860211607 247.59560716656605
156.37102399780423 0.3719508887118311 107.80032288346449 226.82582474780833
157.36935406382753 0.4358677467793535 101.77127254524746 243.34090533707084
163.94090339740455 0.44492771220619526 105.06490536743833 255.80967986182284
156.37102399780423 0.3508499284158018 110.09918198714503 222.08972587077733
157.36935406382753 0.41556142298608584 103.85899823692569 238.44937866598247
159.85380059515197 0.35327183845864346 112.27910864412269 227.58675120683012
167.47823850127904 0.3836627340909706 114.11317160508675 245.7994986640175
162.48665985358457 0.27580911773837147 123.3205160255951 214.09182738819237
182.8371708070414 0.3603701721405225 127.5139547467712 262.16292244335455
175.10575532009227 0.3430832666803958 124.25138860783528 246.77410763590032
184.67635515826743 0.4474490564246259 118.05561240781094 288.892289480733
181.22270975623752 0.34758079812667086 128.01480450280354 256.5458788844556
164.80450782180316 0.38497094976974844 112.14458997557031 242.19202909657471
161.1120638030491 0.2994176437485071 119.42427966600464 217.35192521547813
169.728175219277 0.43167704898339615 110.22471427609001 261.3538502001321
153.85536786215647 0.3414307695898262 109.35311375043176 216.4682230633423
191.11478524298985 0.3195022883459228 138.8469058033841 263.05851705615714
221.42023560262498 0.37185578813050374 152.6589924447252 321.15317905084197
164.09222882384503 0.3805368421726081 112.15611654643108 240.07838706888558
171.13959309658352 0.3439616592030532 121.33046009814673 241.3965981961322
168.7151851053853 0.27929035185146084 127.60271474681598 223.0737311633464
164.3050350938779 0.3203518282492252 119.26797379482306 226.3486474889059
142.86618027049124 0.2949772506937671 106.37080382644518 191.8829672320866
161.61097047861844 0.3012305189388528 119.57711911529299 218.42059728716586
195.9672377418397 0.4685616571818254 122.65626303611428 313.0957793558369
233.42714277348352 0.5174717615575217 139.12853867313362 391.6394975685474
188.1026229478161 0.4777023383569435 116.66252232847985 303.2901745448596
169.0156057394484 0.4159317409209539 111.50387140209499 256.1908804086235
170.0147392052306 0.38857642976364976 115.2736313068684 250.75128821156798
184.4925397166294 0.3068799836456797 135.7383375483144 250.75817065298037
206.41908956518918 0.4424103444399562 132.62136296308694 321.28187785840396
183.09207028308455 0.4014297000821985 122.55494285558495 273.53206177941024
171.65868566935532 0.3703663193024807 118.52712061822191 248.60727411613527
144.12070138481124 0.393182162791574 97.26789635156221 213.54195317000227
159.2281829628105 0.3731197854854901 109.64177941499433 231.24044853079948
203.6552665861435 0.3052656958417822 150.07917660760702 276.3572438614441
169.57086181091924 0.31133451177828947 124.20536828341484 231.50591293031422
173.669976660941 0.38411216703517553 118.27881133362706 255.00138573709913
189.237946324225 0.38066919366827895 129.32595557527574 276.9049737132315
164.70342256227312 0.3914983121346169 111.34662745045347 243.62855009504136
166.52323501170906 0.36246566555941107 115.89321232972446 239.271888675163
169.06888646179613 0.35157420929651145 118.95342557455159 240.29815225049657
142.1083727612609 0.3786559574264978 97.31313720043467 207.52377520476512
159.81812978576306 0.3858437802642212 108.6566270814951 235.06927551747026
210.02418782147075 0.37632429446854304 144.15634066859462 305.9883406132971
148.9956893667317 0.28588352620193663 111.94792959968485 198.30393942301282
148.89068901125142 0.30892166162685397 109.32124442102166 202.7825185457034
154.45213386301995 0.279464896844854 116.79489220386378 204.25089834580155
147.31853809797164 0.27440908149797516 111.96519753586581 193.8347999642609
146.14343392516912 0.2598104938868195 112.70548283712324 189.50190125449123
185.01671482762498 0.3475818042755275 130.6947389748577 261.917082769429
196.61058688893266 0.4522511328093106 125.08255050190168 309.0416906411164
247.06312555512096 0.4356185535246931 159.81634616562167 381.9395792330782
181.13275165941363 0.3634352572201734 125.93865707565999 260.5163059980871
88.7631556081557 0.40126506812083 59.42449894285503 132.58669292431603
98.42569541647734 0.3922999553222192 66.48670128113365 145.70759763300424
162.75328450146466 0.266147663822346 124.72206707424806 212.38127492102734
164.70013187566911 0.27146464996501835 125.54468963820351 216.0675494760891
144.72307342228453 0.3529744497882485 101.68172869846737 205.98359458367136
175.25036139388828 0.28776774584271847 131.4265108082317 233.6871684397241
173.43793326726072 0.26894097284255225 132.5392501640347 226.95704599799646
203.93822222523482 0.260754147272116 157.12834704475762 264.69315859691574
174.64029378244183 0.304657891895103 128.77549026163854 236.84035021300278
130.90318670482176 0.23883159279731533 103.09247741530652 166.21624311584588
138.67615945314805 0.26619016757166497 106.26662426895747 180.97005840706566
140.56765162297071 0.2783861999293359 106.41033218244797 185.68934310737984
126.64495353875648 0.30096863407153757 93.73005502866764 171.11847690613462
129.44950543289264 0.27196423095847927 98.62518497526672 169.90766061450614
129.90619621723764 0.2843138810202294 97.75836214240543 172.62584443721127
121.39880880634107 0.31837529861440045 88.29696784896463 166.9102704048445
131.20018679713223 0.25045367066078095 102.13246320276107 168.54081920484842
126.93446304498428 0.3293715359673575 91.31356733709296 176.45086462385305
132.15844816215272 0.27342360811298133 100.54224218884168 173.71658956862598
131.31739443080454 0.3106937335013933 96.24754992906368 179.1656836231661
130.62438290711486 0.26187027455061507 100.529943058207 169.7278332286054
137.1862179051805 0.2870582235661958 102.95387105659985 182.80088150139764
158.26507228565308 0.4099762977522534 105.03514434972585 238.47097331711691
196.6188879339535 0.3855932073411742 133.7101060373984 289.1253940189959
192.10668649697985 0.43361248605707564 124.51651908141179 296.3862085858629
182.29664370011358 0.27387508147758727 138.6233009539899 239.72929569290895
174.77773839565944 0.29228687287672317 130.48107897042678 234.11254780951825
157.61528452772436 0.37121078547860026 108.7385492624476 228.4615537475704
163.47659575507953 0.3764364097352551 112.194438612535 238.1989489867982
155.9453034042168 0.3873005130678504 105.86924696433555 229.7072884822314
181.7899421543115 0.3951866506035189 122.44539872495939 269.8964878435362
177.7651434687563 0.31167932535997506 130.16253451414929 242.77682015351638
171.19638512962612 0.39638795504941343 115.1716234313438 254.47416132778994
167.92923082100262 0.3449821712815532 118.9330196140449 237.11015372894312
153.33933885291557 0.2858646630373869 115.2137044519344 204.08121543959697
157.90351503324814 0.25721127359264606 122.091761878316 204.21951224444976
156.59604841695764 0.2886333585995748 117.33536369870131 208.9934492620279
159.79481590555554 0.26460637714353435 122.64379944079793 208.19954458942084
176.29474668471752 0.4211019463064365 115.7063302199975 268.60965730686723
201.89964386127915 0.43135308103267694 131.15996437326336 310.79198889764916
216.5799958455757 0.4544996224412919 137.4775117163697 341.1968547790081
217.57657488618455 0.35016632666086617 153.29812123888337 308.80721535676616
184.9480660459794 0.37862616906025637 126.65272504138223 270.07541387657966
159.43561164147826 0.42212733849268597 104.53404558948034 243.17163002873755
214.06371224952392 0.41341419836494514 141.57923048548284 323.6581576613782
190.1817973763227 0.4724525534483375 118.57289149159948 305.03697428894304
195.26734633912045 0.46212552589182443 123.00734887851299 309.97608593272014
153.40436485577212 0.4290498717077221 99.88579375621461 235.59805926194267
163.09068318824248 0.31795550579694265 118.67051588477105 224.1379903381803
156.7120441616482 0.36079027156440985 109.24791357896602 224.79756345709083
199.6796482329391 0.3173360239581982 145.38396827552842 274.2528106184708
140.93722898926657 0.34443027034085527 99.87149768022118 198.88860161858517
204.10865501693155 0.34328548904073686 144.80195563723288 287.70566577975586
184.76474439231202 0.3603537572554128 128.8603946915078 264.92244457331446
192.06640327250582 0.4055681488586245 128.0310757505079 288.1292924377421
183.41975970167584 0.3448830498159359 129.9167999541437 258.95656497770364
151.03947166087374 0.31417075925308124 110.31836856073495 206.79169115011334
151.67686831563452 0.394514129206105 102.2313377563148 225.03737979910446
229.9454347285991 0.3248047577384947 166.17430751709628 318.1893984849889
222.57486560434953 0.37957499056540656 152.27506583607055 325.3294984756423
225.876604993384 0.38870830145477514 153.12897698415432 333.1847550226681
223.08344272089138 0.400157779584398 149.51371152206633 332.8539028934505
149.7557008732705 0.3764191212029768 102.77952749824608 218.20269551664532
169.92306613863738 0.35938953626594644 118.6236938624219 243.40709234230394
144.2327268987804 0.4149399284122952 95.24840091800226 218.40870091422528
157.4003992387287 0.32397156295916657 113.84311421535203 217.62304950342136
154.9256185674649 0.2978601725861357 115.01757570969987 208.6806919760827
153.9257245251088 0.3573846994963304 107.67155955343758 220.0500184899872
159.14545218083825 0.34511025218744656 112.69762255192406 224.73655057074743
164.58965818276516 0.4317006033785187 106.88514565912598 253.44733745429022
146.22368857009656 0.40059737175128657 97.95813474949152 218.2704596583344
158.41097554115447 0.32127987724676466 114.88284727470865 218.43153932192516
163.78490146579503 0.3660940127755582 113.57460999614928 236.1927014239335
167.86749947321294 0.3795715766338796 114.8472974780718 245.36491496257923
161.18716739217328 0.39751968684168193 108.31531246133468 239.86731276971605
172.07042670755615 0.3563196211494753 120.49210468058652 245.7275671780252
134.80666699941924 0.36595332208572234 93.49316514994518 194.3761069415774
143.50106748996893 0.33281864634899616 102.87594324259389 200.1688219975869
158.56928251072327 0.3001109765652738 117.45797791809612 214.06989803194733
148.95774454021577 0.341142282446906 105.90266203975298 209.51701525858945
164.060517698114 0.3743214312611482 112.83357425144334 238.54472080617344
152.61721711137085 0.39382852208861774 102.93568909484549 226.277350097282
156.21833249044684 0.3805450135114772 106.77348015150726 228.56019464259535
155.61377953202594 0.35301282186718747 109.3292906598042 221.4927786881276
192.40307323375782 0.3450284363121139 136.2598977498299 271.67892535601845
191.29849927032046 0.3531845955757001 134.3771549967054 272.3313782314712
188.29120040823696 0.3345689582657898 134.74993730744924 263.10643893126985
193.70604399417297 0.2995803972458418 143.56119288259268 261.36611661174186
185.90116430142035 0.33741784979214146 132.6610405719445 260.50785324483866
168.16229795588458 0.33805833112546785 119.92556290719858 235.80092324174765
166.26104090855839 0.346732026848939 117.54568446323002 235.16587487007547
208.4797143059512 0.302469846914364 154.06458476590552 282.1140974295446
158.10739998758044 0.3704335641156569 109.16286973457149 228.99681907973851
168.51099696949464 0.30460072030933083 124.26300049670024 228.5149721650822
237.2272870213253 0.38196523486751416 161.91207867441244 347.5762041241206
159.61676697896684 0.3024900693006406 117.95293234452082 215.99727784979726
206.54226013883041 0.3067512263267161 151.98074188877288 280.6915184982895
196.42485737793007 0.3471946815686974 138.80710998044327 277.9592817786936
196.6311644314826 0.3534525288604547 138.0860695641361 279.997938588025
161.8084848677319 0.3584404145956023 113.06614812967882 231.5634361680222
163.98191586070675 0.28941006355116555 122.77410093738791 219.020693485357
179.982471383406 0.39187339612264116 121.6302942466871 266.3291263571115
125.45850690953823 0.4261365607562578 81.92781223271791 192.11836038366627
121.54626524105095 0.36048537134812597 84.75880230131155 174.3004171003877
121.57486064633733 0.32187050672571277 88.1164912542229 167.73757705051625
191.6779024028158 0.25860431979437504 147.99996715653572 248.2461244784198
285.8233938491621 0.305381065601507 210.60683424103388 387.90295085085194
179.55044523098286 0.3469840140524454 126.90924012855098 254.02691206714928
185.38385546927478 0.3289727610375433 133.4138310109533 257.59828353801936
174.56224396585958 0.31816886571116443 126.99052930471686 239.95472091684897
166.13947937279625 0.29621796356029995 123.54552469796089 223.41826362180927
195.65219584230783 0.4679014733527807 122.53994991324016 312.3861382758795
156.37102399780423 0.3936404760725121 105.48735272204561 231.7993248968102
157.36935406382753 0.31506439851426865 114.83900804705753 215.6507098033998
145.8316511047699 0.36139367631827324 101.60159211686407 209.31631110152082
169.04524562972037 0.38983052724434697 114.47264400546717 249.63427129933086
174.65275173316576 0.40880307057507465 116.04715954089708 262.85506520490765
198.06203887567617 0.47991589568730086 122.56780825132103 320.0560718451705
151.01805597949024 0.4542097254140871 95.88884732375912 237.8426049363254
170.9569297700289 0.32643179826261437 123.3443273687311 236.94864984770845
157.3095761742458 0.35150315866085535 110.6876784748331 223.56872144307724
159.09517467721847 0.3871322170320597 108.02583256986875 234.30760960998728
151.12398882853947 0.2860622994856581 113.52673030243422 201.1725338923005
169.9225595331797 0.41126118263105205 112.62701629236459 256.3654546557003
161.12483677420147 0.38637121568827043 109.48726405940462 237.1162824146126
167.00096861107002 0.31980300271394085 121.29148428714761 229.93636924262458
161.21494270516544 0.2950014786267696 120.02943973662855 216.5323591317116
156.44223069541817 0.325415334996189 112.98685380108621 216.61078896882398
