Vs30	standDev	lowerBound	upperBound
209.2652843200767 0.40550367918077496 139.5048085928421 313.91003409332995
255.6006553988069 0.3803511130810126 174.7340622097868 373.8921548213195
214.5022624841709 0.3773626056543505 147.07720902710184 312.8371888152273
178.57645331410123 0.41079615028980865 118.41799185193187 269.2964910105689
163.12387920868343 0.34694454914968864 115.30322047512625 230.77759544304723
171.5865654524884 0.29808153375494245 127.35855297371768 231.17371198349625
187.68232419184773 0.41017910364624555 124.53311506358624 282.85371963969783
166.88409605994013 0.35795580368559426 116.66933444294902 238.71141162086616
178.18979939093526 0.347528664020216 125.87893439339766 252.23922302798846
176.11495563446383 0.3044505618964264 129.88979717982326 238.79071544925918
168.39433732211617 0.44022770011348655 108.42739459849837 261.5266459842368
160.81352601162888 0.37622818788699797 110.38974966642073 234.26985047470808
179.67657747342741 0.2753503772971796 136.4295092672628 236.63262197419073
189.12944526078408 0.23363793630031554 149.72402106140984 238.9058670150247
178.02840150039404 0.30949777923971444 130.63998284082348 242.60652100209447
175.3070508110726 0.22517010957258143 139.96171248325783 219.578351241967
164.78848568918096 0.2847077255870703 123.95951508640496 219.0654343622195
185.84456063909371 0.38392199851314407 126.5944449914939 272.8255629341279
224.89570758311496 0.4171696737493404 148.18583072421532 341.3152191550587
233.2429578513766 0.35184850293991826 164.0599885711794 331.59990964924356
203.9496552796622 0.4486990759993694 130.2133292260959 319.44089085126444
202.00307491944898 0.5327953028437131 118.56811633429858 344.1502111905325
198.81760534726496 0.390664746334309 134.52137415301794 293.8450520960131
166.2899160680875 0.3787679912204189 113.85944580193691 242.86378693634194
142.56298360731537 0.3892880109792012 96.59199606419484 210.41292367032403
218.74389172828901 0.24999423430264386 170.358896405085 280.87109730190286
194.20047593866417 0.32128912246008523 140.8368156256856 267.7838510282639
207.54194183687636 0.23954419482722009 163.33270471614537 263.71728611412345
225.23059592207073 0.39177310785232267 152.22377471557223 333.2516319096483
226.01480221439724 0.29221662391183906 168.74418497298038 302.72267354393597
183.01670209659784 0.3692454621442295 126.51134080984619 264.7597680326536
233.43358097868014 0.3890379467786971 158.19993430953372 344.445381512691
188.1007333794298 0.2209733982557245 150.80750721449013 234.61621076699092
174.64514789507274 0.28121874374787587 131.83319447359614 231.35999855787955
204.88549908663936 0.26973399616915866 156.44699865622817 268.321336277103
210.38610957430814 0.47325885879372803 131.06397997853242 337.71532887268296
279.1920658822412 0.47358906532681444 173.8705206181049 448.31182062657894
184.9745280179586 0.3233555836730388 133.86911187434904 255.5897737454302
171.7929246935695 0.3464502051454887 121.49093126084074 242.92190921976328
268.5197296850258 0.274788720559026 204.00319833342144 353.4397784895258
185.4456623593588 0.428481672791543 120.8173910831195 284.64522681376
221.1158850044887 0.3663129167019414 153.29650909860132 318.9389953418342
229.89028023663357 0.36114107126481176 160.2060952059025 329.8847080652821
225.3963993110665 0.24364865482558326 176.6573484721882 287.58235794754927
234.15834398325592 0.33316315626929816 167.81034013733438 326.73868613881785
227.5266234128648 0.40658402201885374 151.5147887225558 341.67202289708194
224.12530891377241 0.3811953825165567 153.08754200271184 328.12698824835866
220.87623115922796 0.40914473307544613 146.7099886162261 332.53570497318515
230.28977693071727 0.3202472528197838 167.18335809873324 317.21686872373783
220.23740279937255 0.4524254419108168 140.08937702861195 346.23976935743326
230.777129856837 0.46098355380229433 145.54260842928258 365.92778046050245
184.46655813891658 0.40690940745968907 122.80021700980132 277.09976334082825
221.0319491829369 0.33547130450722634 158.0380699415283 309.1351506487268
204.26513530023988 0.42834159507292485 133.09687383154656 313.4877950028593
225.32355048336171 0.33353906593606647 161.41816653513376 314.52904894306005
217.52057416454835 0.4384994726495282 140.30154052449458 337.2393489622038
217.60204040761784 0.3599145703172013 151.82876222611873 311.8687611971651
264.52781804745024 0.438956368592878 170.54344086057125 410.30582101456133
278.4766974753165 0.35237191682943325 195.77430046925642 396.1156844942319
215.06092946965768 0.41575201640999404 141.90663827779892 325.92698936191334
276.64405574627665 0.2581157776366328 213.70913428941859 358.11259932439106
253.66093473154282 0.3466634519154606 179.34924972973346 358.76297172049345
225.46701522671304 0.3350808718495529 161.27210030747267 315.2149371051962
195.3384288480666 0.43999951932953923 125.80512308610457 303.30324273611166
198.1656731949923 0.37245053468627315 136.5448155039039 287.59520372783203
218.92667924362107 0.34598405563953405 154.89582902086525 309.4266074665125
167.23351545627494 0.3452183378527006 118.41232271318425 236.1836002457727
187.2573713302458 0.386791029803645 127.19138976249586 275.6894407946243
177.752352261619 0.30582964724544737 130.91675391245127 241.3434322979623
186.53378155925404 0.3694072741511711 128.9216793162291 269.8913933431472
173.8610087163955 0.38155812462330063 118.71172259362527 254.63071120076353
172.20874020711457 0.3945035848374421 116.07119606415858 255.49706739757514
202.69565572838187 0.37593796054257744 139.17994450104803 295.19719237170193
203.87509030422214 0.3600718136528503 142.22860965809048 292.2411499801254
198.50445225282178 0.34167388325705783 141.05327361890176 279.3555693762538
179.5102520496395 0.41634660691313613 118.37833376638577 272.21138839914346
181.8636163323145 0.3998346527286329 121.92698629994257 271.2637780130456
180.7836158027746 0.40151805739297536 120.99905866022718 270.1071901269936
172.16291117060555 0.36724851783022866 119.24648681704737 248.56135198526042
176.31097909053344 0.46260952867694954 111.0121698769368 280.01940131719454
183.5433197348566 0.3678540687309836 127.05202468309554 265.1524074749678
170.15371317231083 0.400617269369066 113.98706240447811 253.9962474301609
168.41689284196596 0.45738958947902403 106.59672842742131 266.0893088651838
189.07805183713972 0.3969180514537928 127.13402577215324 281.20331649529743
160.19972119899765 0.2721716903023621 122.02788741732788 210.31217712118067
176.30081191815714 0.276262552572241 133.74421628903858 232.39865726850752
232.48914896327818 0.44007066149459756 149.72089956264892 361.01308864399573
185.48963633974347 0.47662649732286516 115.16576374463442 298.75549877602623
176.84088388596837 0.3480853604109824 124.85649112435443 250.46914206826133
249.93145346453338 0.3704464661498404 172.55917618219132 361.9959993604845
197.31981919855434 0.3524539909784683 138.7081199826197 280.69813831683945
210.98082590762806 0.3985672692041048 141.62744564678604 314.29578283631906
178.71831577582182 0.2848662730948608 134.41669489815285 237.62105159591528
176.32678253965196 0.2946763151850644 131.32335981566783 236.75250377714087
190.28610861542143 0.35392833556842307 133.56662790612353 271.0916918367444
169.45403246167663 0.3148987263419337 123.6781922992942 232.1724516156827
149.46298376927479 0.3565199793378248 104.64030292492134 213.4854629887942
173.3859067744025 0.35106292323052457 122.05318129461209 246.30798107110778
170.38033874667457 0.4557025952190455 108.02153761215475 268.73770243541793
203.88229791601267 0.25878359825366065 157.39510841384154 264.09963957849527
179.61475815109642 0.31216611126540705 131.45284755126374 245.4223088099754
320.42077921812984 0.2840831639506619 241.1820163828057 425.6929156434111
253.08815142271763 0.3560147751620281 177.27870123668185 361.3158938086504
167.33105150509874 0.4130478472789432 110.71134816335888 252.9070530013543
169.5689047237258 0.3855775567657241 115.31664795265343 249.34486008481278
170.6587099856293 0.41052907779792547 113.19778928667384 257.2876685798297
199.51990736219028 0.2322076905498824 158.17568205925355 251.67075567851575
196.82861135617088 0.3368773124518175 140.53492642086474 275.6717012280494
152.0503011359758 0.3775896986058544 104.23226184374383 221.80554913218154
211.46778678218192 0.21857539956980296 169.94881083271093 263.12996617889326
202.81547616002305 0.35435012883762484 142.30127320621554 289.0635933412027
200.1716271886141 0.25073163634219775 155.77980413309464 257.21357498372345
149.70012946423532 0.382371913062411 102.13160668067428 219.42403032664058
156.0490494302979 0.3790894041679437 106.81314218125438 227.98042760297346
204.99203652514893 0.3841899756856572 139.59999527470197 301.01530416271504
208.40854899900236 0.31421250988785954 152.21406024472245 285.3489567654806
192.5964402564924 0.3472320433400403 136.09660620140923 272.55190143814593
220.95710839984656 0.40049362012800455 148.03888606199232 329.79202323892764
210.50186416277552 0.4233911258889426 137.8413495780289 321.46402332574434
214.65633190412424 0.3741687371636147 147.6536835620413 312.0636052887414
165.98055788837726 0.34220074887441476 117.88032459470435 233.70775141362796
152.6473077543328 0.28167029333160903 115.17581522874411 202.30983838376852
188.27843524483262 0.3362245751774737 134.51790737753436 263.5245363931588
172.7020088513691 0.2943133016094431 128.6704282540275 231.80138798026275
181.19586580171108 0.39198204116441576 122.43699076091615 268.1537791772661
184.9764118547801 0.4072626708085713 123.09613588547124 277.9638263747294
150.51966864394296 0.41244596110118814 99.64838135375153 227.36115068696424
199.6643507570031 0.3086349833075136 146.64324424958386 271.8560487884777
195.06700591468342 0.4123175992277141 129.15658692718054 294.6124367468202
167.128485613675 0.3574412696753084 116.90032187038236 238.93801365654897
210.4518325203282 0.319948703006681 152.82723491160831 289.80419515396284
211.99937991771048 0.38361565460436586 144.45495013131293 311.12632031397214
212.9070611108329 0.35205519818890685 149.7250391285585 302.75107580323066
165.4954809790863 0.38449005567331285 112.66894556387996 243.0905347292036
173.97477021858884 0.39408870411080016 117.31018562316461 258.01016776018184
162.99358471121388 0.3405003531641505 115.95596294777285 229.1120523830026
159.3960489696619 0.3567817022983566 111.56532311207987 227.7329524839413
204.5298285782339 0.2772271456808178 155.00954259971058 269.8701646147546
226.86246129872293 0.2390475097517802 178.62639158118807 288.1241449874014
233.69549939727162 0.321110126855351 169.50948034057447 322.1860295295099
175.2974153737169 0.399756788675565 117.53395365588558 261.4494184946244
184.47435948834632 0.4072271559353062 122.76639537004583 277.1995480201164
169.8734172223203 0.32614015992616585 122.59832918079054 235.37823126638514
142.20611473552762 0.2555232180983449 110.14022198354138 183.60757499831425
188.1793774266041 0.3425756478551475 133.59595655330835 265.0639959640858
170.80695524908052 0.47307207488843084 106.42727917128605 274.13099525457756
176.36904197575004 0.39354125344109064 118.98975247239296 261.41779708854205
179.17186778566668 0.4847589033776694 110.34221666368876 290.9363177255136
204.19754437017178 0.2781004170946733 154.62262377831107 269.66711667362785
215.55336742081008 0.31109085223938343 157.92459484470794 294.2116410185472
163.65144512145346 0.3634415016701578 113.78347836208958 235.37508147811442
189.16597935936082 0.3454395069784453 133.91232842755005 267.2178743150301
190.85872277025496 0.3703708478065768 131.7837913259497 276.415268455857
156.58298096938995 0.4197402181759052 102.90908011945749 238.25137588247227
193.98090787025927 0.3006835755219156 143.606391641033 262.0258902697634
273.3395531850848 0.4433378869796071 175.4540034423073 425.83531791561205
169.29848099730282 0.3888965648187664 114.75125113580786 249.77484240300535
187.14309500957557 0.38093166071701023 127.86076231983313 273.91153763151397
195.23440306955638 0.43570411048540514 126.27938495574439 301.84239617008143
166.33295836686324 0.4456071257826491 106.5255036092926 259.7185847677064
175.33389936029272 0.2319957629489012 139.03092486187333 221.116102733455
221.34661207612035 0.23542168965456475 174.91640317963302 280.10136149015744
231.45379967360952 0.22722225819825623 184.40935205445976 290.4996996439248
212.88860172621983 0.20736323956072608 173.01975742535728 261.94440114446047
174.50695823888825 0.4146902430091211 115.26967384629371 264.18638534881444
177.25552165946445 0.3479454464385672 125.16675275242756 251.02129173962712
177.8513344243423 0.40244666347486885 118.92598656568322 265.9729641094822
188.54043798411047 0.41718784504821915 124.22875493860384 286.1454803504102
178.18821678936524 0.3898508855554285 120.66154817015045 263.14133279477096
187.02911098121945 0.3452040237214373 132.43080130652373 264.1371041277702
179.86662576878174 0.3632066185183743 125.08693677623822 258.63614458254614
232.7167244399746 0.3378577479656021 165.99608288676671 326.2551313997814
211.8412634710993 0.24061088433596903 166.53847314461177 269.4675894504179
192.96527989969704 0.34997276986240405 135.9840372881863 273.82331036293857
233.57702095758825 0.3458355162486048 165.28584362846948 330.0840744840673
225.57202053592695 0.25680612013635473 174.48405626320593 291.61825749800863
221.36199855678512 0.37332623488748845 152.39458773722836 321.541172377762
216.66223608595524 0.23554093383679994 171.19421826857243 274.2062496066425
182.1159766811684 0.30199674967849943 134.64571142606172 246.3222081956062
194.21717460474653 0.467722191764769 121.6629842355982 310.0393365200209
147.56206759920164 0.34577393104610393 104.42561016989224 208.51746768561708
170.2110608672944 0.4452608690048697 109.04692917828973 265.6819908628643
252.12978015832186 0.25478076718083476 195.42236457194494 325.29248216767235
229.92287823784702 0.3789989775218386 157.39285847999938 335.8762935479286
216.62310983057088 0.24346025492592055 169.8131589329283 276.3364865687585
197.6253998563409 0.4272848277070696 128.9066489860808 302.9773791776702
240.70563550347956 0.4022866087521307 160.9812902717637 359.91265112438083
261.9852846227859 0.3144159591005141 191.30564363892174 358.7781732588569
281.4843730810753 0.30661255834781387 207.15439289726413 382.4850208614257
267.71892643748356 0.2900627038033258 200.3117583015208 357.80936766054344
174.8714934971834 0.3101360305993492 128.2415186786924 238.45662117081895
182.72749769544075 0.31442412937265457 133.4293107419073 250.2399077712574
183.0438118129289 0.44857508394164697 116.88031342786572 286.6610814120125
218.27915988810435 0.32429332012309453 157.82415550482168 301.89163052420685
248.0574355060057 0.30805395916541334 182.291372543702 337.55021124252363
179.868059017829 0.34986286406900424 126.7682622023805 255.20992473014846
307.3476563871338 0.3047590964651532 226.60772561456034 416.8550813105826
180.06903497946047 0.3521575234920995 126.61902584237745 256.08203145393395
184.97463307742595 0.39620460318618606 124.46369836506261 274.9043723718628
184.2189169758164 0.4037979370816715 123.01753171569845 275.8680726107597
304.4937115346191 0.34314685912172227 216.0486418410275 429.1460458814187
224.05615679264437 0.4259893706075471 146.3362930116502 343.05338999323556
218.75171823252057 0.3717115518849639 150.84092853000215 317.2369375872825
230.4610733699962 0.4409340453982677 148.28675362649074 358.1729658242546
240.44411529284238 0.235440959825951 190.00430577422475 304.2740128618727
191.24822856587224 0.3198471679851551 138.89594313994414 263.3329966501052
201.42052345488202 0.3866273344825604 136.83386757720072 296.49258613514854
264.9065493944904 0.2531773422851119 205.6549527361677 341.22922389388236
211.4547300135074 0.21537201392216168 170.4835684180058 262.2722134455446
246.33913271378592 0.24202059707335213 193.38607468153086 313.7918198407678
183.99100119448372 0.4062729543470521 122.56161651847299 276.2095465299781
238.19814315964157 0.22704473482605111 189.8165589861587 298.9115159802177
215.10279184500303 0.39311728877030955 145.183538784021 318.69460854199224
170.4793739262081 0.33208041345926487 122.30695407949821 237.6252205200133
246.4244383752594 0.2740296458869947 187.35885012322635 324.11067739059575
227.4669083466407 0.3756969364541214 156.22664938925746 331.19313891101666
228.90311504845235 0.3722376647264063 157.75783555704368 332.1333352088169
180.47338261041486 0.4130288432966311 119.4089861291927 272.76541646209034
236.33432681233708 0.38040561548447765 161.55438352801673 345.7282483465039
155.23344434903356 0.3250431580842724 112.15556921828998 214.85711688167115
250.6731669162232 0.23367955367827636 198.4367507067435 316.66027783669676
274.2468987517376 0.32438920123456805 198.27195328628687 379.33434471363375
249.18382658177327 0.27442145558792963 189.38262279984218 327.86841005766786
167.60418304282453 0.41006394253979633 111.22344586326895 252.5651130067139
158.75161172252277 0.3327437070768587 113.81759046205177 221.42512525690222
175.11525427100142 0.37888443957698703 119.88823255654661 255.78283726831827
207.87019294467444 0.42558968683656445 135.81913700022224 318.14380557274126
242.77074611497486 0.36348911206531737 168.78546224937656 349.18667984652984
206.27344664499512 0.3533450081012897 144.87302822054372 293.6967309472724
188.70106319817185 0.2757416620862537 143.22580267930138 248.61505808315104
324.8207785964962 0.2214447019266885 260.2984553389549 405.3367818515987
202.20812386829047 0.4624736936760074 127.33530313856872 321.1059647287185
168.84905771771543 0.4237050318934695 110.53145425406639 257.9356662278921
163.7081646067461 0.44751482939054604 104.64467138632041 256.10824520600437
163.40016157383485 0.42583358806590843 106.7370766745497 250.14375167651139
192.96605133857352 0.3049185200086075 142.25137707450713 261.7612408047052
206.24747480955733 0.31765786446009064 150.1175895523194 283.36466760608056
212.96954272964322 0.38222381052031973 145.31813202980635 312.1153946650673
235.26701550609232 0.33389949123312906 168.48076922983245 328.52751585931776
238.06187285308755 0.38391800685312893 162.16471906399516 349.4807972624092
229.50447168531315 0.3370597078153361 163.83548858220627 321.49507398774443
170.83287652876336 0.3910869938149762 115.53791616186048 252.59129359929918
183.2224017553395 0.40017128690581444 122.79661352594395 273.38252693672536
188.1777283992037 0.42007113371161875 123.6327832331705 286.4196416147962
198.66666660258872 0.34421042747600616 140.810913390891 280.29393083631055
170.72036375514608 0.40981837086017225 113.3191923078525 257.19776153637247
246.76772635165918 0.3951982364826585 166.20953951339987 366.37073267300667
180.61068530838077 0.37671919129641596 123.91856469664594 263.2391662009452
185.4649793584234 0.3801020995157124 126.8193932839298 271.2302722613571
222.65853077472553 0.25035290522800047 173.34545281266384 286.0001258892992
191.02710678317692 0.3738279707223554 131.4448494179276 277.6172340532522
222.328967661617 0.40881635951698364 147.72342298512066 334.61294669877185
184.2778231746479 0.25544838018622545 142.73591108169722 237.91010865198606
171.22032667005942 0.46116949384679456 107.962256950337 271.54304747896776
160.61828060145663 0.4646621486060152 100.92407216017314 255.62020547907335
198.24326444855757 0.3162747258931103 144.49142438949298 271.99117224619556
124.41066512898225 0.3978974345336043 83.57049061010571 185.209079004307
237.7090174811241 0.2682056904544947 181.7880811907269 310.83213278739305
182.02353531171036 0.43588318084976946 117.71339484557471 281.4681154242408
139.8259055851965 0.2695914811080021 106.78384340897159 183.0921537244244
203.5599792726189 0.25449977147146274 157.82091304371275 262.55497045560753
229.98467629172228 0.4030256559603225 153.6975985146966 344.13648515107155
231.09009116176975 0.3555351444546563 161.9475463865143 329.7526354965636
198.44418734510907 0.4627759614764523 124.92729487075493 315.22411120645717
184.73426698717446 0.39235864939197895 124.78094355698954 273.4932789132372
151.31900143275575 0.3140543083515498 110.53540670997569 207.1502776905229
229.73979085585273 0.44142192847712414 147.75055252723448 357.22622081404427
228.64027188862167 0.4364912684126616 147.77023997994854 353.76794364275503
189.67295857070022 0.42897616965727164 123.51037352991621 291.27781080063403
214.18123120109644 0.34723981209472154 151.34813595987174 303.0998664627123
209.72286513477778 0.39000363980362335 141.99379074849813 309.75777129751305
187.77032412701257 0.33849706906906574 133.85036096174406 263.41127785856617
198.01124968927348 0.3110281035138327 145.08151286796024 270.25121415153507
194.49289973560028 0.3480864335188856 137.3193484275343 275.4709258435234
193.6501209951208 0.275737138704352 146.98284687862213 255.13432456776786
223.7814847122648 0.34834540850039436 157.95728565995802 317.0360435784596
188.66651371088474 0.37314030350780053 129.90984050954026 273.99813021251015
193.21423572540618 0.334479427549544 138.28547051200005 269.9614120610979
210.8674161296024 0.267298221881942 161.40735979512277 275.48351724243037
201.6836529642742 0.25359978718766724 156.50697977748774 259.90084231926863
196.46920875732386 0.29672871459898936 146.02487822534368 264.33954582836003
207.0632272213796 0.3371114387872671 147.80779589278816 290.07387471248126
209.12337548067833 0.49147563483451095 127.9255886581516 341.85956563621437
242.19031892776664 0.24214027811540578 190.1063363883569 308.54390072779154
238.1749677368596 0.3030232191288451 175.9117313839371 322.4760214123731
239.98149216259407 0.2486179040093855 187.15626327033075 307.71674735458845
174.20832870749206 0.3994267665142996 116.84229364093456 259.739353322873
169.2484636966452 0.4097927313092749 112.34506846969467 254.97374165027693
212.01450753658867 0.4068264986899058 141.15071291059277 318.4550079775678
165.55793328612708 0.4265547439001977 108.06862475487107 253.62985173676174
196.65075321073596 0.34904353520607534 138.71005147513824 278.7939181558238
223.7784101171938 0.35944870264145706 156.21099399880055 320.5713986748172
237.80583531117705 0.35989397161156844 165.92909375990382 340.8179604107025
217.67475063383156 0.2877775098041367 163.2404829924353 290.2607012360808
240.61986289785887 0.25443103257023697 186.5664215217358 310.33407806580567
174.62526309887568 0.33093337664134265 125.42512256725317 243.12499671667152
172.31748682222948 0.29528463040550285 128.2593003193087 231.51004403428124
279.0949214584485 0.4169767638004576 183.93366576098464 423.4894947677391
242.91568299446817 0.39167623199420737 164.19227794645636 359.383704170982
225.74927283482901 0.3874755037248289 153.2314414212883 332.5866657179007
152.63164786509734 0.3892730293555284 103.4154591358167 225.2701880810644
170.63539433072896 0.379384095946569 116.76285380172872 249.3638760135569
266.22156280767337 0.26747260426511665 203.74236941549037 347.8604902214879
200.56452392513847 0.3293269739033613 144.28767303239155 278.79116359640085
198.5140258237195 0.2541591072823091 153.9612041250552 255.95940660954628
244.7081743513724 0.35329785608168085 171.8751806394233 348.4045245602288
252.650804161506 0.2254383541970738 201.65734808315378 316.5390671364689
229.51672436164125 0.31382849936985135 167.6950917748908 314.12921036717603
147.10309320088047 0.37122653147109436 101.48460618657812 213.22761000307094
188.5152783729139 0.43522240558938224 121.99214414310057 291.3139237747147
245.65330394107536 0.22543165213099547 196.07349357825618 307.77003375564095
183.30402008481448 0.4000842694527572 122.86200523157032 273.4805094213147
241.9606802994386 0.23532642426532427 191.22463005282856 306.158107325365
182.38391236895438 0.3938135940592342 123.01425955071905 270.40679359039393
194.19935865791132 0.44465999243226006 124.48998375945669 302.9431747377766
152.41361577517213 0.3410962396718981 108.36462975061585 214.36801221138091
207.30790037381976 0.3847078036360538 141.10401675718444 304.5736510205573
72.25738812699755 0.10793163534726394 64.86465992715225 80.49267728836134
204.05765251154077 0.41520380723856776 134.72002782447075 309.08192509263466
206.06493496709732 0.3541780555713603 144.60606929441644 293.64436520669346
280.09786034297747 0.35150610495164347 197.0845724480693 398.07687833803675
205.79714165285412 0.22216691223920695 164.79858348959175 256.99531279745355
190.32859043896616 0.3610731881265424 132.64532192588976 273.0964938116924
165.72185237091003 0.4660294701326651 103.98860488542554 264.1032869274972
193.60300015468283 0.33508757832211145 138.4794713119391 270.66915632904056
207.82982996482855 0.37908733586537885 142.25657364008663 303.6291196812438
208.25892306153514 0.4663506210966262 130.63817865655534 331.99926300850956
202.7897873113297 0.4081302618262317 134.8333606191446 304.99646117946946
207.36002628163828 0.37101199383864664 143.085813698662 300.50624438615307
210.52912520633765 0.39462162272642587 141.88294445836172 312.38788234447065
236.8279124758657 0.23618686795005614 187.00715941144915 299.9214591793989
192.1010315917081 0.3905393018007782 129.9931995633137 283.8825912629744
188.5108103558414 0.2987687474136694 139.82429619126222 254.14986228435373
190.81731523079242 0.34822691236868936 134.70532207480287 270.3029637661098
203.6056628293903 0.3104375248787645 149.2686306435365 277.72255803158896
258.2007436171761 0.3931675821825001 174.2637186482796 382.56743584715696
185.65388315602985 0.30978039197564006 136.1971822221241 253.06958461666196
186.02252869572877 0.3792973545766601 127.303046103757 271.8268120163385
176.80702913636242 0.3519060296521237 124.3565542969199 251.3797984253154
185.52376930121844 0.3950719334213348 124.97467000550573 275.4083605439037
234.24491903017244 0.3804378628695965 160.12093406539054 342.68275045812436
182.71165932103062 0.45236910823005166 116.2264182204435 287.228591941349
281.56671991671567 0.23727065921420326 222.09356920344013 356.965841239811
179.4450834824144 0.3283089765955487 129.22566833260416 249.1806651224443
215.9232313912299 0.41738819269371236 142.24269829362729 327.7696670108754
157.30177349167948 0.3170421592427596 114.56288948332454 215.98484513808722
207.41801894788398 0.21304926646890962 167.61788683718459 256.6685178775363
233.1342359228943 0.33635766357403096 166.54353453781394 326.35053717447767
187.1758413377736 0.32894608985679297 134.7070490030438 260.08138282141255
216.46063855444757 0.3722797098688149 149.17632759984357 314.0927840044798
208.47920678715454 0.381992287685862 142.28712468718828 305.4638974408528
260.84632405216144 0.3118562572042919 190.96213837134817 356.3052097752066
220.42564455196126 0.25823481090173517 170.25981845933632 285.3724690641076
184.06763849292406 0.3889057253233113 124.76070782819008 271.56703524814645
184.93590602768842 0.3745309985711136 127.16409163353471 268.9539861366235
153.733484094845 0.42507703652315904 100.49856450573932 235.1673802324835
253.3725142750531 0.2236435695294575 202.5966840570127 316.8740460332319
207.31472992358272 0.31941486506294564 150.62950430927037 285.331864035371
188.8393650561736 0.3942960755698128 127.30689376192989 280.11292036946026
281.8624088699699 0.23848773332502252 222.05637847756398 357.7758859199315
260.60464405950927 0.24876729849699453 203.20944312121304 334.21075055489854
274.7542368731455 0.4398989259042775 176.96962153374932 426.56976957679797
188.5195072936591 0.35472827727008077 132.22079455562448 268.78982802733583
187.04861745739706 0.3545797358980154 131.20865385155082 266.65303137937894
172.89799105914418 0.33239708737797147 124.00286698104627 241.07277549362738
181.0111557690283 0.3995382743647939 121.39144287136409 269.9122585400015
181.55054951337272 0.36859135899838774 125.57996985571452 262.46703249314186
195.58555411703063 0.335699500886761 139.81196319496914 273.6082671689601
177.71026766388238 0.40648688813281303 118.35251973229228 266.8379118974675
180.24620285874005 0.3220443807369047 130.6182999605219 248.73002982593917
165.51291536506636 0.4081097612992594 110.05051293986108 248.92682842481452
179.95918022232476 0.37103006066713284 124.17600917051786 260.80163763211146
165.73166634032458 0.38612643414326836 112.64525884285443 243.83614108658074
234.32437768478616 0.32610134158565884 169.11941165677683 324.66949500035156
227.34775565770298 0.40824267694407224 151.1447718577254 341.9701612388441
158.45183540287007 0.34230954941428543 112.52114056665427 223.13126241077865
158.45183540287007 0.3537893657850682 111.23680461036663 225.70752756231562
332.098580376744 0.22987942722097834 263.89529812429237 417.92888267491367
218.04979245372337 0.34055693750552424 155.11495775426783 306.5191950374861
229.81886319770624 0.4106311002039882 152.42312142368343 346.51376633781115
223.64379372117207 0.44523346014864135 143.28291744426284 349.07543315102185
295.5741672661942 0.4206489351037089 194.08008037062413 450.1445392451904
207.61862417644886 0.41628946700325986 136.92226993816743 314.81725452249265
193.54502356900895 0.25556138367196984 149.8970584762149 249.9026767377974
184.89613570347962 0.4171277671892501 121.83485395409157 280.5977098389376
171.47186901287947 0.30009811843313855 127.01702157652018 231.48552452126893
173.43496774884733 0.36349841441986697 120.57889741983698 249.46063267862615
174.33256170924327 0.4073351193747837 116.00457498682327 261.9883058539654
145.57606016431185 0.4233018420615553 95.3349860541536 222.29393604699678
155.39311017895326 0.4147339647557756 102.63963212296413 235.2601835337811
162.39930247717254 0.338542625378726 115.75958615006901 227.83023265893436
196.8244537668542 0.3134483834547588 143.86334420128335 269.28239306336735
255.07370398958378 0.3897439546458791 172.74362933161623 376.64251190453507
229.89542416640862 0.3013348370785953 170.08353367260733 310.7408748596865
214.42042550320562 0.298594067754095 159.07004266254881 289.0306565800672
207.95897646402443 0.2974602872671279 154.45156382639152 280.00322444501523
190.82304798170293 0.4419284585381238 122.66021950427924 296.8642628244846
159.89682112367052 0.32656995769251196 115.34859238419946 221.6498084371707
161.72622813755694 0.3908801161047478 109.40152611828792 239.07685564935542
163.76102172505435 0.33748599789945055 116.85363661678146 229.4979686800985
186.50110647635242 0.36148983601191575 129.92369750956325 267.7160778490275
163.15359771178214 0.35840590066024447 114.01000112287353 233.4803629868357
160.84375299751494 0.45775984989695284 101.76574614243553 254.2182793227485
182.82082413344236 0.3755732857074122 125.57877920728572 266.15526881067126
259.8776333029967 0.4344397086803206 168.30388259279707 401.2764485925009
207.11733442190607 0.3513807568717681 145.75173203478138 294.31959139805485
282.17043536684594 0.4493539123821203 180.03609466873866 442.24551049951504
224.36015354783294 0.3375304831022345 160.0877505638643 314.43679058958304
226.27481999406766 0.32545769298800414 163.4149358969282 313.3146543939022
211.8206107924302 0.22459062096729432 169.2114506280141 265.1591898181504
210.30605129692714 0.22933241679121028 167.20681177411646 264.5145538200634
169.27042147704734 0.3728182227136154 116.59184604331926 245.75025234930683
181.62025327669653 0.32332330408561655 131.4458109578251 250.94688191223574
184.58648041959788 0.3591001976733129 128.89754764987646 264.3352753788968
170.95889802126806 0.3647566501198467 118.7079785018873 246.20876525314293
163.0215390423165 0.3129288704525247 119.21796578991683 222.91960792685546
169.50507008411222 0.326381785885423 122.30293643321198 234.92460297476114
154.97082444920966 0.3669332062464954 107.37245344857182 223.6696253007822
228.0928158744574 0.4024090402556667 152.52729948301783 341.09521921570297
245.38590316708243 0.4065214108851422 163.41789213716206 368.4678628860602
239.09802488794676 0.36573580332844235 165.8589636216896 344.6775757969421
179.8582225380321 0.45618183492076114 113.97590347681712 283.82297685510423
175.62632560506754 0.3892901082017965 118.99345359444503 259.2126315676336
276.5214997371989 0.2416906912150806 217.15206825035065 352.1225491104033
184.77353054270637 0.36344818319004335 128.46837084644037 265.75613409175907
201.7865133354191 0.3180282331884089 146.8162846169697 277.3384238015171
183.87479932073055 0.3918517042060078 124.26338472569375 272.08289794997114
189.51276005830678 0.4285772641079299 123.45529337251968 290.9157253917461
252.0505188046181 0.3894099394834913 170.7532615153245 372.0541761012022
209.9877288409925 0.33984240795955223 149.48658957384015 294.97526426621164
222.88010221953238 0.24604000682314747 174.26793337326012 285.0526715031986
232.56129600313386 0.32094949318822086 168.71389238669553 320.57085301958386
159.70915309584498 0.41963512152789756 104.97468715331809 242.98251582630053
202.14219435846195 0.3526936008624562 142.06401719999658 287.6271384226012
181.82139591232576 0.4265769168461145 118.68203559741552 278.5511711616328
151.1588580020217 0.3801108266642715 103.36025394124319 221.06176679349323
247.17790877741078 0.2327225315960782 195.8572003803792 311.9462469029281
272.8510884725032 0.4315063434906108 177.22495173512874 420.0746889856429
197.61138909107072 0.33027779636094445 142.0280572558456 274.94751285767717
274.7606394204535 0.29976186765474055 203.59616506889805 370.7997591663333
179.2496568436151 0.3914082177748663 121.19142827154144 265.12138636209744
211.15233351205995 0.4649003077715648 132.64541627964755 336.12400034684924
204.17724507250395 0.4513193251100149 130.0175108068197 320.63640617868737
229.17366465549526 0.23367874757658263 181.4175588872347 289.5010212560243
230.15255748004327 0.2541278028114204 178.50463720494352 296.74411009159877
212.08903744208286 0.39611069467626225 142.72154294400693 315.1714791981799
218.02073418558163 0.2562249227626598 168.74104242987448 281.6922300013279
208.35007366639311 0.2730247536703931 158.56981313597848 273.7579892306881
196.15203218526344 0.2271858079260652 156.2885885803026 246.18316717755428
201.4969908075709 0.341620800886455 143.1873118829049 283.5519207016668
213.39044842153078 0.2330016237608338 169.03773179600023 269.3805873619717
195.77210101409648 0.2906475320474904 146.3943050350516 261.804689234987
179.485988288146 0.2910212948089611 134.16573316588355 240.11511159814071
266.3715595278605 0.31373827578399244 194.64042824327748 364.53787307034
188.2238226460658 0.48555252778163366 115.8248658281 305.87738788385866
227.2643704246529 0.4120870195622006 150.5096117635506 343.16143307614226
328.17835063379755 0.24535252590464549 256.77614819263084 419.43549111860466
177.7624060472264 0.44270881296881637 114.1757637338607 276.7616521257188
159.766420898127 0.39579778858025066 107.5456158034569 237.34402426265154
158.1089252870544 0.4556026594724587 100.25145066723455 249.35731192962848
216.8471336087359 0.29545210315003234 161.3765652746927 291.38480717001056
195.37381432161172 0.34053400199392264 138.98704370041986 274.6365870249842
207.69952577419306 0.39612034270711366 139.76635071592875 308.65149433931873
172.65822538477192 0.3048957105380082 127.2836873672059 234.20803882760018
303.46516061203863 0.41029387452842336 201.3355536622042 457.4010999557414
157.73128271224826 0.3564834534072781 110.43304275603666 225.2872593668637
213.55138837717692 0.3904421571351636 144.52251976671786 315.550791332951
240.51742691142636 0.25313998388371634 186.72791628709297 309.8017361215094
149.91071189676046 0.3333822654025077 107.41046291964287 209.2274898601494
188.6298078528466 0.38438682768842547 128.43199956765793 277.0431397967739
194.79988629124006 0.3268776697541203 140.48421556556875 270.1157247190444
229.86575666971868 0.20837726221918323 186.62816402817322 283.1205373770161
161.33150152585253 0.2649240603505234 123.7838876372996 210.26850813452086
198.63755586920644 0.301425299471723 146.9447311234734 268.51509611826526
191.8559937274779 0.3926265289346793 129.55668780276568 284.112869458309
147.00375343209157 0.3728075991910674 101.25585392042224 213.42078197381772
131.8553364759418 0.365739007744027 91.46591398083608 190.0798778529289
216.82876585979324 0.26157111206767925 166.923701797155 281.65391252473603
231.96403050155217 0.3343171667728256 166.04604873932058 324.0505381190874
238.62287984535374 0.240187811799665 187.67215521896028 303.4061111476885
201.17658933443755 0.41767997116449074 132.4894613251925 305.4735047710644
221.007112995319 0.35923009823946733 154.3101885941572 316.5322033465205
253.33314399346824 0.32879857221411796 182.34615386858783 351.95522627730634
169.55902475509706 0.36792775461540494 117.36319298612699 244.96830858460092
198.44179812132725 0.3383629193701358 141.47640149758345 278.3442809173956
171.44262413630528 0.33716045032206876 122.3747682607363 240.18491547307787
202.73297706594386 0.28828461159379415 151.95814447945838 270.4735579051275
174.8776823826031 0.4065369372988711 116.46022919549422 262.5978328118712
179.13181578923718 0.3931593512307907 120.89985818875844 265.4114562967521
179.7861999355391 0.40424224436705236 120.00412562744121 269.3497204221981
272.98145132861214 0.26429848159053293 209.57996633896192 355.562958002165
260.7733118100547 0.34086260976367827 185.45066374533485 366.68900924381137
158.98280309599127 0.4519732863997387 101.17207229891486 249.827161843455
157.7950973863877 0.3669409251878268 109.328423775343 227.74766066640348
238.77330938186077 0.29096120370798223 178.49371701524535 319.4100847162944
182.1823932769535 0.31783247622797184 132.57862555954628 250.34521424580186
186.25074039992506 0.4955741973699601 113.46786115383593 305.7195045960161
188.6151906935656 0.4733223714447898 117.49391441328899 302.78751319180134
185.15671556065732 0.34844360287684056 130.68096546886508 262.3412613627968
179.1188962853476 0.3890667138955937 121.38691595548376 264.3083791522239
183.34281547666347 0.4288250983088373 119.40637729270944 281.5141766214716
187.40228998438684 0.39888855375114046 125.75920860297147 279.2608086638546
202.8518103318204 0.37186950857563855 139.8550047440578 294.2251300209201
179.00375598648054 0.42499217493676256 117.02816283790891 273.8002877277333
173.8817925421064 0.34507486673295446 123.1374053354405 245.53772020202035
174.7134281575621 0.30304950004129994 129.0367926763089 236.55874689275316
170.73691701978828 0.41494011709771483 112.75121537940664 258.5435086914933
172.39318372415443 0.4017394391745018 115.35777440105164 257.6281481578162
177.31344416782088 0.4331005095357016 114.98693668866972 273.4228633969069
170.74225662409947 0.4070784011590543 113.64468093681606 256.5269043546195
206.6790597428326 0.23430518805195505 163.50800772000272 261.2485732767916
198.31868455125965 0.22916930134841534 157.70180716198584 249.3966388206529
316.9907860714763 0.23903633158262735 249.5941942108748 402.58612093083025
215.82218601623492 0.3548430070632956 151.35254470519638 307.75310760419006
157.58408142874129 0.3880789571798765 106.89854520230753 232.30197074004838
187.19525997774647 0.2689553498518608 143.05038247948227 244.96310146645135
202.22248698828756 0.39550539038444327 136.16441939056008 300.3276070706263
286.01440950267903 0.408673197881993 190.06554655668037 430.4001641811025
241.08085546895703 0.3938412006222404 162.59967144400744 357.442166749139
190.56549950015025 0.41233369635172623 126.17404565250449 287.8183814423874
203.99799804483632 0.3766113262007731 139.97990185000478 297.29398761040517
171.74111732836118 0.4092635993090932 114.05999841631771 258.59207251202554
165.04397179776026 0.31497511874167206 120.45025129971599 226.1474121710206
217.8266743466097 0.22448262969213617 174.02814605246738 272.6481958992934
161.42811158607537 0.4842624028101858 99.46417322708689 261.9941871004241
190.4227413262455 0.40504695727024426 127.00158893675385 285.51469881420087
216.7743094906885 0.3750505148861179 148.9791329762479 315.420692256658
257.1830995347648 0.27933873845438956 194.5033802958792 340.0616821450177
193.4450190514627 0.3518400424834371 136.06779992093757 275.0171268850111
184.5177049613968 0.3651263094628134 128.07539465588843 265.83391396682856
231.7822583446809 0.39562389903420553 156.04969126967586 344.2686419066314
184.42036876076972 0.3963764138280777 124.06943280245268 274.12773352491655
275.34645057536903 0.2450295646308541 215.50854492936946 351.79889442110925
164.1389806910781 0.3603251908363728 114.47864755278873 235.34174763798393
261.64303998034796 0.2463120212747508 204.52068319659153 334.7195955939326
196.3256119642632 0.3669620630789124 136.02143767475096 283.3652295699647
161.28359469981592 0.42245519248501184 105.71101322826712 246.07084091725255
175.33948400300963 0.4542029533256218 111.33248115621126 276.1452392972784
217.36187109255673 0.2620947222542923 167.24651322235542 282.49427802445786
208.24141018058506 0.3681007070737491 144.11294400137854 300.90624554574254
179.35401877021664 0.3166966387658597 130.66868172630979 246.17883661215734
163.79457620611672 0.3647125621297605 113.73833424071235 235.88057072967172
212.6655064761529 0.41162127948178223 140.90688184158014 320.9681248613987
215.7380865711284 0.36174129977082986 150.25349133655598 309.76266563496495
210.16954109529755 0.3557018675537314 147.26190615310077 299.9501850688076
198.08816101350345 0.39114470743164387 133.96351433707383 292.90751088374856
180.98528160945483 0.2695442898376424 138.22342822798714 236.97626791043055
173.2261300780076 0.3023205185395207 128.0316287123452 234.3740561890501
203.1865582168428 0.447431627620899 129.89064905786412 317.84256787888404
166.40171716293182 0.3781685643101864 114.00431328504301 242.8814373500124
259.47427974042847 0.42687998296540397 169.3178300757002 397.63621950926864
227.54816107165084 0.24827330850343277 177.52094545217204 291.6735570284582
216.5575926506751 0.25519595021940206 167.78117132509644 279.51402749350655
187.10228204374013 0.2659125448197679 143.4150516438108 244.09755841332608
187.23757884751134 0.31312725851195555 136.90004035785273 256.0840072876362
199.55150504265455 0.29743121137196366 148.21162665942873 268.6752993831699
182.32873868806794 0.3646025778359841 126.62231227110186 262.5427411276925
207.41997824492202 0.2489428233542825 161.70970687392742 266.0511122481082
171.19537118313826 0.4270143930017766 111.69713233853061 262.38681782542574
198.040116212732 0.22749724541257543 157.74382743797491 248.6302523943366
204.78476026737852 0.23687559874127925 161.59349295332876 259.52033879161127
201.05656192196872 0.2446908690849597 157.4165382574075 256.7947532030055
187.4632569663417 0.302747065171507 138.49521803241413 253.7450260860538
205.28482737670652 0.2127074567235646 165.95073379283372 253.94199463855588
185.30929514232707 0.22063346815170118 148.6200169159142 231.0559208560353
194.6467281107669 0.332952982321845 139.52353301807915 271.5480890189144
188.42654719037256 0.3064218816547413 138.6962623480351 255.9878909857924
188.18267221664914 0.308561034170516 138.22076006921517 256.2040470973072
183.46950169655602 0.24968156861550786 142.93169828380644 235.50449940044015
205.22210086070322 0.2382629752017194 161.71407978533495 260.4356450445569
196.89811180585218 0.39716120285802375 132.3599616259264 292.90478749365184
198.85320245479087 0.24434192456282927 155.74576274971372 253.8919546085612
188.17858787768282 0.2482871963862904 146.80486428091606 241.21258589823236
196.67252797126028 0.23735375632608036 155.11802747106296 249.35904542637292
203.29499191710536 0.2531049228808214 157.8354703381842 261.84769272726305
192.83315138319531 0.36086441102274924 134.4188812053487 276.6324487968934
201.34118824400676 0.21848429672797662 161.82518153588813 250.5065880276386
208.06649398366935 0.22459749023366074 166.21135825884951 260.46153747950234
186.51590340404437 0.32306824733104156 135.02342218569106 257.6455377851726
193.6061249877752 0.2451168674973413 151.5186840151904 247.3842211368741
192.385746955228 0.22776068836958874 153.19961846156872 241.5950901392475
186.02822760840593 0.26916485504698373 142.128782908531 243.48693318084892
186.4380997620574 0.2766043485384355 141.38616853675015 245.84558307662192
197.56708939207772 0.22319247528684608 158.04593908931392 246.97094424425094
185.94632472273 0.25111322020514354 144.6540218582393 239.0257473226388
188.69041207935004 0.2245071527577113 150.74663112613533 236.18485762964522
204.4289599621016 0.2578503539592536 157.96447676118856 264.5607450994608
199.40551566742676 0.2236844093880628 159.43815579587508 249.39174365199906
206.9910822645236 0.2343928585251714 163.74049924666988 261.6659185367064
200.47305045010003 0.22768200910066919 159.6522187881561 251.73119585701502
189.5536016334066 0.28002724719114075 143.25762682778517 250.81085515530384
183.04296841333868 0.33463607693540204 130.9852666319477 255.79005293557674
191.61093845031218 0.25597779522299097 148.3373628955514 247.50845651517497
214.09034639686442 0.22935669661549796 170.2114365645753 269.28082710200545
209.83489083994203 0.2491364452395215 163.56076000650867 269.2007631418333
197.43293296273472 0.2369646421814839 155.77837196139305 250.2257696461749
205.3589181587761 0.22147689271704782 164.5611733933654 256.27117501486623
201.35967801455897 0.251119264613397 156.64365106665196 258.8404934003654
212.88944975401068 0.2738007015079523 161.89894013215633 279.9395584651122
204.33730045636142 0.24526540061444366 159.89329098987315 261.13498633559175
203.38955196201212 0.25853496828722755 157.05375684921125 263.39586315674796
212.2672094844091 0.20157606006475381 173.51600501170708 259.67269255224045
197.14432702649503 0.22803434521536425 156.94599099829833 247.63860122525216
202.29453484751846 0.19475954219907682 166.49498461274348 245.79166107831003
198.97019579584673 0.27952809966682235 150.44941939875372 263.13919304739767
180.7979943747863 0.31261254586362563 132.25975224109158 247.14937247394542
180.44634048294805 0.25371656081909194 140.01042583879692 232.5604082597211
192.270337101034 0.2711691347606409 146.60373295829538 252.16194555879127
202.45273121680108 0.296796063075502 150.46197133998996 272.40842328541714
201.0594091849761 0.211030438456354 162.80773976876222 248.29830620600453
178.7830823141753 0.3744945605219346 122.9378176293542 259.99640418315977
198.21573752115194 0.4009651476560133 132.73980694251335 295.9886676501618
195.79196850102235 0.3453912665047036 138.60961322784382 276.56447512404355
197.60292405772597 0.39081035393055175 133.68004609949926 292.0923259339726
179.8130593290311 0.3326945393503553 128.92401664678636 250.78908605405772
216.93127548601453 0.25336002448820116 168.37953630777648 279.48276444930264
218.1457809497571 0.24287033285524312 171.107707457813 278.11477608577195
213.9119605725065 0.23027993761605253 169.91266904648435 269.3049737418643
188.6765931072744 0.31931600067446425 137.10107137914028 259.6541108575485
176.37718226819214 0.2880234656296971 132.2377339339311 235.24987535259612
220.13661811702914 0.2707872519567097 167.91553634085875 288.59825417006965
196.60051545622414 0.37734474884601915 134.80497181737027 286.72356929102955
179.8130593290311 0.3714697831622579 124.0206357091343 260.7044877684361
171.5739150503562 0.37689097814138334 117.69813716453812 250.11108106625352
166.6019879144204 0.42259268683230805 109.18186467221686 254.2200800505259
173.9108860012145 0.350133352790361 122.53658835192631 246.8242071736444
170.67398483982012 0.36060620942275373 119.00303606652481 244.78038597955762
175.9724530259736 0.4252356080226537 115.01837036010232 269.22920336141436
179.4261917290456 0.3540319259336817 125.93073194215098 255.64655888109291
187.1159039525672 0.38924033016091064 126.78438679948012 276.15672872529063
195.78501576464384 0.37560521447036194 134.47952869237258 285.0379739629167
196.16981961546793 0.39877493917659024 131.65775251621264 292.29268609325834
227.18548939761953 0.38413810016685934 154.72180804490816 333.5874059709483
185.63572061801227 0.2519829285880062 144.28685020722727 238.8341052554391
186.86264228635062 0.3283515769336698 134.56162018838228 259.491874676843
200.9568954250552 0.31755388600594164 146.28204137395372 276.06720168499845
317.8320612535725 0.33017313697885636 228.45745422299643 442.1708169000785
186.5314706137806 0.4100927349619514 123.78017784879066 281.09500352991796
179.8644435305074 0.4103149190441652 119.32949789042152 271.1083061477952
164.53252764038413 0.44995082279789045 104.91573081623342 258.02567871495154
239.37592360967696 0.31468443784985695 174.7490212953249 327.9035978527616
202.11190798501679 0.4267081457447213 131.90914605965833 309.6769600105596
148.78306402175053 0.43198640073123945 96.59267383566693 229.17266145216107
164.92934483619166 0.3893039668559067 111.74429740081473 243.42798174770294
165.847855103043 0.4045595906484679 110.66540083098589 248.54661742280098
186.04859036213153 0.3998848927217873 124.72645575299119 277.51993566053125
179.20080402599368 0.3321823148914708 128.5508662601803 249.80717048275412
168.85517793912626 0.3583128587559613 118.00518374188512 241.6171070858969
164.36573452347383 0.40030910010772736 110.14359607278485 245.28066677238635
149.6771759758314 0.36642697468885443 103.75722964635914 215.9199612832583
206.53273798447523 0.4217391523192033 135.465877897373 314.88203908942523
208.3804517074262 0.348219389282599 147.10492599101866 295.17986811972656
179.56319396675823 0.38985882403609307 121.59165949012906 265.17394994646946
190.99279219455315 0.3952204906276876 128.6396647742354 283.56919877155804
248.96219513311823 0.34538635686673536 176.25198451639798 351.66795299110055
273.4340868140637 0.2986818309948434 202.83214457347708 368.6111981365775
179.95774501098373 0.38061928028460973 122.98996825065484 263.3124510076926
158.18590075653125 0.30953901278729495 116.07446393952172 215.57522945953707
195.82888375074256 0.3267120127365136 141.24969674451438 271.497586153587
239.45078617490628 0.2560002040355503 185.36886521645133 309.3112693592306
177.7585851702812 0.314375563934148 129.8072688013447 243.4233066724287
192.7598671810318 0.25274191762630044 149.71047842090195 248.1881481347363
159.70915309584498 0.35367529130464975 112.13226102495392 227.4725698870526
213.93285477961805 0.4407333986698087 137.67953911736723 332.41879401660464
193.60420927811046 0.3713074360443247 133.55434594060193 280.6542129813783
218.75863871171632 0.3801362320675018 149.5802119371357 319.9309680822989
210.25123320176786 0.3982207778809151 141.1865952922418 313.10041134828083
202.41201585807895 0.38800045260602345 137.3187478317838 298.3614751127823
179.89204438621817 0.3720552317255445 124.00249493308733 260.9717461807153
198.19771607663813 0.24677886610975336 154.85454119362663 253.67247453775278
202.79411091864336 0.2308766400073439 160.98554726672072 255.46051879518356
197.18212700272755 0.3223130764990201 142.8527997481328 272.17381302901595
192.67858813496878 0.29672833955955913 143.20756977168202 259.2393571434384
184.6184069070536 0.2863967431922811 138.64189118552915 245.84168520384358
199.0197272126529 0.3272252284513233 143.47757096409822 276.0630219319082
189.47886031361787 0.36265008592312686 131.8450510377434 272.3063036736189
189.6521685973056 0.35562176736208173 132.8964077246392 270.6464807399932
177.75096446988374 0.39067576296278433 120.26621352393455 262.7122318412889
190.19226451346415 0.2818182714962398 143.4830927228789 252.10703780008203
190.98859267310567 0.2811301474456153 144.1830329470785 252.98845353490384
198.66832533523728 0.30066154874483675 147.07978264347616 268.3516577338261
190.82056179666682 0.32094676505291747 138.4330415737926 263.0332064544408
204.64697691822911 0.22672426071699664 163.13240475022383 256.7263397232102
182.8257884912847 0.2915571654930772 136.58901935010576 244.7141731926792
185.8877168453525 0.36777092661951577 128.68555775318748 268.51687071404905
185.16095496490098 0.27721695950943875 140.33164501251443 244.31110488626203
185.5601167187397 0.3372752308790062 132.436552013636 259.9928523745246
178.29586783232259 0.3550543389693043 125.00953448403047 254.29593524437954
193.21582902776947 0.3159643439431377 140.87084888411786 265.0112275364955
184.92396508092963 0.38840255559309983 125.40420814855179 272.6931844324061
196.1492753577877 0.29962993695928203 145.36474132437252 264.67586206156864
196.37847768302044 0.3259000088891606 141.76117804055752 272.03855830026566
176.20684276766465 0.3172834034466321 128.30049689538902 242.00102251719628
184.83778006113454 0.3270380012994922 133.2784534485515 256.3430476113442
174.88515888808644 0.36852866422242714 120.97705014199641 252.8150485022772
176.56760104820086 0.37347748857517615 121.53792126245921 256.51350143295855
182.4990440825469 0.44732301412821224 116.67845703122688 285.45030452476504
183.50004228972162 0.33456270306042174 131.32198324408495 256.40996799251644
195.84716947110402 0.35198999168417544 137.73679974085334 278.4739725477064
178.621267633843 0.4211496681397095 117.22768541336671 272.16742477355945
268.530894434394 0.3784272740509734 183.92695523075878 392.05151401145264
196.26934597097735 0.35089864318604613 138.18443616784978 278.7698617598564
196.81192547668087 0.3254509770416566 142.13788430110225 272.51660737951613
186.50714029188762 0.3027265396749941 137.7916806924171 252.44567164766534
196.042989653984 0.3079765302824715 144.07837752414784 266.7496292844542
193.2560923054357 0.33720842859645617 137.938479341857 270.7577855821262
228.39404082618842 0.2399513496420981 179.66985660565675 290.33160525866583
208.34556669619238 0.26984800655265195 159.0709092503986 272.88380613722313
206.10601618560779 0.23353974151218374 163.17951871302265 260.3248878470424
204.08063242898476 0.19932809225205975 167.19939471250223 249.097220741913
201.5018429830137 0.25779276025679 155.71162944399126 260.75761245665876
207.16842806441255 0.23481786479887382 163.81115325156864 262.00143723283793
215.17400674759415 0.2746052686958026 163.50470485709712 283.171381644826
202.36291277701997 0.26624173381592364 155.06136620074096 264.0938195693782
207.56700677567613 0.2180900707557301 166.8948779741019 258.15089608980804
210.07338346590998 0.21695450278683553 169.10205560226532 260.97155521641145
207.49581753248606 0.24242754430098076 162.8262430538159 264.41999450447764
208.49956536645644 0.23914954898783386 164.15111026968913 264.8295749360428
198.2175000008374 0.25744198013434405 153.22737548828073 256.41747880480403
209.06935352718435 0.2510578815494588 162.65121947444516 268.73450273234647
229.9644986460211 0.23855512628001155 181.15804317975213 291.92008099271965
217.24946368588527 0.2376145918163722 171.30262062679375 275.520183515643
201.11947674138145 0.2312543282081571 159.59587118404946 253.44668145005042
202.05129250204396 0.23728043854738354 159.37200919450456 256.1599430670553
173.71873804063776 0.4041549945191385 115.96431898023647 260.23694367208697
186.68449580629053 0.32465455820960665 134.93125756636877 258.2878245043158
236.61856567300495 0.23906210332550096 186.30540951183298 300.5191624218198
234.60279062395253 0.2514782890534894 182.43894011687752 301.68158910201026
233.05875462350707 0.2759526086768691 176.85637789457988 307.12142673778396
213.91602516286818 0.31935490665627264 155.4351535347143 294.39972091809324
202.86320307439817 0.4260472208842015 132.48701684104142 310.6227322710471
198.63898240754287 0.4750361244157404 123.52615239998471 319.4258427489806
214.7602730544964 0.3796840538963405 146.91267212843354 313.94143346682336
206.84202505133035 0.4081082666988574 137.53068711242935 311.08419673901733
207.24677708583116 0.3717303529645205 142.90497374130484 300.55795461827023
206.3482532430747 0.39223623599454094 139.3974290446344 305.4547125315655
208.22427394202273 0.3298167919151589 149.7248006949216 289.58027031892493
220.58353306023886 0.37969383041070703 150.89475808202195 322.45715938580827
205.65278804443312 0.21838212531246792 165.30745878123443 255.84489376500923
271.924444457712 0.407039247062813 180.99782288192088 408.52924259687984
99.38148903881749 0.1824149485130322 82.81017338675129 119.26892505640821
124.75550055273763 0.14895718089506246 107.49008872084848 144.7941396586212
220.359967658452 0.3928445022176759 148.77244497333706 326.3945507861798
92.69248405029224 0.14595571662462448 80.10447133721118 107.25863932420033
91.69609922199784 0.14031604642580553 79.69156879667564 105.50896085360066
95.0670111926563 0.11613815114606182 84.6431236676875 106.774611161412
87.11290410559951 0.15500900003952436 74.6041417874637 101.7189914647145
90.3421826743205 0.1527052953791365 77.54816252075342 105.24698078018372
88.35722870179085 0.14764582283101513 76.22901705935594 102.4150666639402
225.28132627363286 0.4550082640700603 142.9280984982879 355.0853646053015
195.5526979825395 0.40588017522621983 130.3143648869391 293.4508234869436
180.60774449519462 0.3535263643457337 126.82410896849709 257.19997275710466
187.64799577132186 0.37020033081838644 129.58894949370546 271.71892707336434
195.17047878133152 0.40713727628466434 129.8962624188739 293.2456644895696
189.57810574433228 0.36334819604708146 131.82205053528756 272.6391983106687
198.3914526826796 0.2799802235834631 149.94399970702565 262.4924543459387
184.89624133976224 0.36306262304857556 128.60326330033502 265.83011335982604
165.17959632106303 0.373517074523853 113.6946413573066 239.9787599051685
167.2491169347409 0.3124559917728974 122.36745293314524 228.5923784875469
164.6072538972648 0.42958007936005926 107.12348963852287 252.93750350207733
220.98156712461065 0.30881303539715926 162.27075316410276 300.93440781324676
222.64761497691308 0.4447885710611469 142.7081661245728 347.3659693141555
194.4698409978916 0.38892174041811867 131.80919065696182 286.91868047478823
249.31639602448237 0.2590148343763971 192.4252799437737 323.0275426638288
172.76011856450808 0.38199906939585315 117.90803603710972 253.1299779858035
206.86253103603704 0.26989097678074175 157.93183163768038 270.9530200650557
181.6486533171244 0.3339980035681394 130.0704649207669 253.67967487488167
206.4360930703081 0.36203768695529176 143.73239475258998 296.4944722133698
135.46198797104952 0.2975716791827364 100.59669358746527 182.41106671278555
252.22952516772878 0.425158616037974 164.87388875516513 385.8690654213426
200.46395607541075 0.2837304498835727 150.94326088989442 266.23114836983495
208.2093575513642 0.22508464062167205 166.2444772708214 260.76737876429104
239.80985284893347 0.24502106792928974 187.69630572582219 306.3926341066784
230.7567441458608 0.20718917386849842 187.57427984904044 283.88047130796775
189.11562913352535 0.3452053219190346 133.90804063257394 267.08419459816287
244.48995844833422 0.2508843144289198 190.24066412123483 314.2090575544623
171.75889825979675 0.5262274507435973 101.48025914560846 290.70796014710305
169.81512844371838 0.4065654255486877 113.08558710399485 255.00312273957212
197.66407665219668 0.33082895651893 141.98764556953853 275.1724422363946
297.43134301574867 0.4044967138352799 198.47967555574934 445.7151774379216
196.38193179310676 0.37720696693163835 134.67364776340094 286.3653266639529
212.86459643019728 0.3705657929499197 146.9497178918964 308.3458550544755
194.95520113487999 0.3373019468621218 139.13822278204637 273.16383442009743
195.77431201641278 0.40064473107770743 131.1468641210921 292.24931531805964
212.3847060281048 0.361370131783136 147.97290008657265 304.8346239632671
176.54655248030707 0.35405646284494774 123.90660944163176 251.5498191189253
193.52397676178657 0.36204793075356606 134.74087438743058 277.95225281089745
223.46963830787087 0.38306714648321283 152.35425160141992 327.7800174300173
232.03886804935604 0.23517938613944447 183.41026085084962 293.5606548720367
155.08318238815227 0.3758825624056576 106.49298038843625 225.8439323597756
167.14052668970155 0.3685137294804631 115.62141688811963 241.6157526346777
170.84258168145496 0.4377889060866253 110.27239814427622 264.6826241812317
211.5156888176318 0.3412596558261517 150.3610675627763 297.5430232119003
238.31810399843016 0.3339622490438452 170.6550220099449 332.80895003545123
164.77316899012942 0.33763944643361576 117.55782594895571 230.9518485892936
175.52094591318402 0.4032631799528229 117.2719041625935 262.7023298909274
204.70092750424567 0.4302296582220837 133.12923730478357 314.7503175817623
216.06168459183996 0.40229043583440843 144.49913305202654 323.06527079201095
219.58100847779153 0.21658002751992983 176.82157901962393 272.6806284134182
213.8087133988123 0.3103948503496512 156.75544289392585 291.62729587762743
