-43.5097315 172.71012 190.174054
-43.5105269 172.71724 182.579549
-43.4945064 172.69741 186.590087
-43.4963231 172.700396 182.286113
-43.4898579 172.689257 202.51994
-43.4945397 172.69619 208.602395
-43.4901192 172.693743 198.982206
-43.5554388 172.686688 176.322684
-43.5555478 172.687858 185.479874
-43.5548807 172.688547 182.426059
-43.5596902 172.680999 153.781011
-43.5617 172.6875 175.985259
-43.5615 172.6871 173.750279
-43.559408 172.706943 187.258519
-43.4815391 172.686888 179.784724
-43.4814276 172.6869 184.020224
-43.4819218 172.686613 188.23238
-43.5567972 172.697837 169.012078
-43.5570595 172.698318 183.092031
-43.4903416 172.691357 204.320906
-43.489696 172.692193 207.657119
-43.555425 172.700269 178.634534
-43.515 172.710568 185.510306
-43.555014 172.694375 187.5853
-43.51566 172.710935 189.923051
-43.5139125 172.710503 186.343368
-43.5571392 172.70024 178.287136
-43.558596 172.703806 179.422414
-43.5580942 172.705154 177.476734
-43.5594901 172.685929 174.24957
-43.5692779 172.690589 165.855827
-43.5692552 172.690186 166.259225
-43.5685941 172.690763 170.343929
-43.5688163 172.690361 163.282064
-43.557802 172.70707 192.253176
-43.4844352 172.679674 186.726465
-43.4806353 172.67522 203.002194
-43.476338 172.671299 200.976206
-43.4674438 172.668899 203.857374
-43.4650155 172.663696 202.75539
-43.5212056 172.708811 209.665737
-43.5189187 172.70202 196.136385
-43.4899052 172.685797 198.722553
-43.484113 172.684251 187.83899
-43.4865464 172.680779 191.922275
-43.4918231 172.683205 198.015365
-43.5572108 172.738189 174.674382
-43.5276686 172.734444 193.493815
-43.55681 172.749099 206.502414
-43.5560206 172.748546 193.332654
-43.5491901 172.746079 185.370227
-43.5173003 172.702099 200.359892
-43.4788857 172.710962 190.29667
-43.4752865 172.709242 182.390357
-43.4862214 172.708323 198.04867
-43.4804047 172.704957 185.122987
-43.4771408 172.706013 188.755206
-43.5378338 172.666542 165.232992
-43.5294162 172.680558 181.449704
-43.4962036 172.709268 189.559017
-43.5091585 172.724585 192.865428
-43.4912049 172.704537 184.90485
-43.491295 172.704598 185.4034
-43.4912052 172.70466 182.608368
-43.4911149 172.704587 192.793657
-43.4912953 172.704722 187.295858
-43.4911422 172.704723 183.738825
-43.4974976 172.710631 196.300164
-43.5004705 172.708082 189.506212
-43.4955859 172.707425 188.812621
-43.495226 172.707483 196.191328
-43.4943217 172.70584 195.330853
-43.4947678 172.70606 196.823697
-43.4929081 172.714846 195.63385
-43.4937931 172.713937 188.793208
-43.4934225 172.715122 194.820638
-43.4932972 172.715401 196.559486
-43.4932077 172.715615 197.541196
-43.4989783 172.708868 195.274452
-43.4993787 172.708807 190.598977
-43.4978042 172.709047 194.564303
-43.4975073 172.709094 191.733357
-43.4962206 172.709274 193.062415
-43.4963596 172.707304 191.750558
-43.4975658 172.714482 197.663854
-43.4979968 172.715889 199.858768
-43.5056561 172.7176 165.541159
-43.5051833 172.715664 195.644788
-43.5056325 172.717149 195.375892
-43.5050479 172.717316 190.437408
-43.5049044 172.715687 193.437894
-43.5029199 172.715767 186.684953
-43.5051784 172.717309 190.258805
-43.5044003 172.717495 191.747646
-43.5047512 172.717447 191.112765
-43.4963712 172.715501 194.881065
-43.4931952 172.714209 191.978701
-43.4952889 172.714601 190.338647
-43.4955555 172.715054 196.594532
-43.4964071 172.711841 185.891517
-43.4960776 172.711453 183.432307
-43.4965718 172.714731 195.659562
-43.4974249 172.715734 193.870062
-43.4967825 172.712591 193.124728
-43.5059554 172.716671 196.332519
-43.506443 172.719139 198.770516
-43.4918481 172.717238 197.392615
-43.4920495 172.71677 200.795243
-43.4922733 172.716265 198.207752
-43.4926492 172.71542 199.526094
-43.4928596 172.714952 197.530114
-43.493061 172.714503 194.330541
-43.4935894 172.71709 197.213879
-43.493581 172.717319 195.475116
-43.4935602 172.71803 200.958606
-43.4946523 172.715599 195.017685
-43.4943773 172.71539 194.146168
-43.4959408 172.714356 195.843094
-43.4942522 172.71213 189.731863
-43.4944974 172.705879 190.537613
-43.4952319 172.706271 197.818379
-43.49543 172.711633 192.493645
-43.4967351 172.715227 197.433447
-43.4970859 172.713356 197.73036
-43.496722 172.711769 181.332463
-43.5030371 172.71586 189.416822
-43.5040715 172.715567 190.714841
-43.5021718 172.717842 197.803491
-43.4973771 172.711002 194.978653
-43.495785 172.715012 194.526284
-43.4973732 172.714857 201.586429
-43.4993692 172.715809 196.58617
-43.4932681 172.718186 200.915897
-43.4942184 172.713029 192.41914
-43.4980957 172.712204 198.344606
-43.5109948 172.726944 184.887102
-43.5565463 172.734627 184.474903
-43.560476 172.739596 188.053669
-43.53957 172.669514 173.885388
-43.4776484 172.709648 196.902805
-43.5187519 172.709219 196.263273
-43.5614333 172.739656 185.856676
-43.5251137 172.737226 199.137906
-43.5031008 172.700898 185.113866
-43.4947478 172.709714 199.66648
-43.484565 172.71136 200.852851
-43.4949974 172.691593 193.833377
-43.4984242 172.710506 190.235235
-43.4989765 172.710423 185.30054
-43.500111 172.711253 193.185613
-43.4997616 172.711693 197.211008
-43.5001116 172.711611 196.634635
-43.4998745 172.710291 187.241081
-43.500579 172.710186 188.205144
-43.4793105 172.711717 191.741959
-43.4794994 172.711691 191.246534
-43.4794998 172.711828 192.211174
-43.4793459 172.71147 181.734736
-43.502 172.709997 193.450091
-43.4737309 172.666826 200.633533
-43.5222315 172.700277 196.679771
-43.4826332 172.671698 206.075561
-43.4612254 172.66703 197.694562
-43.4621945 172.665887 202.134392
-43.4977279 172.716763 205.207578
-43.4975486 172.717122 204.205133
-43.4977381 172.717282 206.361009
-43.561168 172.739609 204.421288
-43.561201 172.739804 181.499376
-43.4809924 172.714566 202.518313
-43.4811896 172.714194 203.730038
-43.5200852 172.695611 186.146158
-43.5202465 172.695338 188.315838
-43.4841997 172.711237 211.258901
-43.5211333 172.694176 187.062441
-43.4736016 172.665379 212.868169
-43.4736381 172.665552 205.783855
-43.4737366 172.665403 214.050535
-43.538853 172.70191 178.214891
-43.486067 172.682263 201.733035
-43.485966 172.711444 206.840021
-43.493084 172.691328 196.573772
-43.476069 172.69081 195.346511
-43.5356555 172.740648 198.434204
-43.5356471 172.740933 196.667842
-43.4815248 172.686567 188.815358
-43.481572 172.686712 188.222907
-43.485233 172.710848 200.623796
-43.4878851 172.681804 196.85313
-43.495245 172.691981 187.684936
-43.495557 172.689793 189.128662
-43.499054 172.71653 198.337573
-43.499204 172.716579 194.575772
-43.515767 172.709193 190.614921
-43.511543 172.692817 172.017905
-43.557759 172.738109 185.811096
-43.55782 172.73781 181.116527
-43.513856 172.708149 187.008575
-43.534728 172.676352 193.644564
-43.4807308 172.710525 201.411146
-43.4808769 172.710292 200.785926
-43.4964138 172.717016 205.29352
-43.4952819 172.718085 197.784924
-43.4949216 172.717988 200.641907
-43.5200408 172.695846 186.296094
-43.5203634 172.695263 188.262467
-43.496675 172.685317 191.997808
-43.502597 172.699553 187.737699
-43.479176 172.689094 196.630574
-43.5069361 172.713093 186.069527
-43.5011475 172.685141 186.675935
-43.5014858 172.684626 189.874115
-43.5007369 172.686077 187.572266
-43.5026241 172.696703 183.303883
-43.5165348 172.669961 187.81903
-43.5165919 172.671964 179.595025
-43.514547 172.668532 182.01701
-43.5147258 172.666873 177.601443
-43.5157433 172.6712 182.525358
-43.5175866 172.671795 171.860534
-43.5180042 172.671133 190.400876
-43.5229108 172.6688 183.58705
-43.5217251 172.669234 207.993449
-43.5225633 172.670443 195.047962
-43.5207332 172.675395 196.520242
-43.5247328 172.68175 178.629905
-43.5229218 172.683694 176.591326
-43.5124326 172.720863 180.418439
-43.5704224 172.64165 159.162042
-43.5673575 172.641225 156.582665
-43.5001379 172.674357 194.984811
-43.4993627 172.677882 170.418857
-43.50145 172.691645 183.21877
-43.5009851 172.692372 194.205512
-43.4999105 172.687833 183.410655
-43.4978534 172.700351 185.32006
-43.5291606 172.650754 182.198019
-43.5308261 172.639451 204.418441
-43.5309459 172.642683 176.256963
-43.5309954 172.64536 183.983779
-43.5321116 172.639823 182.83328
-43.5318968 172.642792 176.594044
-43.5368639 172.636785 156.203368
-43.536201 172.650294 163.772896
-43.5378789 172.647909 170.962086
-43.5384977 172.650291 171.419602
-43.5408959 172.651278 163.372309
-43.5290299 172.642095 185.175329
-43.5139966 172.664272 198.496348
-43.5147947 172.663062 192.701321
-43.5142726 172.66735 188.266286
-43.525076 172.659394 204.335796
-43.5102302 172.651839 176.997505
-43.5124942 172.652656 173.788983
-43.5082856 172.65725 178.323262
-43.5132098 172.657428 197.19263
-43.5083263 172.660049 193.178957
-43.5102437 172.65977 184.96804
-43.501067 172.660754 202.284768
-43.5049211 172.657927 199.30117
-43.5069679 172.658027 186.84845
-43.5052096 172.654385 184.92232
-43.5049131 172.656376 199.202456
-43.5053941 172.662752 205.915861
-43.5547649 172.644643 168.216718
-43.5181595 172.676647 177.89921
-43.5141376 172.682851 163.674106
-43.5118917 172.683636 179.385995
-43.5524772 172.668096 156.430781
-43.5511789 172.677952 171.357307
-43.5569272 172.676274 188.286816
-43.5517591 172.680282 173.237878
-43.5524522 172.680358 166.789973
-43.5531005 172.690662 167.28238
-43.5441229 172.659979 168.884792
-43.5487449 172.653124 170.662741
-43.5501931 172.649967 160.692284
-43.5382117 172.654332 159.664471
-43.5373634 172.657059 166.584596
-43.5206659 172.674888 174.751908
-43.517942 172.671808 187.383062
-43.5071293 172.680624 171.434066
-43.5054872 172.682131 185.16674
-43.5169586 172.672833 174.020122
-43.518989 172.675662 169.142848
-43.5265961 172.652703 195.989635
-43.5281354 172.679691 182.595989
-43.5288024 172.651317 202.784722
-43.533193 172.668984 180.946887
-43.5355464 172.663364 155.820779
-43.525886 172.682846 203.031623
-43.5550178 172.666497 183.32224
-43.5575048 172.663137 148.60505
-43.5564745 172.666071 173.759967
-43.5077296 172.689201 184.230198
-43.5052227 172.709367 185.948496
-43.5365747 172.649399 157.95907
-43.5366911 172.649225 161.262907
-43.536493 172.649226 157.048376
-43.5423678 172.657368 165.644152
-43.5410863 172.657604 166.43116
-43.529648 172.642911 177.183202
-43.5475652 172.65413 147.721565
-43.5345691 172.671428 196.772157
-43.5344525 172.67159 190.396549
-43.5070134 172.655248 198.138412
-43.5040798 172.655822 189.425795
-43.5339315 172.648774 178.806478
-43.5337775 172.648453 182.117553
-43.5565961 172.676774 184.41803
-43.5566237 172.676997 182.470155
-43.537358 172.656821 168.366218
-43.5481247 172.654556 160.18427
-43.5482506 172.654481 170.231059
-43.5484217 172.654517 173.173354
-43.5014974 172.706673 180.465542
-43.5378831 172.656285 171.427369
-43.5274169 172.649279 182.919948
-43.5385394 172.652965 171.673818
-43.5476884 172.647292 157.97503
-43.5054257 172.692663 194.691442
-43.534053 172.644246 185.741268
-43.5626248 172.663269 164.720566
-43.52671 172.651261 191.940232
-43.539464 172.652099 161.293569
-43.539453 172.651764 162.913273
-43.539762 172.652122 160.933099
-43.554547 172.667629 192.527567
-43.554296 172.667424 182.371583
-43.5351692 172.651764 190.725743
-43.5353277 172.651812 190.308222
-43.5326641 172.652306 194.537862
-43.5327829 172.652302 186.315137
-43.505725 172.688362 190.409259
-43.508834 172.668326 194.255472
-43.5371801 172.679439 187.643392
-43.5370306 172.679405 193.707616
-43.5103432 172.676187 190.970299
-43.535126 172.650256 171.110242
-43.53719 172.649694 169.264916
-43.537872 172.649289 165.154483
-43.537919 172.649546 165.736099
-43.5377601 172.649632 156.664686
-43.537713 172.649223 163.823929
-43.537523 172.649734 164.407479
-43.537312 172.649447 163.791148
-43.537411 172.649613 166.570245
-43.537628 172.649439 167.333974
-43.537142 172.649404 167.656476
-43.536978 172.648802 167.712182
-43.5369349 172.649446 164.386917
-43.5369371 172.650152 157.227488
-43.5371971 172.649804 165.954125
-43.5374054 172.650186 163.971084
-43.5375394 172.649827 162.418364
-43.537882 172.649986 162.616299
-43.538963 172.654404 157.704245
-43.539073 172.654356 153.298638
-43.514414 172.677778 181.85957
-43.5487997 172.631156 165.770694
-43.5484108 172.630286 172.063008
-43.5490136 172.6305 166.884558
-43.5495054 172.630619 171.591681
-43.5504167 172.631872 183.509431
-43.51048 172.658723 192.142038
-43.529094 172.642558 190.765789
-43.51353 172.669635 182.288062
-43.511287 172.672171 200.956073
-43.511568 172.692372 181.984102
-43.5145111 172.677571 187.173365
-43.512072 172.666605 194.364532
-43.5495559 172.632353 174.674219
-43.5493477 172.631672 179.523741
-43.5495329 172.631617 193.755045
-43.5491248 172.631505 181.513253
-43.5487915 172.631403 163.222012
-43.5484834 172.631333 166.260598
-43.5489863 172.631259 168.701562
-43.5493112 172.631244 192.515514
-43.5497948 172.63245 187.234969
-43.5497804 172.631625 193.341669
-43.5495497 172.631242 195.020645
-43.5498053 172.631239 187.015528
-43.5497392 172.63055 172.019565
-43.5491527 172.630933 170.92314
-43.5488086 172.63085 159.423345
-43.5484635 172.631014 166.175295
-43.5484336 172.630675 161.584545
-43.5488997 172.630347 168.906166
-43.5493277 172.630486 171.740363
-43.548769 172.62973 172.868053
-43.5487615 172.629927 189.444408
-43.53063 172.641362 182.593598
-43.525444 172.676181 182.671767
-43.551772 172.676979 163.936936
-43.547686 172.648537 172.690842
-43.5399326 172.656511 164.162494
-43.5399265 172.656422 161.751721
-43.5578025 172.685264 177.946328
-43.5501306 172.692209 164.199946
-43.5362415 172.647366 184.97932
-43.5508473 172.670331 173.077342
-43.5386661 172.65617 171.092232
-43.534862 172.647632 168.338933
-43.535135 172.647341 183.48776
-43.534794 172.647122 183.433799
-43.535116 172.647007 173.981172
-43.507856 172.652736 172.795915
-43.507795 172.652942 167.414054
-43.5468275 172.65707 189.684734
