-43.559198 172.679751 185.923406
-43.5190223 172.644861 190.554024
-43.5204329 172.641152 178.190477
-43.5242781 172.642928 195.642408
-43.5204524 172.64335 199.8415
-43.5158538 172.639419 195.630195
-43.5183381 172.639539 180.449884
-43.5151489 172.637788 220.308539
-43.467086 172.666887 203.158432
-43.4662646 172.664565 206.297691
-43.4662427 172.665682 210.95347
-43.464873 172.664833 212.694548
-43.4655818 172.666532 209.848112
-43.4644505 172.665322 205.776434
-43.4996429 172.626485 179.360272
-43.4988396 172.62718 183.667979
-43.5243399 172.643066 185.577409
-43.5239033 172.644152 199.110868
-43.4921836 172.61928 168.077807
-43.4919388 172.619306 165.569015
-43.4918417 172.619628 174.473947
-43.4916579 172.619592 167.323465
-43.4915858 172.619867 175.509048
-43.4913832 172.619853 172.012699
-43.4913004 172.620133 179.84472
-43.490983 172.619711 166.044399
-43.4914721 172.61923 164.194199
-43.4919694 172.618752 176.745742
-43.3831033 172.659329 197.889748
-43.3813083 172.655174 185.675296
-43.3829573 172.657316 202.731809
-43.3802301 172.655345 214.569646
-43.3833003 172.657961 212.523101
-43.4052315 172.668405 223.855323
-43.3835991 172.703101 188.198244
-43.3765713 172.703011 171.976684
-43.3784031 172.702201 182.781071
-43.5225371 172.66724 181.23605
-43.3556723 172.664443 209.117564
-43.3837859 172.65738 222.166469
-43.3838943 172.65749 209.582984
-43.382333 172.656064 199.860923
-43.3821862 172.655152 179.852326
-43.382185 172.654745 205.160809
-43.3817563 172.655858 172.436166
-43.5386115 172.66565 181.989187
-43.4167765 172.693203 204.365721
-43.4162473 172.692877 203.480895
-43.4068392 172.693869 202.048212
-43.4070954 172.696616 192.559385
-43.4141975 172.692772 204.754634
-43.4108938 172.693252 205.971565
-43.3845811 172.657344 199.399964
-43.4685408 172.665296 210.613812
-43.4603931 172.665699 211.543445
-43.283615 172.716862 217.111031
-43.4273416 172.694469 201.868204
-43.4643447 172.667944 209.56918
-43.4160755 172.694378 196.738726
-43.403209 172.650243 208.128079
-43.3818115 172.659564 218.85646
-43.381711 172.659058 214.283999
-43.3808174 172.661408 202.570163
-43.312903 172.699874 200.485175
-43.312987 172.700031 213.541741
-43.517308 172.656251 180.819392
-43.544086 172.688006 190.425336
-43.544149 172.687812 197.950823
-43.38358 172.65824 217.058754
-43.383719 172.65853 199.357825
-43.519435 172.658001 179.853789
-43.4911222 172.670964 196.126292
-43.5132774 172.654241 182.228155
-43.52321 172.647813 171.943519
-43.5233716 172.649547 200.770121
-43.5252454 172.650478 198.061807
-43.521575 172.664302 163.79182
-43.4807352 172.584665 186.981326
-43.4815514 172.588235 166.305835
-43.5618222 172.640085 153.866972
-43.5628125 172.64053 164.331871
-43.5632512 172.644531 150.295928
-43.5643607 172.63963 168.329166
-43.5000566 172.672893 190.058957
-43.4975282 172.672738 188.716165
-43.5244694 172.640003 183.445494
-43.5308635 172.646463 178.15061
-43.5322394 172.636735 186.353932
-43.534435 172.645534 183.01605
-43.5385251 172.627666 200.503103
-43.5381296 172.630747 207.287515
-43.540458 172.618035 157.583611
-43.5397496 172.627181 206.687422
-43.529043 172.642093 184.677564
-43.5199044 172.655386 176.092037
-43.5119414 172.659242 190.444142
-43.5030888 172.653778 179.675597
-43.5631155 172.626705 147.409138
-43.5649807 172.627895 152.924209
-43.5624677 172.627771 154.567284
-43.5596853 172.627635 157.533213
-43.5616219 172.629164 171.225271
-43.5619083 172.630514 159.432492
-43.5633088 172.63075 152.709388
-43.5645587 172.6299 160.770737
-43.5604639 172.630702 159.760987
-43.5613654 172.632789 155.094587
-43.5585614 172.631913 159.13143
-43.5599875 172.633815 156.529865
-43.5609484 172.636824 163.456522
-43.5596564 172.636675 157.327081
-43.5582706 172.634717 161.576762
-43.5563325 172.633571 161.347363
-43.5546554 172.633551 174.673727
-43.5538902 172.632494 161.887048
-43.5572606 172.63082 192.901644
-43.556663 172.626257 179.842889
-43.5513132 172.62028 159.757343
-43.5553155 172.624083 171.757368
-43.5581373 172.616557 170.280879
-43.5598764 172.619617 162.271928
-43.5652618 172.626173 158.600541
-43.5697902 172.619152 210.472703
-43.5040506 172.618021 171.149535
-43.507194 172.620764 190.510188
-43.5072564 172.62379 188.460758
-43.5144593 172.629041 181.909688
-43.5025706 172.628052 175.461227
-43.5065943 172.631572 184.952275
-43.5061597 172.643332 178.746501
-43.5063968 172.645823 185.029391
-43.5030012 172.651171 172.326205
-43.5051287 172.651907 164.200366
-43.5109823 172.651391 166.443329
-43.51004 172.647561 177.404386
-43.5166501 172.65155 176.328738
-43.5205821 172.639552 166.640422
-43.5604949 172.648051 182.252097
-43.5604902 172.649387 158.219134
-43.5601976 172.650759 233.975885
-43.5554187 172.658245 194.727671
-43.5578963 172.656292 196.58956
-43.5590678 172.657019 251.342653
-43.5599187 172.655486 199.577522
-43.5599304 172.653478 231.675717
-43.5559181 172.638482 164.923529
-43.5563369 172.64071 164.5333
-43.6620069 172.543452 204.217313
-43.6641704 172.545012 194.258917
-43.6658422 172.551279 178.698228
-43.6634252 172.552658 189.37384
-43.547948 172.663849 194.20629
-43.5449425 172.668602 187.577765
-43.5467415 172.677562 190.110473
-43.5428863 172.680467 197.498933
-43.5529009 172.668929 188.397136
-43.5519159 172.690343 188.024896
-43.5441538 172.685484 194.636601
-43.5430128 172.650623 156.582174
-43.5402329 172.656771 167.297863
-43.5422943 172.658678 171.587007
-43.5459924 172.661925 199.316895
-43.5461893 172.65008 165.506669
-43.528885 172.642108 186.369478
-43.5423166 172.615852 164.14815
-43.542436 172.622156 166.743335
-43.5423218 172.623395 157.297951
-43.5423823 172.626761 163.767061
-43.5424857 172.630417 166.142742
-43.5426489 172.640072 176.14179
-43.543039 172.646614 176.45587
-43.5470166 172.633765 171.030071
-43.5131494 172.677215 176.961522
-43.5194462 172.670668 199.393688
-43.5200359 172.675283 198.879889
-43.5182366 172.600373 203.077647
-43.5221977 172.610709 197.816091
-43.5737085 172.572561 158.792036
-43.5751347 172.572535 201.896441
-43.5889285 172.565947 177.143731
-43.5770372 172.576575 172.781224
-43.5792265 172.566573 169.098914
-43.5730629 172.568902 175.014395
-43.5588377 172.670414 184.667474
-43.559765 172.670217 262.738005
-43.5679234 172.609362 169.903539
-43.5706502 172.607709 166.579562
-43.558281 172.586683 167.019701
-43.563595 172.588248 177.401426
-43.5614128 172.603575 185.276933
-43.5692613 172.606737 166.937229
-43.5688537 172.6109 174.817316
-43.5713868 172.608122 168.868649
-43.5708845 172.61164 162.492238
-43.3862957 172.671656 182.460555
-43.3868662 172.667184 209.536436
-43.3845377 172.667243 212.874828
-43.3859207 172.668778 198.905653
-43.3851392 172.670481 207.704709
-43.383629 172.670754 214.986862
-43.3861087 172.673362 206.35317
-43.3805545 172.664951 215.551226
-43.3826198 172.667412 202.823619
-43.380527 172.668754 203.753217
-43.3834423 172.672524 216.159579
-43.3820193 172.669903 211.838181
-43.3811475 172.673596 228.32182
-43.3866189 172.665203 206.190729
-43.3864645 172.665137 210.215745
-43.3868374 172.665677 199.327768
-43.3867672 172.66769 205.167418
-43.3863202 172.67165 220.104484
-43.386084 172.669807 216.55993
-43.386088 172.670832 201.476903
-43.387745 172.664225 198.26147
-43.3872828 172.663282 198.611314
-43.3833846 172.653949 185.789349
-43.3809881 172.647733 191.492128
-43.3802853 172.652649 202.148133
-43.3817649 172.654042 194.231682
-43.3860877 172.661167 208.693879
-43.3868158 172.662449 197.49236
-43.3875606 172.663821 208.078312
-43.5404705 172.659958 185.363968
-43.5441787 172.669702 183.964666
-43.5429998 172.675167 178.376076
-43.5397762 172.677666 191.938571
-43.5137817 172.622638 183.047799
-43.5552205 172.659623 191.169077
-43.5023684 172.612235 185.278356
-43.4932287 172.606719 168.768804
-43.506315 172.617078 190.038024
-43.5063865 172.61965 192.184156
-43.5068425 172.62144 183.638362
-43.4957512 172.600794 164.577486
-43.3885882 172.643395 204.988484
-43.3933063 172.642435 181.465518
-43.5063296 172.654844 183.9681
-43.5091094 172.652661 171.47656
-43.5226834 172.614547 202.263897
-43.5090562 172.647988 173.12284
-43.5054807 172.624477 183.552973
-43.5178039 172.597264 214.684272
-43.5215782 172.611356 211.958105
-43.3804992 172.670631 224.61927
-43.3803531 172.671148 225.707315
-43.5559787 172.596197 202.153115
-43.5064911 172.644449 207.372109
-43.3816216 172.671027 231.197355
-43.5261087 172.650881 198.158087
-43.3798806 172.665679 229.57356
-43.5287328 172.634611 193.528933
-43.5287076 172.635015 160.493886
-43.5453804 172.589139 225.798454
-43.5190019 172.624441 186.439027
-43.5061377 172.617133 186.515759
-43.5061725 172.619765 180.411217
-43.5433269 172.65562 174.997683
-43.5067713 172.646201 185.444412
-43.4801249 172.583527 189.202564
-43.4799683 172.583271 194.5383
-43.4798084 172.583511 188.027241
-43.4800253 172.586343 179.227181
-43.478242 172.60871 183.67933
-43.5054754 172.618289 181.312673
-43.507467 172.623911 227.929371
-43.5603684 172.646871 174.098581
-43.5624133 172.6482 200.297932
-43.5231602 172.668626 180.865011
-43.5267852 172.652422 176.959352
-43.3824847 172.673237 226.074294
-43.5056381 172.620826 183.914162
-43.5070273 172.618767 194.359359
-43.5221934 172.649356 177.596306
-43.5637235 172.626038 154.984578
-43.5597519 172.65548 190.307683
-43.5041362 172.62064 172.332667
-43.5593872 172.602478 172.199057
-43.5651784 172.607942 200.843803
-43.5420869 172.658773 165.132234
-43.5122558 172.619605 180.492721
-43.5072076 172.622448 169.905871
-43.5051235 172.640666 210.714134
-43.5581582 172.655634 211.124762
-43.517888 172.596662 181.715406
-43.525 172.6351 169.111481
-43.5253 172.6344 189.189899
-43.5067767 172.612261 179.582124
-43.5246711 172.602618 180.571337
-43.5075319 172.61191 202.578533
-43.556491 172.658 198.689984
-43.5111149 172.617058 179.996135
-43.511322 172.617045 183.751829
-43.3798703 172.648033 207.682517
-43.5067789 172.618273 190.601525
-43.5083672 172.611311 175.06439
-43.5085026 172.611384 210.007517
-43.5276235 172.631356 184.969211
-43.5118537 172.675412 194.341159
-43.5864492 172.551586 188.005574
-43.5867549 172.55146 186.110054
-43.5049908 172.614875 179.104462
-43.5626896 172.647341 186.458867
-43.5626254 172.646994 147.988643
-43.581382 172.559524 202.44301
-43.5628776 172.64703 149.910657
-43.5627955 172.646659 146.488942
-43.5368776 172.636961 208.030758
-43.5626337 172.646771 148.939015
-43.5077598 172.621336 185.180001
-43.5146607 172.624633 178.105377
-43.5147332 172.624768 178.992962
-43.520077 172.629028 180.1187
-43.5197158 172.628767 174.374656
-43.5315278 172.639008 169.849819
-43.5048643 172.611238 177.434616
-43.5047844 172.61156 168.766733
-43.5109179 172.614709 193.278895
-43.508059 172.624141 180.146388
-43.542708 172.642991 173.503286
-43.54284 172.643477 176.332222
-43.516332 172.629076 173.326634
-43.5178974 172.607117 180.105242
-43.5112998 172.615795 162.149238
-43.5256691 172.639411 196.45652
-43.3794208 172.64804 232.151239
-43.5264788 172.634307 182.893906
-43.5248422 172.62947 177.743793
-43.5022747 172.623064 166.649593
-43.5238669 172.62856 163.487712
-43.5073029 172.621511 180.419096
-43.5059202 172.617277 180.152247
-43.5060997 172.617115 183.428576
-43.564656 172.630253 171.568444
-43.5645129 172.630526 173.606955
-43.5064365 172.618201 181.522306
-43.5592889 172.602413 180.966177
-43.352091 172.676791 217.984422
-43.3800847 172.667528 203.876116
-43.3827245 172.653171 197.353695
-43.3801393 172.646991 201.330539
-43.5105112 172.616914 180.848651
-43.668998 172.506334 193.269014
-43.668731 172.506474 196.106394
-43.38075 172.669161 218.655432
-43.3819417 172.673292 231.006697
-43.3805015 172.672111 240.078847
-43.3814309 172.672501 240.256931
-43.3817498 172.670511 234.288558
-43.3809955 172.668886 210.194636
-43.3805149 172.673116 237.648888
-43.3823746 172.672656 235.292666
-43.3820084 172.671436 223.391708
-43.3797251 172.66625 220.35603
-43.3811861 172.664478 195.081323
-43.37975 172.66533 232.680295
-43.3796547 172.667076 195.229069
-43.3812795 172.667978 231.413086
-43.542 172.6137 159.994257
-43.3806499 172.667343 208.94764
-43.5414 172.6138 167.604855
-43.5584461 172.657039 223.557788
-43.5597003 172.554772 185.046972
-43.559922 172.553656 185.556759
-43.5598057 172.553834 180.647928
-43.559333 172.554528 179.837531
-43.5597503 172.554195 179.860116
-43.5598331 172.554638 183.815486
-43.5595 172.555111 179.949423
-43.5076557 172.653241 183.231759
-43.5623423 172.647459 193.336422
-43.5592251 172.655287 224.262935
-43.5431709 172.618925 155.67338
-43.5435788 172.620024 170.060561
-43.507722 172.640293 192.712151
-43.5181114 172.617101 206.072466
-43.5097032 172.614952 182.529319
-43.5237671 172.632658 178.838007
-43.4798396 172.585805 182.01172
-43.5477 172.6337 172.252371
-43.5479 172.6338 170.763586
-43.5109639 172.657303 199.990885
-43.576173 172.599406 226.147278
-43.5758849 172.599421 221.14156
-43.5598495 172.655416 205.291368
-43.509043 172.609654 231.770199
-43.5734554 172.549797 192.508615
-43.4942912 172.658669 212.24276
-43.660983 172.546017 205.138297
-43.513022 172.620566 183.285287
-43.512614 172.620267 179.747141
-43.5124335 172.619861 180.055422
-43.5128282 172.61968 178.263021
-43.5132307 172.619945 185.309293
-43.5133663 172.620419 187.371965
-43.5129864 172.620128 182.938566
-43.5625889 172.641047 140.995568
-43.5205 172.6305 172.749501
-43.4817377 172.58252 183.919726
-43.481782 172.583483 187.864411
-43.5619781 172.636517 187.739086
-43.5401 172.6118 172.314613
-43.5392 172.6112 173.180839
-43.5296 172.6029 181.919047
-43.5399821 172.664657 184.336713
-43.5010882 172.625413 170.095842
-43.5042064 172.63715 182.592101
-43.5056076 172.634276 187.042985
-43.504787 172.638128 183.206428
-43.5071377 172.648608 173.092327
-43.5055712 172.649235 177.358089
-43.5589621 172.654732 236.462361
-43.5617266 172.648975 165.404847
-43.5217837 172.606439 202.991851
-43.5637525 172.624848 170.213567
-43.5636988 172.624947 169.503271
-43.5474995 172.687452 185.496027
-43.5597217 172.602608 184.804951
-43.5052564 172.618957 176.181199
-43.5045724 172.621766 181.000485
-43.5049082 172.619898 178.930149
-43.5020796 172.622877 168.300579
-43.4966129 172.632407 188.175021
-43.505076 172.647599 175.953512
-43.5080393 172.649698 175.855527
-43.5040724 172.646367 184.146217
-43.5110003 172.648749 176.162762
-43.5071342 172.630626 193.307926
-43.5043109 172.644689 184.230394
-43.5028726 172.648733 176.394725
-43.5112589 172.640066 180.548011
-43.5165173 172.621904 184.262159
-43.5119481 172.619379 180.442855
-43.4809304 172.582507 191.362562
-43.3828289 172.673592 236.473716
-43.3798971 172.669615 228.134701
-43.5245421 172.634124 188.191106
-43.5247402 172.634123 180.426351
-43.5008925 172.623469 174.94706
-43.557839 172.665889 197.181487
-43.5551521 172.665342 183.219805
-43.5564604 172.664683 172.529811
-43.5542144 172.667645 192.4395
-43.5607625 172.639331 179.160985
-43.5053527 172.626652 175.886385
-43.5073119 172.649902 171.764745
-43.5102009 172.648929 190.473265
-43.5116673 172.614382 177.762911
-43.5013047 172.622203 165.889683
-43.5022863 172.624302 174.187993
-43.549453 172.59146 160.119881
-43.525824 172.636045 182.191436
-43.5443997 172.648008 178.295236
-43.5446361 172.648195 179.40884
-43.5565337 172.587469 178.626615
-43.555814 172.586079 173.393521
-43.5018069 172.622521 162.212134
-43.5551556 172.592969 173.952695
-43.5589399 172.601903 165.008769
-43.5613343 172.605647 188.848067
-43.5672926 172.607913 174.002412
-43.5275565 172.631311 182.872954
-43.5409767 172.663935 186.946422
-43.5391779 172.665393 186.081698
-43.5405547 172.667994 179.031757
-43.5023043 172.621122 162.87248
-43.5021605 172.621222 163.686856
-43.55509 172.587758 165.829482
-43.5556816 172.593453 182.344455
-43.5020629 172.626989 174.320407
-43.5061526 172.647816 194.882093
-43.5046917 172.647336 172.717495
-43.523225 172.647303 193.754753
-43.5246346 172.649986 211.342107
-43.3852899 172.672484 205.900423
-43.3834421 172.666911 225.31388
-43.384909 172.671105 214.978171
-43.3858832 172.667668 210.648957
-43.3849076 172.673582 207.862689
-43.3862266 172.666418 210.495596
-43.3870131 172.673408 204.694299
-43.3820451 172.667903 221.817505
-43.3835119 172.668871 204.234478
-43.3826335 172.668835 215.9644
-43.3839844 172.672677 203.191408
-43.3827145 172.67186 204.437104
-43.3841013 172.666186 218.768861
-43.3819087 172.665333 215.9919
-43.3834712 172.660542 230.499172
-43.3824028 172.666143 224.190159
-43.3852337 172.666826 212.29734
-43.3850941 172.665529 205.097584
-43.3828371 172.670133 219.801046
-43.3846445 172.669002 213.127524
-43.3802445 172.654137 203.039543
-43.380769 172.654213 223.441866
-43.3777742 172.701581 183.635766
-43.3766545 172.701655 186.454683
-43.5257974 172.652617 207.429383
-43.5583863 172.661312 201.61133
-43.5047391 172.616311 179.639696
-43.4726321 172.622995 235.931908
-43.4734173 172.625203 163.957242
-43.4709395 172.613974 183.760856
-43.4735976 172.616851 179.522767
-43.480199 172.584719 180.011245
-43.3817494 172.652131 205.000954
-43.5036372 172.649249 171.960954
-43.5056348 172.615462 177.869446
-43.4813795 172.585583 185.951591
-43.5179104 172.599016 190.860013
-43.5419994 172.667736 186.703667
-43.5575579 172.6195 178.708327
-43.5575133 172.6196 175.405322
-43.5576132 172.619884 177.860253
-43.507835 172.622606 175.192386
-43.5422962 172.666871 184.990694
-43.4796285 172.585054 198.929042
-43.4814803 172.584077 187.920994
-43.5103159 172.616588 182.338747
-43.5002925 172.624532 173.544212
-43.5252766 172.604942 177.605126
-43.4729795 172.615574 171.285272
-43.5035596 172.657077 182.641163
-43.5056694 172.652783 179.737696
-43.5044779 172.626383 173.968395
-43.5062907 172.63266 190.224009
-43.5069546 172.629143 191.727745
-43.5074867 172.64613 179.938832
-43.5061506 172.648593 173.445983
-43.5050704 172.613687 180.724699
-43.5048579 172.649349 172.546013
-43.5024677 172.645112 171.855604
-43.5560729 172.590386 184.128963
-43.5564071 172.589239 177.972962
-43.5653545 172.606225 184.099294
-43.5120748 172.620221 184.603038
-43.5114244 172.618428 196.439619
-43.512289 172.616475 175.159661
-43.5039295 172.619102 193.834129
-43.5527761 172.658713 169.663492
-43.5543472 172.668544 197.152478
-43.5057022 172.614128 185.964013
-43.5052416 172.612154 190.484141
-43.5412331 172.65615 186.099077
-43.5411576 172.657813 173.895841
-43.4667 172.643 153.590202
-43.5229579 172.615989 186.130314
-43.5557356 172.589135 176.755751
-43.5019681 172.621293 156.746563
-43.5547806 172.659989 168.138619
-43.5631373 172.648666 198.429043
-43.6399722 172.556555 195.920601
-43.541039 172.659271 167.747243
-43.5439638 172.656317 167.818828
-43.5444416 172.658101 181.998463
-43.5011746 172.613756 168.375619
-43.5037922 172.620225 178.625278
-43.4716466 172.621144 191.775137
-43.501596 172.624524 168.826414
-43.5318865 172.598338 189.002434
-43.605812 172.560941 209.080693
-43.606118 172.561336 193.369163
-43.5009832 172.624531 168.934316
-43.556206 172.658793 207.182083
-43.5045817 172.62372 177.819415
-43.5511641 172.654259 170.679905
-43.516324 172.620559 193.965505
-43.5041501 172.61879 174.924222
-43.5023101 172.619601 164.533018
-43.4833284 172.580758 186.4336
-43.4839963 172.582675 192.458192
-43.5019483 172.62033 162.214473
-43.501844 172.629058 213.888854
-43.5029472 172.643829 195.236754
-43.4727138 172.614683 172.92996
-43.4717671 172.614939 191.584188
-43.4720074 172.612248 180.770951
-43.5093793 172.648799 195.540107
-43.5102953 172.650176 190.687794
-43.5054418 172.621489 181.677701
-43.5023637 172.61812 170.574607
-43.5034355 172.617428 170.408657
-43.5001143 172.622367 205.617108
-43.5038093 172.609236 197.669062
-43.5027966 172.611275 192.518062
-43.5034785 172.615321 166.566244
-43.4773309 172.609326 183.697387
-43.5248644 172.603514 175.870161
-43.5556852 172.588435 177.551459
-43.5061757 172.626378 183.253975
-43.5091027 172.626622 201.221985
-43.5051214 172.646328 180.753744
-43.5625925 172.605509 199.627009
-43.5065963 172.62278 181.824501
-43.5026467 172.609936 178.131337
-43.5420112 172.664089 186.981095
-43.5041833 172.613114 177.887433
-43.5416557 172.66671 183.620857
-43.5411553 172.667242 187.696697
-43.5431363 172.670596 182.886751
-43.4726817 172.624163 195.985523
-43.4714032 172.621745 185.209129
-43.4725281 172.625074 173.894012
-43.4742258 172.623016 169.492043
-43.4712125 172.614997 184.55037
-43.4722973 172.611431 180.385074
-43.471398 172.611337 162.724689
-43.4794968 172.608338 183.375908
-43.4773761 172.608339 203.795488
-43.5625084 172.643709 166.085478
-43.531103 172.641825 172.010287
-43.531322 172.641814 173.09137
-43.531497 172.641736 169.872419
-43.5315 172.641528 167.985383
-43.531303 172.641308 167.391956
-43.565977 172.606562 178.532071
-43.531229 172.641297 166.117339
-43.5674995 172.609067 172.615637
-43.5040501 172.609617 177.789789
-43.5020683 172.615468 172.706485
-43.4740945 172.624472 160.053718
-43.4828555 172.586611 202.894353
-43.5563575 172.592404 172.03856
-43.5607375 172.634372 158.959485
-43.5072261 172.644316 208.695592
-43.5045802 172.64196 186.281977
-43.5069969 172.642548 197.555774
-43.506703 172.642123 188.687845
-43.5519788 172.657761 200.753963
-43.5524627 172.652713 190.006614
-43.5524319 172.654105 194.220362
-43.5592878 172.654657 300.440719
-43.557517 172.652905 169.257512
-43.5658084 172.646283 181.620119
-43.5677139 172.588617 190.555237
-43.5678168 172.588186 188.835681
-43.5612641 172.637764 181.236397
-43.5249973 172.611773 179.010443
-43.525092 172.611295 175.182958
-43.525203 172.610575 177.848169
-43.4805879 172.587349 183.482799
-43.4817308 172.586813 177.891816
-43.4817632 172.588327 170.967354
-43.4821144 172.589317 213.732902
-43.5232556 172.631109 182.862732
-43.5244545 172.635112 175.01368
-43.5294901 172.633039 197.414802
-43.5294906 172.633212 197.453215
-43.5481074 172.645928 157.597387
-43.5407328 172.668876 181.637842
-43.5250693 172.6284 175.814404
-43.5250754 172.628622 178.489965
-43.5457602 172.680304 205.547217
-43.51798 172.597971 201.712591
-43.5000919 172.651053 164.769437
-43.481015 172.583548 186.706811
-43.484664 172.582325 194.7866
-43.4838532 172.591514 185.623945
-43.5415969 172.659009 166.836251
-43.5420719 172.655755 166.460117
-43.4843285 172.583787 191.908282
-43.5048113 172.610987 204.388893
-43.5032506 172.613929 184.369981
-43.5027841 172.61337 173.484851
-43.5042195 172.615194 177.132242
-43.5033483 172.612652 174.656918
-43.5144759 172.599057 257.552712
-43.5216976 172.614446 210.147689
-43.4721918 172.615752 175.694698
-43.4714121 172.623231 188.474882
-43.5039983 172.611175 175.006656
-43.5046183 172.612152 178.564594
-43.5014071 172.612694 175.482379
-43.5026832 172.614823 175.884672
-43.5016775 172.614879 182.509474
-43.5041676 172.61619 171.439159
-43.5582444 172.607289 170.756334
-43.5600923 172.635066 154.872832
-43.5604235 172.636676 163.345601
-43.4982947 172.629243 173.060776
-43.4995392 172.628512 176.000953
-43.5612411 172.65 217.085751
-43.4723276 172.613746 180.587162
-43.5066214 172.627488 186.706403
-43.5035268 172.647627 176.325055
-43.505069 172.621212 182.030186
-43.5503513 172.660846 180.956407
-43.5551955 172.668348 192.285066
-43.50077 172.621731 173.482797
-43.5080088 172.623414 186.82182
-43.546668 172.665265 187.760502
-43.5517888 172.655559 180.416652
-43.5533948 172.655473 204.867865
-43.5059218 172.620498 187.952054
-43.5015997 172.623649 184.095572
-43.38071 172.647175 189.499526
-43.380573 172.647175 197.149017
-43.5409346 172.662081 186.170221
-43.4990975 172.631668 174.279073
-43.5065639 172.623751 191.237743
-43.5056569 172.623727 182.193336
-43.5043388 172.643619 191.401921
-43.5080402 172.650799 167.335448
-43.5080444 172.648555 193.776067
-43.501676 172.645063 187.943588
-43.5128761 172.63721 204.851207
-43.4847179 172.583211 222.209004
-43.4822677 172.582138 189.416446
-43.4825708 172.584489 229.401905
-43.5036598 172.614495 172.842986
-43.4829413 172.585387 233.395832
-43.4819571 172.585231 250.510222
-43.5423501 172.667628 180.733766
-43.556819 172.589003 186.714255
-43.5029182 172.614351 176.447942
-43.4739201 172.621323 204.163871
-43.5059359 172.644963 190.676377
-43.334802 172.68171 184.844792
-43.541301 172.651392 181.081225
-43.5031779 172.643055 227.145641
-43.495032 172.602346 168.692237
-43.495198 172.601808 170.523619
-43.495744 172.601371 166.948819
-43.6611612 172.548277 192.674641
-43.524803 172.629291 181.110666
-43.545713 172.631428 166.442053
-43.547272 172.631132 164.426367
-43.547304 172.631508 172.770347
-43.5591912 172.623291 160.635556
-43.5040207 172.616316 170.932476
-43.5246948 172.631742 183.899054
-43.5499633 172.6546 158.43136
-43.5499719 172.692625 203.132633
-43.558255 172.550306 172.971481
-43.55839 172.550854 169.118583
-43.558453 172.551241 174.607888
-43.558228 172.551936 173.942268
-43.5589491 172.55157 177.80505
-43.5002556 172.628397 181.588372
-43.4825351 172.578899 220.962152
-43.4831786 172.581926 190.50551
-43.4809166 172.588581 173.354028
-43.5771309 172.570597 171.798003
-43.5769056 172.570295 171.093094
-43.5757608 172.569494 176.033743
-43.5754718 172.569286 181.694751
-43.5074667 172.627112 186.741026
-43.5350051 172.631628 210.270915
-43.5220993 172.627754 249.392256
-43.5110232 172.646659 197.135897
-43.5653324 172.634472 175.331477
-43.589959 172.550262 214.190095
-43.56046 172.646993 167.04699
-43.560711 172.647067 166.27984
-43.547205 172.687327 193.344535
-43.5008755 172.65626 190.936217
-43.5077427 172.640597 201.845719
-43.592153 172.545056 181.514332
-43.592093 172.544842 181.462277
-43.534932 172.64995 187.821324
-43.5629917 172.647183 150.656036
-43.5630392 172.646539 142.796327
-43.5624801 172.646487 154.775951
-43.5629277 172.645111 155.000708
-43.5626891 172.646237 148.099412
-43.5132328 172.570873 196.902459
-43.5133146 172.570999 191.102516
-43.587893 172.553058 192.287087
-43.403191 172.645181 167.172571
-43.403049 172.64514 192.736454
-43.402784 172.645057 188.320004
-43.402841 172.64445 168.066318
-43.40303 172.644385 165.847574
-43.403065 172.644166 175.901216
-43.510992 172.65379 184.510937
-43.5577694 172.637564 175.521789
-43.5576803 172.637564 171.994344
-43.5575416 172.637547 169.951214
-43.528905 172.642878 180.358657
-43.528903 172.643237 176.557136
-43.528899 172.643681 174.585487
-43.529138 172.642878 174.005452
-43.529144 172.643245 184.072946
-43.52915 172.643695 184.409375
-43.5973645 172.603354 169.700625
-43.5972215 172.603653 166.753341
-43.529381 172.642878 173.641183
-43.5296891 172.642878 178.836838
-43.529687 172.643263 175.005186
-43.529704 172.643699 169.766042
-43.556256 172.596725 184.696903
-43.531567 172.636376 191.408015
-43.531583 172.635973 191.321381
-43.4998725 172.610252 170.640244
-43.5000621 172.610387 166.584361
-43.5002325 172.610163 168.580155
-43.546692 172.686582 189.864853
-43.5146505 172.621552 173.56678
-43.380223 172.648567 193.492417
-43.380298 172.648415 203.332167
-43.466673 172.643272 153.605516
-43.46662 172.643093 155.592498
-43.466525 172.643008 156.110792
-43.564756 172.62783 161.364186
-43.5287529 172.6436 170.074228
-43.5288194 172.642274 188.610292
-43.5288216 172.642077 197.543091
-43.5286708 172.642405 194.295669
-43.5288876 172.642478 183.970821
-43.5289938 172.642566 180.803296
-43.674094 172.500208 178.593233
-43.674193 172.49995 195.639005
-43.66044 172.537515 193.488151
-43.660277 172.537579 192.323524
-43.524225 172.613072 181.210772
-43.566528 172.60925 200.630779
-43.558998 172.654391 239.143116
-43.559103 172.654163 207.961602
-43.4833529 172.576166 228.747279
-43.5264788 172.634509 182.589464
-43.5250604 172.641762 198.826566
-43.513036 172.589196 207.986292
-43.513031 172.589326 213.860955
-43.558766 172.654289 241.454844
-43.5030889 172.643428 200.958295
-43.4995862 172.64787 175.238825
-43.570297 172.615777 173.493606
-43.52648 172.632902 188.011347
-43.591108 172.566509 179.126196
-43.3802632 172.650758 187.489558
-43.3801185 172.650573 180.309694
-43.5905277 172.568397 170.507454
-43.5275333 172.676042 197.506431
-43.5207091 172.607779 226.044188
-43.504776 172.654666 187.374981
-43.506226 172.64299 182.170572
-43.506183 172.643089 178.429352
-43.539769 172.593983 181.454249
-43.592603 172.544204 178.524158
-43.593075 172.544162 185.406178
-43.546829 172.687926 184.67175
-43.592572 172.544293 178.523211
-43.593098 172.544134 185.406178
-43.6760949 172.501493 200.120903
-43.676155 172.501797 209.671229
-43.307764 172.641403 185.568601
-43.519387 172.62775 181.702288
-43.519504 172.627378 176.045324
-43.380287 172.647896 205.957275
-43.559234 172.547775 183.821627
-43.55884 172.54815 174.734532
-43.55833 172.548705 173.179655
-43.558456 172.5495 176.853219
-43.558105 172.549269 166.355489
-43.555994 172.658358 190.804254
-43.5366275 172.639833 198.20029
-43.5228834 172.635559 171.50604
-43.5227725 172.635491 173.216718
-43.550482 172.64432 161.785016
-43.550401 172.644157 158.425695
-43.550321 172.644098 162.378919
-43.560125 172.656653 212.508835
-43.529794 172.640251 202.836369
-43.529315 172.640249 190.405325
-43.56499 172.634204 173.101021
-43.544851 172.659361 168.203857
-43.54476 172.659443 168.91938
-43.524826 172.643208 198.931932
-43.524857 172.642967 194.186703
-43.506362 172.616667 182.155832
-43.505578 172.618923 175.651356
-43.506996 172.621405 173.427728
-43.502377 172.620417 169.162873
-43.481227 172.580942 213.494676
-43.514588 172.625163 170.932589
-43.514622 172.625004 172.712801
-43.51449 172.62491 180.960693
-43.380375 172.648697 196.964711
-43.380278 172.648557 193.492417
-43.3803459 172.648397 203.332167
-43.494413 172.604168 163.807189
-43.494883 172.603818 170.501351
-43.5428063 172.632442 183.547489
-43.5732895 172.576328 175.978162
-43.5729892 172.577928 192.602443
-43.5741636 172.57652 176.748598
-43.5739901 172.578317 170.926545
-43.5744736 172.580011 169.160051
-43.5595991 172.604915 207.295417
-43.559723 172.605014 194.497262
-43.5210006 172.608792 241.940333
-43.5705389 172.614631 217.997106
-43.5259134 172.598688 217.07139
-43.5258386 172.598386 186.385804
-43.5054972 172.612736 173.708874
-43.4829874 172.586862 186.412636
-43.4822866 172.587072 169.978319
-43.4823965 172.587991 191.720206
-43.4826447 172.588903 167.999858
-43.4835303 172.588288 214.920766
-43.632877 172.558669 195.499626
-43.450965 172.613364 158.054305
-43.45102 172.615996 164.414967
-43.450909 172.61229 166.27715
-43.450756 172.614793 154.916593
-43.450581 172.617365 233.462347
-43.450531 172.611364 171.525425
-43.450308 172.613173 159.15527
-43.450025 172.615625 159.053616
-43.449872 172.617867 154.549094
-43.449943 172.614442 160.828463
-43.4491559 172.614799 160.198179
-43.449316 172.612958 144.113959
-43.448638 172.614098 161.428491
-43.501227 172.6167 171.506871
-43.380259 172.66672 214.111654
-43.3801 172.666652 211.560617
-43.380046 172.666878 199.421302
-43.525265 172.638259 172.482822
-43.380585 172.647758 186.26738
-43.380527 172.647664 190.484442
-43.380554 172.647558 235.405533
-43.5525108 172.652792 182.515503
-43.5184171 172.625958 174.809601
-43.5185361 172.625711 171.858247
-43.5186636 172.62533 172.135728
-43.5044752 172.647902 163.408496
-43.5045087 172.647962 167.678643
-43.5044558 172.648027 166.0478
-43.5044251 172.647974 168.775362
-43.5241635 172.639356 174.428071
-43.382354 172.671508 216.231249
-43.382271 172.671481 225.065791
-43.382266 172.671721 226.440321
-43.514309 172.658785 177.434931
-43.5263142 172.632197 206.294437
-43.5075864 172.621758 198.786251
-43.5076973 172.621767 182.704126
-43.5540861 172.667201 193.790535
-43.5553698 172.659422 195.210021
-43.5651606 172.639427 166.867963
-43.5229978 172.616222 185.937762
-43.52489 172.645856 193.719568
-43.5599453 172.647927 192.243068
-43.4411398 172.666 194.409081
-43.544393 172.630439 173.760763
-43.5082974 172.623806 188.114982
-43.5390557 172.628994 179.721334
-43.2959218 172.671031 164.721668
-43.2982806 172.671813 165.483151
-43.2828892 172.716337 230.220092
-43.2827725 172.716478 214.459741
-43.2828448 172.716597 218.908013
-43.2829552 172.716414 227.9594
-43.5359169 172.647514 193.938789
-43.3892413 172.6443 193.624414
-43.3894138 172.645574 173.331487
-43.3878374 172.647286 186.928977
-43.4105973 172.646622 183.126857
-43.4105468 172.647192 179.576141
-43.4111002 172.647349 174.796569
-43.4111752 172.646861 180.91623
-43.4116419 172.646959 173.327732
-43.4114808 172.647269 182.526344
-43.4113308 172.647976 169.850802
-43.4106974 172.648145 181.17258
-43.5663299 172.625538 180.151161
-43.5665713 172.625004 201.744539
-43.5660347 172.626146 185.893228
-43.5652794 172.626448 174.592387
-43.5659042 172.624785 165.25342
-43.3291637 172.667767 170.512606
-43.3290529 172.667759 180.703172
-43.3290669 172.667939 173.101044
-43.329144 172.668136 175.812783
-43.4465957 172.639888 172.630857
-43.4465971 172.640345 195.349308
-43.4465966 172.640184 193.9133
-43.4462464 172.640446 191.482604
-43.4472211 172.64128 193.965224
-43.4469053 172.641035 185.926491
-43.5570777 172.632343 169.74751
-43.5574299 172.632687 168.880391
-43.5165635 172.619845 198.718987
-43.3907111 172.647172 184.27261
-43.3906333 172.647326 192.000407
-43.5256664 172.647997 201.703942
-43.546657 172.684607 203.358352
-43.528423 172.63876 191.167398
-43.5411961 172.65206 176.029132
-43.541394 172.652065 176.322923
-43.521206 172.627977 169.541923
-43.521088 172.627884 170.471164
-43.544072 172.653007 171.098695
-43.5329188 172.624482 154.913447
-43.5329543 172.624346 189.746745
-43.5331781 172.623949 157.286323
-43.525903 172.632272 189.551927
-43.525884 172.632393 180.361826
-43.506124 172.62082 179.538743
-43.5381951 172.583548 202.592171
-43.5381955 172.583671 194.909223
-43.5380154 172.583673 180.683752
-43.5397222 172.544336 216.77225
-43.592579 172.544226 178.523751
-43.5931061 172.544147 185.406178
-43.5322539 172.634003 181.770631
-43.504989 172.618603 175.057565
-43.505183 172.618929 177.444333
-43.5248 172.633074 186.075434
-43.4364391 172.646926 176.124568
-43.4374032 172.647142 182.286037
-43.4542252 172.644832 170.192419
-43.4545264 172.643248 169.245659
-43.4548824 172.644791 163.77686
-43.660376 172.510265 194.881961
-43.660163 172.51063 185.89574
-43.660025 172.510556 190.723633
-43.502296 172.628117 173.712864
-43.502081 172.628002 170.011009
