-43.5595425 172.680472 182.77344
-43.5604815 172.680351 203.816479
-43.5589 172.6823 189.567304
-43.5182974 172.633997 176.749118
-43.5000879 172.62375 176.801548
-43.499909 172.623833 177.004265
-43.4974186 172.61952 182.662082
-43.4992556 172.624169 175.638838
-43.4989854 172.625637 182.477452
-43.4994611 172.622487 176.727808
-43.4998962 172.625131 176.857553
-43.4997604 172.623126 171.884098
-43.4993512 172.624759 181.23958
-43.4995838 172.623477 180.503334
-43.4995484 172.623662 177.656773
-43.4997368 172.6235 173.840458
-43.499678 172.624336 173.657831
-43.499041 172.62724 185.347166
-43.2871137 172.716511 205.062093
-43.2868529 172.716598 208.652584
-43.3829524 172.659099 206.348525
-43.3807462 172.657042 203.45765
-43.3816023 172.657769 199.615451
-43.3809265 172.657128 195.94877
-43.3900883 172.662299 195.316537
-43.3940733 172.658978 203.120972
-43.3926499 172.659698 196.41365
-43.3910341 172.66066 198.22702
-43.3881863 172.66213 212.847655
-43.3854179 172.660234 209.366125
-43.383505 172.657703 191.52977
-43.3920691 172.657634 211.829895
-43.3902321 172.661805 189.85992
-43.3835344 172.655656 206.007604
-43.3847299 172.657061 198.334282
-43.3885557 172.663244 210.07204
-43.3723491 172.66839 257.558758
-43.3745835 172.657279 209.791181
-43.3826387 172.655951 203.075477
-43.3804033 172.661344 236.200231
-43.3906602 172.661496 193.463551
-43.3933893 172.6598 229.791966
-43.3845686 172.658998 218.504113
-43.3854184 172.659915 209.430406
-43.387502 172.660788 217.924687
-43.3908754 172.660561 210.921383
-43.3882543 172.661695 214.102592
-43.3881401 172.662089 211.659235
-43.3928148 172.660087 210.382006
-43.3893369 172.662841 214.830319
-43.283465 172.71699 212.484167
-43.402992 172.650216 198.048492
-43.3920024 172.660447 208.147264
-43.3816664 172.659817 203.72534
-43.3816198 172.65958 210.804593
-43.3819052 172.659284 210.687766
-43.3816444 172.659375 211.993537
-43.283662 172.710104 224.853871
-43.283441 172.710208 233.065952
-43.4237247 172.654086 201.302766
-43.4248085 172.6559 219.458413
-43.4253913 172.653361 214.894138
-43.4269976 172.65442 202.578735
-43.4266194 172.651711 193.74005
-43.4284029 172.65155 195.867075
-43.4308223 172.650336 202.183065
-43.4835776 172.573718 199.78098
-43.481848 172.581734 188.930931
-43.479315 172.58606 185.330554
-43.5256277 172.644624 196.416469
-43.5244611 172.627739 189.090369
-43.524355 172.633415 179.141423
-43.5282357 172.627741 189.247044
-43.5384394 172.633016 182.152927
-43.4706467 172.612171 184.790655
-43.5596709 172.62477 170.646107
-43.5649711 172.63201 180.132941
-43.5616027 172.635529 175.271609
-43.5568912 172.636379 172.962626
-43.5525886 172.611645 179.45242
-43.5574778 172.605946 177.334623
-43.5605001 172.612931 167.023835
-43.5034041 172.620687 172.399783
-43.5054284 172.622565 186.014317
-43.5004377 172.625613 172.958098
-43.5009896 172.63105 180.276818
-43.5575075 172.657838 194.78705
-43.5433666 172.656769 170.407326
-43.5176227 172.597533 196.873788
-43.5202577 172.609944 214.695803
-43.5164954 172.596223 196.845734
-43.5220315 172.606946 194.594894
-43.5727515 172.546904 180.113594
-43.5742861 172.549341 176.884938
-43.577536 172.553982 185.263095
-43.5795998 172.556274 174.065131
-43.5846155 172.573084 164.400244
-43.5825636 172.573436 177.797179
-43.5820102 172.56843 182.994832
-43.5706516 172.569289 191.260951
-43.5702219 172.563861 178.429524
-43.5840495 172.562978 221.914818
-43.5601638 172.673946 224.346739
-43.5565683 172.590805 174.193582
-43.5566145 172.593834 177.884057
-43.5579976 172.599629 175.387916
-43.5610319 172.590901 187.649622
-43.5606864 172.595099 189.288625
-43.5602363 172.602213 180.24138
-43.5625198 172.593755 187.975536
-43.5600797 172.606129 190.73896
-43.5573088 172.582577 185.901924
-43.3836884 172.670716 186.177223
-43.3812581 172.666643 205.247335
-43.3836789 172.660256 208.172212
-43.3855827 172.663092 204.528249
-43.3813659 172.661425 200.952725
-43.3821806 172.662428 209.858556
-43.3839892 172.664585 223.055555
-43.3827374 172.661079 203.179775
-43.3859465 172.663865 204.702274
-43.3937322 172.659903 176.762091
-43.379387 172.648424 202.102341
-43.3802079 172.650188 198.492718
-43.3799517 172.653481 208.890495
-43.3809137 172.642406 205.71499
-43.382963 172.650652 187.857795
-43.3934388 172.660237 203.429688
-43.3864223 172.66176 202.440659
-43.3895844 172.663629 198.936837
-43.3902194 172.663427 198.863697
-43.3939325 172.661197 201.254293
-43.3943672 172.660639 200.933828
-43.3939575 172.660009 198.278555
-43.5145477 172.618229 178.310508
-43.4998917 172.602471 168.785196
-43.4986482 172.607867 173.818775
-43.5038996 172.604853 189.98212
-43.5056939 172.60934 192.172225
-43.5084644 172.610684 198.259068
-43.51491 172.626347 172.599193
-43.498037 172.631102 184.308762
-43.497312 172.630522 181.430354
-43.4960001 172.613184 174.171626
-43.5280427 172.601341 188.580703
-43.3919026 172.650708 197.158033
-43.531763 172.588669 184.131763
-43.5333988 172.593536 181.500827
-43.5253517 172.602181 184.156382
-43.5235939 172.613058 201.287026
-43.4995739 172.632631 174.849174
-43.5075324 172.62564 183.319257
-43.4973859 172.632266 186.432995
-43.5015407 172.629944 182.88899
-43.5182716 172.60487 191.846832
-43.5153179 172.612214 218.853825
-43.5012615 172.629672 176.70404
-43.5079334 172.625004 181.163206
-43.5071048 172.625899 188.221952
-43.5046651 172.623539 174.658747
-43.4983453 172.630792 178.261812
-43.5194562 172.605102 198.021378
-43.5165936 172.599772 205.171528
-43.5661887 172.607315 183.867605
-43.5176574 172.599585 186.27877
-43.501184 172.626541 180.981826
-43.5489529 172.578343 184.434001
-43.5489662 172.580664 183.784949
-43.5461938 172.585416 180.828888
-43.5458425 172.585171 185.440797
-43.5422471 172.596266 187.249127
-43.5413265 172.59707 199.81163
-43.5400079 172.596778 182.269811
-43.5380702 172.596913 186.141239
-43.5537097 172.567075 200.415775
-43.5090274 172.610991 192.467184
-43.5224893 172.615766 199.070155
-43.5174601 172.605658 195.022656
-43.5203406 172.603217 207.266212
-43.3810855 172.664433 227.934105
-43.5008257 172.618103 164.692185
-43.566577 172.606955 176.633099
-43.506461 172.611937 202.799534
-43.5204481 172.605983 205.332655
-43.5806873 172.559029 185.813374
-43.5796453 172.556833 182.937203
-43.5596975 172.605904 194.255344
-43.5166263 172.610631 219.498847
-43.5187103 172.611543 217.865285
-43.520514 172.605863 214.691098
-43.5659218 172.632714 257.183054
-43.5945861 172.562176 179.161526
-43.5570536 172.589264 181.816819
-43.5622944 172.607813 187.096918
-43.5660891 172.607403 198.932733
-43.5664733 172.606819 179.688869
-43.5198372 172.606564 228.51503
-43.5570212 172.591407 181.017284
-43.5596626 172.655691 268.643473
-43.5572711 172.589516 186.355394
-43.5584476 172.604968 221.928884
-43.5615728 172.607773 196.864247
-43.5614102 172.607785 194.112771
-43.52135 172.617586 212.459856
-43.5061445 172.613063 195.31052
-43.3798926 172.66382 211.021684
-43.3808424 172.663433 218.657897
-43.5157855 172.613602 202.111781
-43.5181091 172.600644 193.789034
-43.5061953 172.613403 195.626642
-43.5250001 172.6344 179.604887
-43.5066158 172.612609 192.738423
-43.537536 172.631425 188.443466
-43.5578483 172.657237 187.94558
-43.5076844 172.61176 197.342734
-43.5262504 172.619549 195.280714
-43.5268815 172.61978 194.673126
-43.5814333 172.559055 183.980847
-43.5207515 172.609942 207.407539
-43.5008107 172.630118 173.500734
-43.5169792 172.604574 211.348293
-43.5169441 172.604822 220.827427
-43.5591115 172.664665 324.316315
-43.5803853 172.557947 176.599311
-43.5562913 172.596342 170.757908
-43.5668354 172.607311 176.31198
-43.3813118 172.662626 221.96711
-43.4738992 172.620829 205.568832
-43.5508556 172.657864 185.313025
-43.5151622 172.59998 231.626706
-43.5146888 172.602376 225.913559
-43.5815371 172.55938 192.306217
-43.5804954 172.558473 177.517801
-43.5805108 172.558696 177.565815
-43.5802856 172.558678 176.475474
-43.517586 172.598222 197.786225
-43.517533 172.598329 200.349419
-43.5158101 172.598241 203.215077
-43.515774 172.598338 210.287099
-43.515685 172.598249 212.08451
-43.5157683 172.598019 208.78759
-43.5199186 172.62893 169.747837
-43.5197103 172.629333 177.775021
-43.5197103 172.62905 178.538289
-43.5161967 172.620787 185.28417
-43.5160716 172.62106 182.847131
-43.5202518 172.610999 212.317399
-43.5157431 172.622461 179.201944
-43.5161783 172.628892 177.629325
-43.5114009 172.613728 193.168623
-43.5178386 172.592888 190.683701
-43.5403393 172.628558 187.28128
-43.5195619 172.591342 183.770293
-43.5064119 172.618919 186.378592
-43.5242349 172.628211 165.346316
-43.5189338 172.597001 190.148244
-43.5219 172.628 174.611746
-43.512655 172.6145 202.149638
-43.5186079 172.599082 187.999278
-43.5195413 172.611251 170.808005
-43.3794382 172.647231 208.103792
-43.35184 172.676974 214.869894
-43.3817198 172.664081 220.081168
-43.3790233 172.663742 239.30458
-43.3808393 172.65303 201.947729
-43.3803806 172.648997 200.782317
-43.3805921 172.665908 233.793484
-43.3800433 172.664886 235.599661
-43.3797166 172.668297 206.494734
-43.380176 172.663469 226.454345
-43.3801414 172.662324 225.47647
-43.5578477 172.555104 178.521419
-43.5595726 172.556428 181.168836
-43.5588355 172.554403 183.901878
-43.5603612 172.554995 181.758897
-43.5602219 172.554361 191.844421
-43.559083 172.554389 180.509356
-43.5505083 172.61488 178.510931
-43.3079388 172.605917 227.851472
-43.3074476 172.606564 224.043523
-43.3060668 172.606181 219.413415
-43.3047695 172.606231 225.279506
-43.3052639 172.607039 223.739917
-43.304186 172.604402 244.646906
-43.3028334 172.605681 241.017623
-43.3037386 172.606538 243.182077
-43.5594497 172.602734 178.759594
-43.5232642 172.629358 169.965372
-43.5073707 172.640295 192.478027
-43.5517365 172.610061 170.778443
-43.5519174 172.610319 185.697053
-43.5179172 172.619265 192.636839
-43.5210775 172.623984 203.305459
-43.5210527 172.623833 220.12458
-43.5649886 172.608036 192.47163
-43.5598893 172.60339 178.779817
-43.5599963 172.603104 177.132496
-43.5206 172.623 215.411255
-43.5810803 172.576764 210.91502
-43.5365 172.6373 192.914104
-43.5018817 172.618729 165.663821
-43.5596957 172.602893 179.829619
-43.5167611 172.605098 216.922061
-43.5182059 172.602778 198.422245
-43.5191605 172.602762 190.835163
-43.5208125 172.599807 210.71321
-43.5117711 172.58734 209.894652
-43.5154803 172.61813 199.424718
-43.5027903 172.621201 166.446378
-43.4998112 172.633493 186.991678
-43.5073571 172.610768 197.423453
-43.5674712 172.60884 178.008849
-43.5183117 172.609629 224.502933
-43.5184226 172.596065 189.781265
-43.5157162 172.619948 190.864696
-43.5012465 172.618282 165.578626
-43.5151563 172.590077 200.09618
-43.5556417 172.585034 177.541825
-43.5591484 172.604724 213.982871
-43.5632444 172.605286 183.924773
-43.5632254 172.606391 201.8809
-43.5620218 172.604601 181.751049
-43.5570623 172.588112 183.847586
-43.4999204 172.630401 185.19783
-43.3858662 172.664282 214.577671
-43.3825187 172.664472 221.565879
-43.3822399 172.662961 210.20919
-43.383312 172.663895 219.273264
-43.3847038 172.663709 207.565118
-43.3841697 172.661323 206.98624
-43.5066029 172.610167 194.947928
-43.5448557 172.658757 178.409128
-43.5152636 172.589983 190.696212
-43.4699375 172.615913 180.705926
-43.4705 172.614715 202.703547
-43.5557294 172.655837 200.457773
-43.5243666 172.628609 179.486556
-43.5182679 172.598385 192.162833
-43.4796343 172.586517 180.741188
-43.508148 172.62276 176.249946
-43.4783883 172.585589 199.467696
-43.4810585 172.585759 191.037657
-43.5169123 172.611145 213.97583
-43.5600769 172.604223 179.506475
-43.5151559 172.593559 201.36491
-43.5149634 172.619537 177.437493
-43.5191802 172.601354 189.887511
-43.5618933 172.606433 192.186346
-43.5066566 172.62371 185.77552
-43.5163798 172.597987 204.525868
-43.5189666 172.599006 198.325642
-43.5217986 172.608254 210.342703
-43.5589516 172.656912 292.313639
-43.5070172 172.624954 180.672124
-43.5147962 172.623952 180.826245
-43.5025718 172.621867 167.039014
-43.5583999 172.663401 245.272072
-43.5175285 172.601441 194.781901
-43.5593611 172.609013 182.24515
-43.521431 172.618229 207.599849
-43.521398 172.61826 202.051245
-43.52137 172.618398 215.564455
-43.4982279 172.629998 185.079424
-43.5307619 172.596044 183.571246
-43.5306935 172.597071 178.914372
-43.5303975 172.597383 181.908288
-43.5301 172.597273 181.50156
-43.5302129 172.598683 188.058775
-43.5304832 172.598719 179.673624
-43.5308431 172.601216 183.368587
-43.5316039 172.597338 175.348755
-43.5319557 172.597546 184.469417
-43.5316708 172.595889 179.43603
-43.5206446 172.600991 206.306004
-43.606171 172.560926 203.75453
-43.501004 172.618227 168.974984
-43.501116 172.618017 168.930859
-43.5189433 172.613493 220.242628
-43.5587192 172.654915 250.708536
-43.556981 172.65926 198.631045
-43.558799 172.666468 240.963135
-43.5180542 172.620898 234.330386
-43.5177378 172.594946 201.365766
-43.5168515 172.601719 200.98056
-43.5153606 172.624424 181.054592
-43.5195036 172.611634 188.092069
-43.4799522 172.587799 178.95923
-43.5020571 172.616893 176.754883
-43.5030891 172.618732 180.381866
-43.5027273 172.617006 175.010199
-43.5563357 172.596284 173.65569
-43.5018725 172.601025 189.544901
-43.5127834 172.588239 217.056839
-43.502314 172.601931 196.632893
-43.5017504 172.601619 190.427125
-43.5020169 172.601919 188.191511
-43.5149556 172.625425 181.067145
-43.50143 172.619649 169.791883
-43.500705 172.621144 170.291649
-43.4794789 172.587351 177.451987
-43.4806885 172.586529 188.147111
-43.5030609 172.616176 171.508156
-43.4823335 172.583039 179.820271
-43.4799606 172.586853 186.499869
-43.5212711 172.600855 221.659284
-43.5206824 172.604914 193.966975
-43.5107603 172.591139 234.884105
-43.4707327 172.610912 188.723575
-43.4718716 172.616873 191.515122
-43.5191766 172.603522 191.201675
-43.5177017 172.60397 195.126358
-43.5661642 172.606638 173.283765
-43.414369 172.60512 207.065436
-43.414438 172.604988 204.84889
-43.414432 172.604911 200.705744
-43.414469 172.604881 194.74747
-43.414672 172.605129 199.131502
-43.41468 172.604878 190.17681
-43.4732301 172.622493 195.844345
-43.5517693 172.657191 198.297924
-43.5557832 172.651294 192.814433
-43.5143304 172.618478 180.132017
-43.5144696 172.618642 177.378052
-43.5139471 172.609925 212.480798
-43.5678975 172.588358 186.566073
-43.5675999 172.588433 189.227447
-43.5247358 172.612158 184.704618
-43.5248718 172.612176 185.501568
-43.5200836 172.609569 212.280992
-43.5202335 172.609199 201.584856
-43.635833 172.561253 196.85495
-43.6356083 172.561358 203.52763
-43.382137 172.652935 190.988688
-43.4827564 172.580108 196.058892
-43.5049747 172.62552 182.105439
-43.4832585 172.583249 210.17554
-43.4828469 172.590766 198.509439
-43.4814667 172.580782 219.298208
-43.5238867 172.627835 186.221764
-43.520949 172.609278 215.27533
-43.5734591 172.548981 179.546957
-43.5607854 172.605362 197.083575
-43.5623605 172.604327 191.708259
-43.5633806 172.607966 188.589474
-43.5796585 172.54867 193.503314
-43.5797753 172.549062 194.896023
-43.5800808 172.549347 189.168136
-43.5802168 172.549816 190.257648
-43.5806162 172.549278 180.952696
-43.5810224 172.548828 186.087365
-43.5814498 172.548308 186.830558
-43.5796307 172.546875 187.512778
-43.5792281 172.547078 181.078279
-43.5201478 172.611436 213.912515
-43.5205913 172.613306 180.545245
-43.5149038 172.597912 214.638527
-43.5102288 172.609267 222.435808
-43.5059069 172.619014 174.055806
-43.5021066 172.614001 170.580892
-43.4794747 172.588235 180.808168
-43.514636 172.592519 207.823564
-43.497866 172.629577 189.954721
-43.508298 172.626399 187.665164
-43.502911 172.619755 177.986225
-43.5547072 172.657927 211.365834
-43.500628 172.621607 169.968471
-43.5084907 172.624313 191.906896
-43.550818 172.659289 195.328523
-43.4974752 172.628305 173.396699
-43.5801803 172.558513 185.600023
-43.5802165 172.558336 186.464556
-43.5064378 172.614424 191.481079
-43.5265426 172.628816 176.160606
-43.5187554 172.597667 190.973707
-43.5254495 172.628898 182.955655
-43.5243676 172.628873 173.529769
-43.4992838 172.629954 178.261796
-43.519433 172.604363 201.580915
-43.517273 172.604966 207.82974
-43.517199 172.604782 207.192079
-43.5170925 172.598325 195.32577
-43.517668 172.618884 194.908477
-43.5105 172.620548 201.870122
-43.4840767 172.581368 209.079494
-43.4831608 172.579803 215.540226
-43.4786286 172.586168 195.132583
-43.593926 172.553137 192.329851
-43.498379 172.638977 180.602375
-43.4985971 172.639214 180.472717
-43.498474 172.638766 179.071926
-43.518566 172.606084 208.357567
-43.518539 172.605814 210.493528
-43.5597972 172.603656 184.5561
-43.494712 172.602721 167.525982
-43.549567 172.658266 197.5027
-43.524507 172.629191 178.610955
-43.524656 172.6292 180.937819
-43.524656 172.629371 183.037779
-43.5440772 172.552011 185.814507
-43.5444563 172.552268 182.00475
-43.5174416 172.596452 193.39743
-43.5250116 172.631711 195.245049
-43.5249275 172.631889 187.369102
-43.5247968 172.631825 192.225993
-43.559668 172.548841 176.368396
-43.559081 172.549314 174.378118
-43.55845 172.54961 175.405709
-43.558053 172.549913 175.60649
-43.558886 172.550524 178.111719
-43.559545 172.550097 174.805346
-43.559963 172.550857 180.930238
-43.560367 172.549556 177.325455
-43.5094516 172.544078 225.384591
-43.518093 172.601201 200.619328
-43.500714 172.627447 183.741902
-43.38266 172.630713 210.738527
-43.382364 172.630588 221.786071
-43.375759 172.632738 259.799453
-43.375085 172.6323 241.1007
-43.5864166 172.538195 208.637645
-43.573986 172.550929 192.734332
-43.580876 172.558217 179.226726
-43.581033 172.558276 173.99533
-43.512272 172.582348 194.066299
-43.551849 172.660418 169.386543
-43.551682 172.660381 183.901153
-43.506419 172.615347 189.571689
-43.5133885 172.571312 212.197398
-43.379611 172.663424 216.100988
-43.379564 172.663637 205.506793
-43.507586 172.611874 198.964794
-43.521751 172.629073 178.225824
-43.477425 172.607342 207.030207
-43.5144245 172.621281 174.531935
-43.4738777 172.61042 197.763166
-43.5562111 172.622261 177.798688
-43.529692 172.603464 171.209929
-43.517638 172.599681 186.522007
-43.517481 172.599667 196.784593
-43.5289801 172.634954 205.349357
-43.5297615 172.603474 177.667353
-43.378791 172.665265 192.616767
-43.3786 172.665101 223.617434
-43.507266 172.619571 190.348514
-43.5806777 172.56562 199.428256
-43.5802947 172.566005 191.793141
-43.500237 172.632305 177.911342
-43.5566805 172.592347 179.789065
-43.5153004 172.617848 189.57288
-43.4998611 172.608344 174.816462
-43.539406 172.635752 201.449649
-43.5811198 172.548431 192.719517
-43.5816837 172.54803 187.872219
-43.5773171 172.553412 179.439902
-43.5779355 172.55264 180.197543
-43.5785271 172.551967 187.451692
-43.5772508 172.552546 176.126048
-43.5778241 172.551811 184.060472
-43.5763855 172.552329 175.096596
-43.5771478 172.551556 180.554992
-43.5777753 172.550857 184.01907
-43.5786457 172.550095 183.8577
-43.5759749 172.550958 180.87806
-43.5766427 172.546779 186.586618
-43.5741995 172.548271 177.73513
-43.5750027 172.546444 187.533656
-43.5734787 172.545874 181.278768
-43.5718068 172.544326 183.649851
-43.5717555 172.540524 179.849439
-43.5703651 172.541823 186.313704
-43.5698499 172.541082 193.020848
-43.5712797 172.543505 185.437333
-43.5720227 172.54473 184.381119
-43.572237 172.543825 182.878014
-43.5714823 172.541271 189.31642
-43.5729028 172.543707 185.503299
-43.5730627 172.541486 187.343005
-43.5731481 172.538109 193.784647
-43.5728889 172.546101 180.248916
-43.5737391 172.547387 182.371001
-43.57456 172.548733 179.854758
-43.575454 172.550099 180.408806
-43.5737957 172.546219 180.299284
-43.5746459 172.547585 183.775877
-43.5754376 172.548912 177.828731
-43.5738231 172.544991 179.38418
-43.5755088 172.547643 186.709625
-43.5763737 172.548989 182.948808
-43.5772093 172.550416 185.032851
-43.5755596 172.546448 186.260888
-43.5764278 172.547836 182.789514
-43.5789581 172.550729 179.281074
-43.5780755 172.549361 179.612467
-43.5772219 172.547973 189.568474
-43.5763973 172.546783 187.25795
-43.5755292 172.545435 185.232839
-43.5788986 172.549617 185.977282
-43.5756222 172.542917 201.62638
-43.576501 172.544174 191.441146
-43.5788966 172.548295 190.067477
-43.5797864 172.54845 183.910151
-43.5798862 172.54719 187.718521
-43.581664 172.546398 184.624423
-43.5787634 172.551411 184.547603
-43.5793366 172.550825 182.0164
-43.5798248 172.550192 178.350259
-43.5768779 172.552764 176.061862
-43.5769197 172.552161 183.855594
-43.5768081 172.551491 185.355268
-43.5765141 172.550677 183.102467
-43.5691777 172.540753 181.535865
-43.5699556 172.541889 190.92359
-43.5697754 172.540953 192.102887
-43.569642 172.540231 190.10354
-43.6441297 172.556253 176.443829
-43.5702281 172.541114 192.649791
-43.5702943 172.540339 193.741004
-43.5745253 172.540311 194.350732
-43.5723693 172.545856 183.012604
-43.5810778 172.545083 180.468578
-43.5736167 172.5439 193.103075
-43.5736226 172.543578 187.330906
-43.6441253 172.556267 176.4441
-43.6442447 172.556205 175.712692
-43.6442254 172.556091 173.43355
-43.6441032 172.556153 174.875016
-43.644075 172.556064 173.473163
-43.6441613 172.556028 176.242093
-43.5807281 172.566572 182.603308
-43.5806996 172.566648 185.928016
-43.5806114 172.566881 191.546048
-43.573695 172.550143 193.593298
-43.58165 172.536476 237.55384
-43.558637 172.659538 257.605267
-43.559486 172.579682 184.001361
-43.559397 172.579634 193.318027
-43.519897 172.615432 220.708397
-43.518908 172.625261 184.319391
-43.518976 172.625114 182.59492
-43.381965 172.651873 199.553111
-43.516979 172.593048 207.305174
-43.379863 172.64743 216.905992
-43.52295 172.627812 161.551219
-43.380903 172.652676 193.966769
-43.380876 172.652522 200.755518
-43.559582 172.548582 180.188865
-43.4267666 172.649797 184.089047
-43.4288498 172.649611 182.054249
-43.558962 172.549135 171.66219
-43.497554 172.608123 166.149679
-43.510261 172.620395 186.796588
-43.5669999 172.607926 187.824159
-43.4999753 172.627102 183.143425
-43.565074 172.634103 173.795602
-43.520381 172.605385 216.755157
-43.5656325 172.629802 240.816907
-43.500543 172.631657 180.944504
-43.500445 172.631585 178.064548
-43.497979 172.631016 186.978787
-43.481251 172.581186 205.306354
-43.518315 172.595907 186.920982
-43.518424 172.595714 184.788992
-43.382264 172.653059 190.988688
-43.522603 172.615696 195.720972
-43.522666 172.615797 189.174591
-43.522772 172.615563 197.507933
-43.522697 172.61551 193.97279
-43.522771 172.61531 196.265669
-43.5416349 172.589832 194.745881
-43.5717891 172.577218 186.711927
-43.5710253 172.577645 182.887097
-43.5706268 172.57948 189.274166
-43.5713812 172.57893 184.868001
-43.5719445 172.580313 183.09865
-43.5711091 172.580851 192.66686
-43.5715638 172.582074 191.132631
-43.572327 172.581499 189.659485
-43.5736919 172.580462 185.387435
-43.6428134 172.501237 193.259003
-43.6431811 172.500912 192.650882
-43.6431433 172.500491 195.61197
-43.643468 172.500612 191.935705
-43.643448 172.500166 191.990469
-43.6437549 172.500312 188.095164
-43.6438335 172.499753 210.712287
-43.6441671 172.499887 191.523722
-43.644025 172.50031 191.821416
-43.6437036 172.500945 188.42507
-43.643435 172.501306 192.912264
-43.6430773 172.50188 210.557342
-43.6434277 172.501691 193.506758
-43.6437237 172.50144 194.531929
-43.643974 172.501004 185.80551
-43.6443502 172.500567 188.573576
-43.6444506 172.500877 187.392905
-43.6442722 172.501275 188.386042
-43.644076 172.501698 190.474694
-43.644276 172.50213 191.065856
-43.6435937 172.502607 215.468547
-43.6433797 172.503092 202.960743
-43.5209566 172.609077 220.319187
-43.561136 172.560218 182.908067
-43.5610385 172.558275 184.467216
-43.56143 172.557083 179.079951
-43.5613174 172.555908 183.273457
-43.5630463 172.55592 185.957359
-43.5633661 172.554791 192.833909
-43.5645455 172.554745 186.069957
-43.5655846 172.555703 184.447197
-43.5638449 172.557536 183.26504
-43.5641188 172.560828 181.454126
-43.5631563 172.558755 184.445867
-43.5626467 172.559712 186.759747
-43.5619322 172.561215 184.424596
-43.562254 172.560606 182.956138
-43.5627713 172.56168 182.467348
-43.5636638 172.559605 184.704806
-43.5642979 172.558251 184.476875
-43.5635067 172.558554 181.711436
-43.5651413 172.555149 183.354994
-43.5632348 172.555782 193.242888
-43.5627395 172.555749 187.8871
-43.5620291 172.556014 182.650223
-43.5620828 172.558242 182.399864
-43.561481 172.558606 177.299971
-43.5609707 172.55939 182.126623
-43.506598 172.611865 196.43805
-43.506577 172.611549 196.139504
-43.506724 172.611401 196.09267
-43.506675 172.611348 189.545322
-43.5522192 172.652873 181.462652
-43.5737862 172.54942 191.411616
-43.5737225 172.549228 195.00383
-43.5738443 172.549084 195.951155
-43.5734142 172.548464 191.947756
-43.5733697 172.548372 190.730327
-43.5734638 172.548267 191.995528
-43.5735418 172.548395 197.327136
-43.5647369 172.608193 185.338469
-43.5564836 172.608483 218.143534
-43.5169222 172.6006 212.106379
-43.5166801 172.600644 221.92917
-43.381098 172.661563 218.371628
-43.5177198 172.587122 198.493981
-43.5173055 172.587834 199.235139
-43.5176635 172.588483 202.461448
-43.517831 172.588744 198.276705
-43.5184833 172.588342 194.212199
-43.5183416 172.58802 196.749144
-43.5182586 172.587456 198.439296
-43.539361 172.628997 180.201242
-43.5393662 172.628675 174.67231
-43.5397194 172.628719 176.687535
-43.5390976 172.62802 180.784021
-43.524305 172.629649 180.015251
-43.387437 172.645158 206.805594
-43.5579083 172.597604 180.143267
-43.5578681 172.597027 173.036893
-43.5574443 172.596856 174.098992
-43.5572842 172.597414 174.054076
-43.5799792 172.520951 232.823423
-43.580539 172.559953 202.769704
-43.5805613 172.559664 193.63858
-43.5806113 172.559814 200.375705
-43.5804362 172.559686 185.910317
-43.5805138 172.559728 187.846403
-43.5805251 172.55962 184.676466
-43.5590249 172.667197 241.542165
-43.312281 172.625512 200.340039
-43.5164581 172.620087 204.919853
-43.5831775 172.537229 199.091527
-43.5826564 172.537518 195.107923
-43.5102669 172.570943 206.293377
-43.5209581 172.604276 201.100709
-43.5207956 172.604166 195.54304
-43.5162647 172.601065 206.673516
-43.5583995 172.62077 169.282994
-43.560874 172.611387 168.549229
-43.505895 172.615175 200.767108
-43.5472615 172.658032 214.015948
-43.5408639 172.549689 194.55922
-43.540264 172.549367 204.017852
-43.5399803 172.548384 194.273065
-43.5408837 172.547647 190.077333
-43.540039 172.546384 206.058917
-43.5408691 172.544842 182.875313
-43.5408947 172.546314 188.058104
-43.580897 172.560664 199.03261
-43.581139 172.560778 194.332638
-43.5267229 172.584587 171.645504
-43.5267945 172.584425 177.34399
-43.5321471 172.634019 185.984695
-43.509181 172.611206 191.071599
-43.517662 172.621527 196.918346
-43.4347537 172.646429 175.741364
-43.4375517 172.645683 180.814154
-43.560552 172.606369 188.110765
-43.560736 172.606236 193.007583
-43.518717 172.605501 196.223489
-43.559755 172.65594 315.279203
