-43.4887958 172.689559 180.710445
-43.5156652 172.710275 186.844945
-43.5203619 172.711243 180.099727
-43.4961483 172.691902 181.110834
-43.5066169 172.710002 192.91851
-43.4910837 172.691742 213.868984
-43.4931261 172.692037 193.03929
-43.4908831 172.689581 211.886548
-43.4936908 172.69231 198.595948
-43.5084933 172.711652 195.560896
-43.4976395 172.69194 184.744154
-43.5540051 172.696491 182.52138
-43.5511808 172.697434 190.209819
-43.5506499 172.697277 182.549612
-43.5498552 172.697423 184.462698
-43.5514136 172.696629 186.957594
-43.4903728 172.692915 192.521349
-43.5565 172.7029 198.123197
-43.5577084 172.704492 178.479922
-43.4977613 172.692044 197.878545
-43.4975734 172.691163 192.954738
-43.5480135 172.696125 197.963805
-43.551537 172.696322 185.553203
-43.4831278 172.686219 189.518991
-43.51216 172.712113 181.268672
-43.550378 172.696655 195.927324
-43.4817927 172.686652 178.43421
-43.550288 172.698033 194.352272
-43.4817751 172.686813 182.85211
-43.550102 172.698122 197.558384
-43.515894 172.710685 182.525577
-43.563682 172.70735 169.880431
-43.563688 172.70705 164.680322
-43.48951 172.689868 197.014579
-43.5123 172.71155 196.87075
-43.510882 172.715237 181.228516
-43.511011 172.715185 186.949907
-43.572083 172.696646 249.648842
-43.5556305 172.695161 180.786513
-43.5509416 172.698269 188.201392
-43.4910977 172.691279 204.645071
-43.4911608 172.691267 208.120219
-43.550584 172.696539 190.917628
-43.559632 172.677522 197.925031
-43.5601245 172.677398 196.608516
-43.5471972 172.695067 188.762187
-43.511535 172.709547 200.435523
-43.5511667 172.6956 185.378114
-43.5643695 172.689481 160.19239
-43.494055 172.694593 197.815341
-43.5695334 172.690158 182.955975
-43.5699032 172.690394 194.558066
-43.5703057 172.690383 244.343013
-43.518857 172.711685 188.341523
-43.490218 172.692552 194.937276
-43.490169 172.692779 198.498466
-43.558941 172.70376 184.851763
-43.5594144 172.706649 179.839194
-43.5515955 172.695323 179.153582
-43.544377 172.69372 177.628415
-43.5441841 172.693884 196.383079
-43.5443822 172.696153 203.206974
-43.5436662 172.698354 201.753514
-43.491115 172.690074 200.923098
-43.490969 172.690231 194.533064
-43.491314 172.690648 190.804672
-43.5692584 172.689669 186.8704
-43.5690031 172.689836 165.063522
-43.5686136 172.690319 167.030704
-43.492012 172.692267 209.231638
-43.490222 172.689601 203.951821
-43.490558 172.689326 185.271737
-43.490378 172.689425 179.432513
-43.493877 172.696002 207.466058
-43.517743 172.710009 187.717958
-43.51795 172.709968 182.574833
-43.4898291 172.68125 178.669031
-43.4873534 172.680789 203.118204
-43.5136076 172.644472 172.479545
-43.513581 172.644596 177.899031
-43.5228236 172.643849 184.648807
-43.5155389 172.644511 181.32666
-43.5234847 172.642712 169.919177
-43.4758821 172.672476 204.480688
-43.4798121 172.673889 202.883761
-43.4755231 172.669733 203.935257
-43.4745539 172.670876 202.431427
-43.4719978 172.668133 211.905702
-43.4701369 172.669181 211.006914
-43.4692362 172.669087 209.805367
-43.468404 172.667769 202.936649
-43.4677085 172.663977 206.55261
-43.4675807 172.666438 206.375751
-43.4667484 172.66512 212.328547
-43.4666116 172.667581 207.245109
-43.4659162 172.66379 212.542388
-43.4657793 172.66625 212.132254
-43.4640554 172.664838 213.013302
-43.4622629 172.66465 210.363248
-43.4614307 172.663332 220.545572
-43.4613221 172.663172 220.190902
-43.480022 172.676949 203.942886
-43.5148781 172.637555 201.125559
-43.4738887 172.67089 202.295909
-43.4671314 172.664544 206.392614
-43.4671992 172.665894 211.439213
-43.463506 172.663988 219.754108
-43.499014 172.619908 170.53984
-43.499113 172.619767 169.732014
-43.483866 172.679024 186.316462
-43.4845391 172.679653 192.231332
-43.4739256 172.671572 214.389298
-43.4744384 172.671408 205.451362
-43.4750425 172.671677 211.557877
-43.4761589 172.671646 214.374305
-43.4765121 172.672349 211.436912
-43.518354 172.636863 171.409261
-43.513534 172.644382 174.559553
-43.524106 172.643119 199.707675
-43.4868859 172.680437 186.625707
-43.515331 172.6462 182.889127
-43.499608 172.624385 181.957441
-43.487221 172.680812 195.438212
-43.514715 172.644794 189.974559
-43.514708 172.644555 174.451345
-43.483794 172.678834 174.768332
-43.5083047 172.707421 182.438915
-43.5156651 172.66569 190.34478
-43.4130116 172.692761 206.287062
-43.4087184 172.693526 203.518865
-43.4018026 172.695253 191.203013
-43.4019558 172.700011 187.498438
-43.3994971 172.69561 196.959912
-43.3978464 172.698647 197.986068
-43.488159 172.681263 190.42231
-43.4898376 172.682631 190.866377
-43.4898006 172.688218 183.823154
-43.4892212 172.682166 186.820481
-43.5592161 172.73879 167.547034
-43.4310745 172.694446 191.926135
-43.4312097 172.693764 192.939514
-43.431117 172.693639 193.680124
-43.4310118 172.693503 189.197837
-43.4306314 172.693416 188.504268
-43.4311076 172.694676 191.496182
-43.43103 172.693821 190.413276
-43.4280403 172.694115 203.101026
-43.4304502 172.694573 198.115972
-43.4300383 172.697962 196.388509
-43.5428682 172.742683 185.268344
-43.5393658 172.741473 197.866644
-43.5167703 172.686726 181.352145
-43.5168298 172.686586 181.10486
-43.5217598 172.683729 176.691312
-43.5210557 172.681329 185.304766
-43.5225488 172.681575 192.180134
-43.4851092 172.711967 181.375303
-43.4764954 172.702454 180.423422
-43.4045301 172.667908 202.416802
-43.3884145 172.703053 185.950916
-43.3861914 172.703101 190.765727
-43.5397533 172.667499 173.468236
-43.4973921 172.704742 193.646335
-43.4991858 172.705247 188.509603
-43.5024114 172.709713 185.73819
-43.4978255 172.712104 194.808636
-43.3764684 172.702408 184.741587
-43.3775763 172.702674 197.225298
-43.3797658 172.703552 193.224015
-43.3736574 172.701348 195.881555
-43.5191601 172.684205 173.803937
-43.520925 172.681845 173.962286
-43.520004 172.683074 181.565347
-43.4959511 172.707683 193.523597
-43.4971144 172.715776 198.027292
-43.4972982 172.713645 200.497135
-43.5111279 172.707265 180.627763
-43.522194 172.707395 186.868731
-43.5241166 172.731686 198.108801
-43.4978456 172.711318 191.817287
-43.4962611 172.709897 194.485542
-43.4997441 172.715549 190.687773
-43.4974562 172.712557 196.295748
-43.4981424 172.711648 197.772289
-43.5123208 172.70366 190.128925
-43.5129781 172.704412 191.091198
-43.5216289 172.709135 204.960437
-43.5376346 172.741264 180.180263
-43.5113519 172.706731 173.331285
-43.5130993 172.707547 177.534756
-43.5364935 172.73995 178.232461
-43.4770185 172.706136 194.184405
-43.4772156 172.703366 180.871758
-43.4762308 172.703519 180.392114
-43.4836443 172.707338 190.476455
-43.4823946 172.708345 186.335549
-43.5374287 172.740631 196.506652
-43.4951571 172.709092 193.101567
-43.501338 172.711536 200.239673
-43.4769049 172.689272 183.23896
-43.4795727 172.696667 154.394208
-43.4789379 172.696423 179.229912
-43.479543 172.696451 178.473435
-43.4801848 172.69581 184.493531
-43.4812265 172.697542 184.225693
-43.5023565 172.710489 222.659388
-43.4799006 172.703213 188.845911
-43.5016792 172.710341 188.651958
-43.5002757 172.710381 185.409874
-43.5036394 172.716935 189.70151
-43.502498 172.710251 194.386109
-43.5003648 172.710677 198.481596
-43.4959983 172.707145 194.714299
-43.5014105 172.709777 196.046773
-43.5014678 172.715649 192.573744
-43.4991212 172.715907 190.590805
-43.502227 172.713323 190.47623
-43.5023447 172.711875 191.181558
-43.477414 172.691969 186.360441
-43.4810379 172.697152 185.179538
-43.4798243 172.697649 188.554184
-43.4991161 172.711919 195.776149
-43.4999459 172.711594 195.744153
-43.5004717 172.711302 198.370207
-43.505266 172.715416 193.118577
-43.5010393 172.716055 198.467939
-43.5016486 172.716029 193.986914
-43.5047107 172.716047 199.881297
-43.5003215 172.71575 197.333019
-43.502354 172.715576 194.763602
-43.5029331 172.715899 192.742881
-43.5033633 172.715019 187.218475
-43.5105459 172.695737 190.617395
-43.5010729 172.7157 200.952637
-43.5024885 172.714911 182.066986
-43.5213207 172.685782 178.307684
-43.4999848 172.712331 198.403463
-43.5015752 172.712381 185.71361
-43.5016305 172.712281 188.831373
-43.4859652 172.681606 194.199029
-43.4962028 172.691704 185.15283
-43.4970116 172.68886 198.760133
-43.5247882 172.68898 191.55588
-43.4831106 172.704562 189.514996
-43.5022467 172.715194 182.096216
-43.5228049 172.688281 183.087199
-43.5223432 172.688457 189.337181
-43.5250897 172.689082 197.367107
-43.5029186 172.717182 198.84914
-43.513445 172.706222 194.852934
-43.5026214 172.710881 199.646456
-43.500395 172.71259 203.605137
-43.500038 172.715431 200.479963
-43.5195969 172.69292 192.400048
-43.5045327 172.716756 179.49921
-43.4789235 172.709059 185.918598
-43.5017286 172.717321 193.323259
-43.4994413 172.712217 195.636214
-43.5140299 172.690082 190.476521
-43.4784004 172.694305 193.110808
-43.4782311 172.694169 191.78393
-43.5115246 172.694342 175.0365
-43.5190915 172.692186 151.122163
-43.4770781 172.695041 196.348067
-43.480901 172.697377 197.141995
-43.4810367 172.697152 191.113012
-43.4892238 172.686405 191.066537
-43.4863613 172.682362 180.352283
-43.4874609 172.681878 199.022183
-43.4892157 172.682116 213.893545
-43.4800306 172.697977 184.286731
-43.5084558 172.698153 187.07129
-43.5250417 172.66574 194.47963
-43.5230457 172.667858 185.631857
-43.5247038 172.665363 186.659871
-43.4842334 172.685451 189.933733
-43.4942113 172.692095 193.253491
-43.4943394 172.706786 193.825483
-43.4963528 172.714544 197.602349
-43.4992839 172.713299 200.420049
-43.500275 172.713431 201.597115
-43.5006752 172.713803 194.856456
-43.5000113 172.713866 199.737647
-43.500807 172.713796 196.654171
-43.4993452 172.714562 203.060647
-43.504984 172.71719 185.256091
-43.5023995 172.717383 195.925094
-43.5043311 172.7158 200.219269
-43.4814955 172.697429 190.70759
-43.4935252 172.691533 196.076433
-43.5151138 172.698029 184.550447
-43.5163799 172.688434 172.557399
-43.5190619 172.689388 184.591594
-43.4301262 172.696865 200.959895
-43.4995262 172.688119 190.643238
-43.4995355 172.688206 184.323099
-43.4980077 172.713616 200.008467
-43.5054456 172.717293 189.275055
-43.5127377 172.703521 190.547845
-43.5212746 172.708936 203.668835
-43.5344 172.7028 189.707503
-43.5009838 172.714636 195.47055
-43.5218279 172.685986 178.193112
-43.5214273 172.68773 188.747053
-43.4336702 172.695495 180.264832
-43.4863342 172.709877 200.302082
-43.4997149 172.708441 185.19187
-43.5118224 172.706915 184.176559
-43.4928948 172.690598 180.286561
-43.5198201 172.707047 201.379054
-43.4995772 172.712134 197.667262
-43.5104549 172.698623 197.431072
-43.5104377 172.698932 195.947413
-43.4998054 172.710646 195.854775
-43.5031575 172.717686 199.319117
-43.4947651 172.709467 195.710169
-43.5125707 172.708933 168.772377
-43.5123358 172.708989 168.587747
-43.5414 172.6975 191.125125
-43.5418 172.6983 191.184517
-43.4988326 172.689885 199.592089
-43.497469 172.690861 179.562483
-43.5018221 172.712316 196.260313
-43.5001674 172.713451 194.819983
-43.5014601 172.71062 191.004646
-43.5009394 172.711806 199.771991
-43.502782 172.70962 187.539554
-43.5187908 172.68974 177.970054
-43.4794885 172.69698 198.799109
-43.4797751 172.696431 185.276491
-43.4798205 172.696555 185.261719
-43.5190233 172.709722 193.370768
-43.499999 172.714962 195.136689
-43.4996499 172.714681 194.220518
-43.5199717 172.686245 186.825093
-43.5148447 172.697989 194.373907
-43.5147056 172.697825 195.026553
-43.5148777 172.6979 198.044972
-43.5113415 172.696176 199.573398
-43.5093582 172.699706 200.467693
-43.4798528 172.696881 185.18914
-43.4800696 172.696772 188.793573
-43.5180756 172.691661 189.963844
-43.488533 172.683575 193.113825
-43.4890365 172.684636 200.116402
-43.4891192 172.685231 194.01138
-43.5222563 172.686696 185.416
-43.4736421 172.666937 203.764665
-43.4309668 172.696578 202.39793
-43.5224155 172.708157 203.726653
-43.4830008 172.684469 206.10175
-43.5398115 172.669772 179.965508
-43.4765048 172.709616 199.961622
-43.504947 172.715826 199.145085
-43.4915056 172.713057 198.988425
-43.5220959 172.700092 192.367657
-43.5209206 172.681661 174.477169
-43.5208581 172.68186 177.045437
-43.4845625 172.669424 208.252904
-43.4837484 172.668093 203.475514
-43.4827701 172.669236 200.836476
-43.4809778 172.669048 209.403802
-43.4807723 172.672746 207.829375
-43.4800771 172.668954 203.634389
-43.47898 172.672571 201.897028
-43.4784125 172.666305 211.837295
-43.4783441 172.667541 203.539446
-43.4781477 172.67124 207.183119
-43.4766202 172.666129 206.719422
-43.4764832 172.66859 204.708873
-43.4602567 172.668321 204.890535
-43.4720662 172.666896 207.214011
-43.471234 172.665578 211.651647
-43.4711059 172.668002 209.024121
-43.4702649 172.666733 204.137362
-43.4693983 172.665996 212.681257
-43.4656514 172.668724 213.32739
-43.46385 172.668536 208.007047
-43.4630268 172.667217 201.880392
-43.5218032 172.707798 209.335217
-43.4845112 172.711264 189.818122
-43.499916 172.708999 206.835229
-43.501105 172.716697 206.031567
-43.504343 172.71688 201.505436
-43.504476 172.716698 193.91834
-43.504404 172.716575 193.295145
-43.5128139 172.694203 182.785455
-43.5131556 172.6946 190.487053
-43.5124167 172.692917 194.411513
-43.5128612 172.692917 190.60985
-43.4829902 172.672409 205.07
-43.480448 172.669467 199.314428
-43.4798086 172.670891 215.829368
-43.4795739 172.668179 200.174039
-43.4792155 172.666565 202.277408
-43.4787474 172.669041 208.772392
-43.4763577 172.669038 205.42207
-43.4763939 172.670343 207.066258
-43.4754114 172.669251 208.115967
-43.52125 172.694411 195.034535
-43.5141936 172.655508 189.323002
-43.4681433 172.665863 207.902145
-43.4635913 172.66638 212.616201
-43.4616251 172.665332 212.788129
-43.46159 172.666573 205.467802
-43.4607134 172.666278 211.776998
-43.460315 172.664564 195.41353
-43.4596505 172.665098 206.983691
-43.4596366 172.666197 208.862275
-43.3985031 172.700443 197.870076
-43.3985399 172.700739 196.945433
-43.5163524 172.654816 177.079399
-43.4953517 172.686913 196.615543
-43.502756 172.711568 196.212478
-43.502566 172.711585 201.102929
-43.507488 172.691511 179.641783
-43.522486 172.729392 193.954477
-43.523346 172.685213 177.534596
-43.291558 172.714379 220.532135
-43.291461 172.714418 202.836231
-43.505323 172.716862 195.50127
-43.5331248 172.67333 190.974814
-43.5330705 172.673206 200.557486
-43.5228037 172.688667 180.451534
-43.521042 172.709217 207.575543
-43.4882256 172.684752 201.255838
-43.4879552 172.684642 198.781952
-43.5030138 172.69752 181.71847
-43.478684 172.690407 193.950346
-43.478881 172.68953 188.95824
-43.501726 172.714687 184.798854
-43.491015 172.688103 201.582669
-43.485354 172.681607 190.224728
-43.498433 172.689385 196.566525
-43.521927 172.708426 196.61306
-43.521959 172.708647 198.105544
-43.4769332 172.671605 211.564046
-43.4769723 172.67268 205.298791
-43.4764355 172.673907 208.952079
-43.4758956 172.674009 210.847101
-43.482412 172.708685 197.643172
-43.494864 172.706799 191.797792
-43.49497 172.706713 194.741724
-43.498884 172.713203 203.861456
-43.492089 172.714208 192.931812
-43.49211 172.713707 195.642949
-43.508377 172.698258 190.005
-43.47628 172.690862 185.099572
-43.521797 172.685932 177.759196
-43.52177 172.686109 174.268274
-43.4902419 172.687858 207.621957
-43.490374 172.687568 204.699706
-43.514605 172.657535 194.718593
-43.522518 172.709033 188.077806
-43.522401 172.709023 189.147464
-43.48449 172.70684 197.240929
-43.519187 172.687838 190.59856
-43.502073 172.712015 184.071914
-43.498476 172.715208 198.399539
-43.49848 172.715364 194.339679
-43.497571 172.689698 194.345952
-43.497535 172.689504 188.223203
-43.500026 172.713872 200.267241
-43.500038 172.71405 196.397501
-43.486494 172.685358 200.524859
-43.486486 172.685801 187.332687
-43.56154 172.739783 202.93481
-43.48281 172.685351 182.660588
-43.482927 172.685505 179.468532
-43.498754 172.711755 193.751441
-43.498862 172.711823 199.044293
-43.491004 172.710865 196.875391
-43.496119 172.71094 202.414289
-43.496131 172.711202 191.122872
-43.490243 172.685688 190.653636
-43.49035 172.685708 186.854584
-43.489729 172.682592 195.831505
-43.489664 172.682899 194.497852
-43.487732 172.682011 193.894495
-43.487852 172.682142 184.716745
-43.496393 172.688226 194.323027
-43.496341 172.687992 195.614692
-43.48581 172.682154 194.612831
-43.485832 172.681885 201.202765
-43.515123 172.654206 171.541592
-43.490555 172.688011 205.219604
-43.5128281 172.653948 186.228878
-43.5128214 172.653807 189.598969
-43.5026083 172.70067 186.497399
-43.514264 172.657194 171.580463
-43.478322 172.704961 190.650295
-43.478127 172.705019 188.184731
-43.496185 172.707187 189.553338
-43.519708 172.687246 195.234229
-43.554506 172.747864 192.590486
-43.524147 172.729749 182.986933
-43.524202 172.729854 189.334141
-43.496191 172.707177 189.554654
-43.479348 172.694221 191.074643
-43.431062 172.699756 194.708843
-43.5131301 172.698651 200.501189
-43.513047 172.69887 202.236543
-43.509027 172.706332 192.788694
-43.498454 172.689594 187.322587
-43.498607 172.689501 197.342911
-43.51852 172.709008 195.586168
-43.4761479 172.700427 194.171031
-43.51025 172.698075 199.973569
-43.51034 172.698208 198.466097
-43.477213 172.688165 196.724262
-43.483412 172.710201 201.829237
-43.519166 172.707939 194.642621
-43.513081 172.696114 181.40102
-43.309403 172.700936 199.895675
-43.514219 172.656603 179.70338
-43.555557 172.749452 189.819283
-43.485235 172.685277 195.419944
-43.485128 172.685218 188.589418
-43.491198 172.686794 198.294813
-43.480121 172.694593 193.714664
-43.546483 172.745533 201.575266
-43.477976 172.694366 194.950757
-43.4775159 172.696269 184.383711
-43.479069 172.693255 178.304535
-43.490259 172.686207 199.714014
-43.524904 172.7303 197.251275
-43.490623 172.688984 197.985781
-43.3851556 172.702818 191.880305
-43.388892 172.702639 194.348247
-43.477795 172.692231 194.828319
-43.534107 172.738418 191.109905
-43.49681 172.714798 192.207111
-43.5159891 172.695035 179.228852
-43.556545 172.7488 188.07506
-43.556606 172.748488 182.551127
-43.514729 172.698323 193.460871
-43.4358026 172.677783 195.138189
-43.4356669 172.677855 196.899864
-43.435761 172.678042 200.831648
-43.4358636 172.677992 196.254192
-43.4401277 172.672508 211.067589
-43.4399945 172.672508 203.510563
-43.488103 172.685837 203.553618
-43.48334 172.712579 190.196669
-43.504593 172.716034 190.45432
-43.478716 172.702318 190.416638
-43.5353176 172.685948 183.300168
-43.5368994 172.703733 198.370498
-43.5342439 172.700306 185.966178
-43.532789 172.702458 184.414574
-43.5319221 172.70028 180.933218
-43.4856679 172.680847 187.087802
-43.502 172.717571 194.400849
-43.5339271 172.736494 194.268232
-43.536438 172.739243 191.101235
-43.502573 172.717192 193.14426
-43.500529 172.716423 197.94651
-43.538731 172.741805 191.615421
-43.561557 172.740239 174.464319
-43.491262 172.68895 209.813418
-43.490529 172.687065 194.66964
-43.496274 172.691635 184.658278
-43.498176 172.682306 182.78178
-43.551005 172.748984 184.039884
-43.501217 172.711517 195.491618
-43.491914 172.690348 207.108463
-43.536895 172.739558 186.084291
-43.4989171 172.682392 193.928386
-43.4988468 172.682377 188.942965
-43.4988834 172.682584 202.189575
-43.4989836 172.682686 185.467875
-43.490433 172.68904 201.180648
-43.542723 172.743045 192.244772
-43.477581 172.701005 189.36325
-43.49943 172.710012 187.979482
-43.5024665 172.714817 190.385997
-43.5024753 172.714736 188.598956
-43.5025833 172.71472 188.96496
-43.484069 172.685677 177.655028
-43.515811 172.703551 196.084333
-43.493895 172.705391 180.369109
-43.493981 172.705311 185.181758
-43.5133668 172.654339 180.622421
-43.474704 172.703988 192.923752
-43.54401 172.743428 193.82928
-43.5105595 172.706261 184.909604
-43.5108301 172.706458 184.366643
-43.4772297 172.690756 190.962086
-43.485419 172.711304 189.183671
-43.5360346 172.693327 187.867165
-43.536052 172.693104 185.256354
-43.471743 172.704388 187.964949
-43.514443 172.692187 177.664355
-43.514463 172.692037 180.675865
-43.497978 172.68091 184.260146
-43.492735 172.689628 191.308608
-43.492782 172.689528 189.414037
-43.492591 172.689561 189.213885
-43.518511 172.697297 187.857178
-43.503305 172.702133 197.488072
-43.503185 172.702144 187.311941
-43.520575 172.696098 183.094979
-43.491246 172.688391 189.76933
-43.491062 172.688488 203.39503
-43.49847 172.709222 196.92837
-43.4979 172.68424 186.799715
-43.4814078 172.707936 201.982419
-43.481615 172.707959 198.587339
-43.522276 172.726816 187.84492
-43.485623 172.684813 191.094881
-43.490459 172.689176 198.221857
-43.487745 172.682757 186.569913
-43.487774 172.682627 194.768293
-43.480502 172.697815 188.765133
-43.479487 172.693841 189.435808
-43.5062472 172.683019 186.670775
-43.5044683 172.683307 188.553619
-43.5028309 172.683912 185.138479
-43.503011 172.694855 187.956957
-43.502739 172.703756 197.126434
-43.5017591 172.704037 186.414955
-43.5056869 172.683069 182.358035
-43.5021913 172.687648 175.697323
-43.5026294 172.689382 176.379621
-43.5213726 172.67098 161.500593
-43.5145854 172.669533 187.846071
-43.5222423 172.674747 193.754649
-43.4938559 172.591097 176.616818
-43.4948759 172.593538 170.016286
-43.5139538 172.725613 188.196633
-43.5205283 172.721148 163.667666
-43.4579695 172.620158 170.17725
-43.4587014 172.622256 169.800431
-43.561021 172.64539 150.658194
-43.5649796 172.64297 155.795623
-43.5640248 172.646731 176.42557
-43.5650535 172.645026 159.426765
-43.3996205 172.693304 187.722459
-43.5347359 172.688397 188.096595
-43.5036562 172.67502 184.201939
-43.4983373 172.674172 190.479486
-43.4983301 172.676847 188.600547
-43.5016123 172.693746 176.486925
-43.521855 172.626322 177.738489
-43.521234 172.639722 179.066046
-43.5213293 172.650509 187.294533
-43.5230317 172.626859 180.14583
-43.5220315 172.63641 177.26131
-43.5236692 172.651173 190.666079
-43.524147 172.645859 191.469402
-43.5286916 172.645072 183.452418
-43.5288115 172.64863 188.762038
-43.536214 172.633704 194.902378
-43.539534 172.621897 169.77064
-43.5144008 172.666753 182.136817
-43.5123665 172.653651 170.095694
-43.5086801 172.651768 193.022282
-43.4805904 172.612019 167.99984
-43.4784182 172.614962 165.339934
-43.4762484 172.615176 167.615023
-43.4741065 172.613193 156.687494
-43.4731251 172.61672 171.701455
-43.499754 172.66215 207.053854
-43.5051939 172.660013 198.637798
-43.5014107 172.651692 163.880332
-43.4304786 172.692689 194.280923
-43.430701 172.692756 192.282308
-43.4309629 172.69294 194.914146
-43.4312068 172.693029 187.304758
-43.4316146 172.693315 191.040724
-43.5520582 172.603463 177.488166
-43.5049285 172.648496 188.84529
-43.5084587 172.648943 156.827117
-43.5178645 172.649109 165.659126
-43.5589765 172.64917 163.940528
-43.5582032 172.657695 222.272957
-43.5576206 172.651153 162.578035
-43.5484382 172.647308 160.807764
-43.5550867 172.640425 167.00266
-43.5578424 172.645127 158.180858
-43.5486694 172.637054 155.993688
-43.661911 172.532633 199.878002
-43.6587467 172.554129 173.789788
-43.5205972 172.675786 198.245111
-43.520683 172.678452 193.458209
-43.5202506 172.681307 190.040504
-43.5180943 172.679705 191.192523
-43.5177487 172.681177 178.098401
-43.5173034 172.683394 177.626478
-43.5145713 172.685042 194.466034
-43.5181442 172.676666 182.327149
-43.514603 172.684131 177.491005
-43.5115723 172.683725 167.156224
-43.5107262 172.683696 172.889219
-43.5094963 172.685358 179.121512
-43.5145165 172.68682 178.153697
-43.5153261 172.687853 180.429592
-43.5503084 172.663313 180.041422
-43.5463881 172.664805 202.237508
-43.5500546 172.664383 192.340508
-43.5482551 172.667518 194.695769
-43.5495958 172.668636 180.350537
-43.5480618 172.670845 183.674497
-43.5463424 172.675126 162.254845
-43.5472358 172.677498 189.789092
-43.5469403 172.681051 190.577236
-43.549843 172.690975 177.541519
-43.5448582 172.6377 163.606312
-43.5451425 172.638878 170.067416
-43.5468904 172.636831 180.163897
-43.5472979 172.638865 166.562508
-43.5402808 172.654208 174.347239
-43.4802408 172.608212 174.331961
-43.4782406 172.60903 170.385327
-43.5658364 172.636171 161.992989
-43.5175823 172.672685 166.043114
-43.5183218 172.674504 173.987719
-43.5135852 172.673558 190.97066
-43.5126159 172.682376 171.666411
-43.5093475 172.677393 170.121009
-43.5237718 172.612321 186.013987
-43.5184595 172.593023 174.916844
-43.5163713 172.61027 182.661228
-43.5744235 172.573524 154.050332
-43.590495 172.569633 152.6124
-43.5904601 172.569157 148.784859
-43.59076 172.569317 150.292479
-43.5935028 172.56533 176.831807
-43.5809121 172.578198 175.351339
-43.5801776 172.575162 170.811626
-43.5740784 172.565176 177.895511
-43.5604292 172.611972 164.456274
-43.5657777 172.603618 155.142777
-43.5562386 172.586968 166.447168
-43.5546088 172.58946 162.827657
-43.5253998 172.660623 176.150548
-43.5265111 172.682711 193.522694
-43.5290431 172.675891 195.778644
-43.545287 172.674247 179.68109
-43.5225091 172.61435 194.207036
-43.5140408 172.615268 179.865022
-43.5013147 172.704604 185.374263
-43.502513 172.707003 196.84146
-43.5152953 172.726091 187.961916
-43.5534763 172.658351 204.27133
-43.5538041 172.659241 188.717845
-43.5564819 172.659985 166.977298
-43.558243 172.657976 203.247901
-43.5033713 172.61028 186.544166
-43.3771759 172.700998 191.261275
-43.3763571 172.701125 189.533929
-43.370617 172.698698 194.310442
-43.4922262 172.59881 163.338674
-43.4437711 172.636082 184.968035
-43.5228847 172.614732 200.083808
-43.509135 172.658471 190.362966
-43.5231218 172.612736 192.932562
-43.508082 172.628343 184.408961
-43.5020958 172.654867 182.40292
-43.5089471 172.652929 168.682533
-43.5168146 172.661071 174.796746
-43.5108082 172.654205 181.867307
-43.545153 172.632592 178.088267
-43.5240215 172.611987 188.830834
-43.5245403 172.652982 174.314539
-43.5050292 172.651847 173.424085
-43.5050416 172.652231 171.874597
-43.4973954 172.632371 183.715809
-43.512864 172.685911 179.631844
-43.5122174 172.688847 185.461975
-43.5118756 172.689572 188.167643
-43.511573 172.692413 182.213952
-43.5177213 172.657733 175.824241
-43.5156547 172.65296 173.203236
-43.516375 172.652965 168.564002
-43.5146884 172.652974 168.182607
-43.501518 172.62652 170.233535
-43.5184177 172.638252 172.874384
-43.5012925 172.627214 181.556457
-43.5112828 172.657526 202.753272
-43.5473916 172.687173 196.638205
-43.5057337 172.641911 177.265523
-43.5063077 172.643767 188.835157
-43.548502 172.669879 180.550696
-43.5456376 172.666634 187.413226
-43.5443414 172.66694 183.738095
-43.5472016 172.667499 183.76095
-43.5478861 172.676609 185.298622
-43.5476498 172.676907 187.313311
-43.5470056 172.687039 188.965465
-43.546921 172.686776 187.898595
-43.5473965 172.67012 182.986895
-43.5052922 172.644634 200.256493
-43.5557411 172.592186 165.07473
-43.5118009 172.689166 184.162653
-43.5125695 172.675111 183.689084
-43.515777 172.672141 189.419717
-43.5232496 172.673613 195.77681
-43.5163606 172.653324 173.423004
-43.4992836 172.630858 182.232754
-43.50759 172.689983 180.714739
-43.5117 172.665074 192.489316
-43.5237279 172.672623 182.392866
-43.5138004 172.661415 185.636757
-43.5191196 172.683442 185.080263
-43.5099363 172.686591 166.680528
-43.5563636 172.660049 163.815592
-43.5565369 172.659931 167.081117
-43.5564373 172.65993 170.363123
-43.5020379 172.658223 184.895744
-43.5260418 172.650505 207.341949
-43.5260642 172.650592 217.659509
-43.5264383 172.650306 189.86342
-43.5129482 172.68688 185.000896
-43.5511632 172.676336 166.569034
-43.5270626 172.636529 177.45697
-43.5273513 172.636711 226.672336
-43.527334 172.636546 196.888111
-43.5398098 172.634895 168.747644
-43.5204198 172.625221 167.937259
-43.5206107 172.625202 176.979577
-43.5207564 172.625082 180.398779
-43.5552019 172.594874 194.426173
-43.5222296 172.659879 187.559594
-43.5517165 172.572333 224.425523
-43.5139126 172.679569 176.448937
-43.5552182 172.648474 190.617019
-43.5132128 172.685625 177.422475
-43.5035357 172.64523 198.794004
-43.5098892 172.68678 171.947469
-43.5100432 172.686159 149.436411
-43.5100189 172.685921 137.779155
-43.5103966 172.686331 148.599801
-43.5108492 172.686222 150.219047
-43.5108811 172.685948 150.903375
-43.5094319 172.688525 168.810816
-43.5100002 172.691357 174.231392
-43.5098135 172.689842 169.407285
-43.5244945 172.664697 184.414915
-43.4785542 172.609064 172.59379
-43.4786102 172.60864 182.790272
-43.5012691 172.621939 175.800681
-43.5474755 172.687787 205.606475
-43.5049252 172.643821 183.2358
-43.5123336 172.687782 167.227088
-43.5220273 172.613365 187.783552
-43.5219424 172.612459 187.097957
-43.5280352 172.686775 197.763342
-43.5563612 172.650193 180.984559
-43.5190867 172.659917 193.564286
-43.5182855 172.659859 189.771855
-43.5186261 172.659387 194.246858
-43.5034353 172.657209 189.325858
-43.5031112 172.657186 193.458912
-43.5027503 172.656892 194.449786
-43.5127358 172.676242 194.27105
-43.5043175 172.687286 187.157187
-43.5248605 172.669248 190.306925
-43.5284075 172.64996 173.721681
-43.5265407 172.652529 179.288834
-43.5267892 172.65254 177.615523
-43.5217166 172.600199 245.425001
-43.5126714 172.674335 193.935348
-43.5229619 172.614595 193.610547
-43.5066438 172.690753 176.32918
-43.5004249 172.682889 194.636474
-43.5554185 172.648834 201.849718
-43.550342 172.644736 160.908033
-43.5502053 172.640573 160.746418
-43.5493655 172.64616 162.483555
-43.5484401 172.642617 165.746449
-43.5087975 172.686854 180.890491
-43.5272149 172.676257 201.76838
-43.5624443 172.624811 169.213417
-43.5051548 172.623287 182.477637
-43.5340315 172.669253 185.085682
-43.5340503 172.669525 184.271263
-43.5096457 172.647325 185.969987
-43.5463977 172.688618 195.08308
-43.5182817 172.638238 174.418257
-43.547562 172.688592 208.483867
-43.5456759 172.666952 183.050911
-43.5484411 172.66837 185.880452
-43.5138951 172.677677 184.297118
-43.5138862 172.677739 184.249247
-43.4733369 172.624323 158.721266
-43.5558484 172.592679 167.739606
-43.5517516 172.681909 174.394481
-43.5118573 172.640511 175.569091
-43.5641441 172.62504 162.249895
-43.5642106 172.625084 160.929867
-43.5567001 172.650466 173.922324
-43.5565383 172.648287 197.474207
-43.5494986 172.645558 160.472573
-43.5479114 172.688304 202.469898
-43.5477965 172.688754 195.083633
-43.5458189 172.679456 182.393054
-43.5520071 172.679775 170.21476
-43.5443416 172.66681 177.59527
-43.5429085 172.6579 174.846377
-43.549834 172.681026 205.939176
-43.549666 172.681217 194.941688
-43.550047 172.680828 220.943183
-43.550299 172.681074 192.419687
-43.5169419 172.609437 177.294766
-43.537782 172.63119 172.774635
-43.5576326 172.657362 166.254935
-43.5566356 172.658197 170.739067
-43.5229842 172.61488 198.105162
-43.5366916 172.649386 172.768879
-43.5553962 172.588116 177.141064
-43.5175066 172.606043 165.892873
-43.5516605 172.694684 181.660297
-43.5184255 172.601013 186.671139
-43.529392 172.643634 181.292298
-43.529439 172.643222 178.843327
-43.5094387 172.660181 194.791339
-43.5101045 172.660103 202.242363
-43.5105184 172.660051 197.486745
-43.5034987 172.69538 179.813278
-43.4528793 172.671384 200.740395
-43.5048273 172.693177 186.725972
-43.5126839 172.673084 193.426602
-43.5517321 172.694535 179.931325
-43.5151997 172.610797 187.506486
-43.5287735 172.648256 173.198126
-43.5498841 172.693703 186.433461
-43.5496593 172.693828 187.824211
-43.5116469 172.675524 194.168915
-43.5115756 172.675747 192.538281
-43.5069753 172.617765 196.547737
-43.5180131 172.654047 178.759915
-43.5630682 172.624865 156.094558
-43.5137412 172.686242 186.010041
-43.5359054 172.637128 203.78019
-43.5084624 172.657119 185.571231
-43.508476 172.656836 180.058818
-43.5461399 172.687607 192.201829
-43.5462753 172.687767 188.665986
-43.5162684 172.609973 179.543567
-43.5463566 172.644937 153.025546
-43.546367 172.644802 152.409745
-43.5244827 172.648725 194.42227
-43.5486744 172.669228 197.093148
-43.5407862 172.655111 163.440247
-43.5315414 172.638753 172.167285
-43.5572112 172.648747 165.888618
-43.5111703 172.614769 171.498889
-43.5203033 172.615577 160.960726
-43.5188907 172.682042 175.631125
-43.5445605 172.631216 157.034358
-43.5257584 172.63702 182.279123
-43.5220089 172.611372 172.692544
-43.5567542 172.649581 165.203436
-43.5111547 172.615512 168.910465
-43.525681 172.63888 168.961555
-43.5258889 172.638858 173.985474
-43.5256109 172.639205 189.851421
-43.5257504 172.639167 199.583399
-43.5259834 172.639156 183.784575
-43.5114919 172.614037 177.408434
-43.526325 172.639233 198.904243
-43.525817 172.639453 182.621303
-43.5257666 172.63676 184.22788
-43.5268798 172.65195 170.756494
-43.5254445 172.648069 193.984165
-43.5228043 172.648607 195.070851
-43.5150514 172.67301 201.985772
-43.5153496 172.673868 185.905479
-43.5262628 172.634283 189.753099
-43.5262891 172.634085 188.374219
-43.526261 172.633739 178.811889
-43.5264771 172.633762 202.99827
-43.5554071 172.650924 181.47016
-43.5220828 172.617249 183.333286
-43.5221988 172.616951 182.946058
-43.522 172.6278 169.069852
-43.5127093 172.614574 168.481576
-43.5200877 172.623844 192.902491
-43.5191567 172.681312 198.32611
-43.5144314 172.660749 177.582734
-43.5144325 172.66112 185.431228
-43.5143874 172.676648 185.695858
-43.5151195 172.674454 179.475814
-43.51512 172.674602 179.536172
-43.5141163 172.660751 175.308434
-43.5141173 172.661122 180.90648
-43.5145226 172.685929 186.027877
-43.5144364 172.688145 176.638196
-43.5112842 172.639592 212.013694
-43.5239856 172.609607 180.320147
-43.5534581 172.653079 207.856488
-43.5533326 172.653266 206.839503
-43.510287 172.692485 187.567774
-43.5174307 172.658025 182.206031
-43.5171948 172.658306 186.981386
-43.5172832 172.658386 188.517305
-43.5174471 172.658389 183.339569
-43.5491024 172.694313 180.450718
-43.5492372 172.694226 184.352097
-43.5430276 172.671558 183.339404
-43.5478812 172.678234 196.958441
-43.5476133 172.669186 184.904432
-43.5120004 172.65448 193.920519
-43.5280721 172.677425 197.452682
-43.5547223 172.656889 183.570527
-43.5590918 172.656148 306.204239
-43.535525 172.686338 191.22891
-43.535678 172.686349 194.044199
-43.510361 172.615096 178.331815
-43.5665811 172.558573 166.341143
-43.566479 172.558189 168.175808
-43.566534 172.558377 168.593984
-43.5518727 172.600013 166.359437
-43.4992266 172.641216 176.260814
-43.499697 172.641894 174.38859
-43.4996 172.642575 175.245606
-43.5649405 172.608275 212.068131
-43.5211075 172.638538 168.71666
-43.4739981 172.623635 166.081792
-43.5213416 172.638536 170.947089
-43.5216028 172.638547 171.26932
-43.5358469 172.628236 188.109767
-43.5026166 172.642842 181.435097
-43.4982996 172.641903 175.940102
-43.555933 172.588403 168.815346
-43.5561081 172.588041 168.430188
-43.5130525 172.621076 183.997209
-43.5278582 172.677545 196.917172
-43.5259696 172.632526 186.840597
-43.5261085 172.632339 176.280284
-43.5518276 172.681628 173.9602
-43.562494 172.641225 163.335562
-43.5300496 172.644573 168.512882
-43.5302023 172.644424 173.29036
-43.5146212 172.687732 183.080793
-43.56542 172.608219 195.805933
-43.5261965 172.675062 203.114309
-43.5264315 172.675371 200.934831
-43.5075543 172.689304 177.66207
-43.5215 172.6372 174.631083
-43.5395 172.612 167.004011
-43.5392 172.6117 171.532046
-43.5302 172.6031 168.375205
-43.5389 172.6216 175.432517
-43.5389 172.6212 167.013645
-43.5052 172.6504 170.732332
-43.5053 172.6505 168.816301
-43.5413 172.6321 191.008084
-43.5218584 172.61726 222.595207
-43.5189245 172.658717 189.45224
-43.5105516 172.65556 188.689696
-43.5634651 172.624235 164.353117
-43.5074595 172.646722 197.156212
-43.5533947 172.658529 186.867452
-43.5548018 172.659673 178.668379
-43.5499748 172.64499 162.314861
-43.5459174 172.680212 197.418084
-43.5463822 172.668873 181.740876
-43.5731439 172.645493 233.539431
-43.512938 172.649251 158.527573
-43.5131542 172.649262 161.494401
-43.5046243 172.65427 194.693381
-43.5231523 172.670046 186.561321
-43.5512121 172.67889 175.278519
-43.5510519 172.679559 174.561396
-43.52836 172.684735 194.996655
-43.528501 172.684378 196.241009
-43.529015 172.684522 197.223053
-43.529357 172.684846 200.496732
-43.52955 172.685361 194.087627
-43.528833 172.684808 195.30542
-43.4904166 172.635178 170.579595
-43.5510837 172.67742 168.6796
-43.5657698 172.635569 158.394159
-43.5113786 172.615007 176.828764
-43.5015476 172.625987 175.190056
-43.5085013 172.68932 188.067223
-43.5431748 172.671671 165.602154
-43.5442334 172.647797 169.799763
-43.544336 172.648091 172.305919
-43.5443774 172.648358 175.295006
-43.5118848 172.665378 192.04915
-43.5267173 172.638566 188.396771
-43.5268257 172.638677 189.035847
-43.5270166 172.638681 182.734421
-43.5021501 172.659364 196.917063
-43.5051314 172.643289 183.14575
-43.5504187 172.68247 170.624094
-43.5465063 172.668242 199.272997
-43.5480767 172.668006 194.774928
-43.5571999 172.652875 181.676894
-43.5493789 172.69366 197.586349
-43.5047805 172.616583 180.627389
-43.5463325 172.668696 185.096249
-43.5489346 172.669078 190.455254
-43.5420031 172.667187 189.376384
-43.5460141 172.686889 192.160798
-43.5906392 172.564197 176.695967
-43.540978 172.663812 189.589354
-43.5422372 172.671552 177.065755
-43.5286447 172.646 171.762421
-43.548201 172.676476 219.200227
-43.5109749 172.662908 191.686195
-43.4725444 172.62361 183.226244
-43.5566507 172.649316 171.588091
-43.5470223 172.687598 204.787907
-43.510923 172.669639 195.642996
-43.5093754 172.648134 171.232087
-43.5477989 172.669522 187.7294
-43.5427362 172.656419 168.224219
-43.535984 172.644202 178.157922
-43.531384 172.598837 173.339393
-43.5318609 172.598734 172.110991
-43.5468834 172.688503 188.894286
-43.4607997 172.663101 219.617131
-43.4604313 172.663375 219.773844
-43.4601443 172.66376 213.801209
-43.5008205 172.624977 175.321712
-43.458514 172.620609 162.861572
-43.508715 172.64731 193.228271
-43.556147 172.660033 179.356596
-43.5124723 172.647925 175.488903
-43.551535 172.676544 172.626834
-43.512156 172.673488 193.62518
-43.509266 172.686737 188.880679
-43.506975 172.658441 203.667522
-43.506978 172.658707 198.731072
-43.514033 172.677782 192.239748
-43.5469252 172.666847 180.428229
-43.534983 172.639088 181.164036
-43.5558608 172.592641 170.083706
-43.5053151 172.625521 176.540257
-43.5011361 172.627306 170.259262
-43.5614635 172.637345 190.273153
-43.5511253 172.69318 193.344766
-43.5001727 172.643922 171.869966
-43.5315496 172.571108 179.783337
-43.5313531 172.571255 178.490159
-43.5311918 172.571211 167.330941
-43.5315338 172.571438 172.566455
-43.5676668 172.588022 165.827013
-43.5674969 172.588327 170.39673
-43.5672948 172.588702 160.281468
-43.5671525 172.588934 162.031886
-43.5611668 172.638328 171.405655
-43.5242306 172.610469 174.378143
-43.5244219 172.610872 176.164359
-43.5246415 172.611687 184.887494
-43.5250615 172.610247 180.863639
-43.5143108 172.659264 190.62024
-43.5160727 172.658805 176.003533
-43.516067 172.659019 180.923596
-43.523197 172.663463 183.317641
-43.5096281 172.675287 181.594139
-43.547023 172.635939 169.341618
-43.54702 172.635314 160.052832
-43.547255 172.635891 162.832782
-43.5482341 172.64615 159.623365
-43.5476709 172.644569 162.574371
-43.5483165 172.646583 159.840181
-43.5478637 172.642872 169.179936
-43.5478331 172.647502 181.113877
-43.5481199 172.647067 161.064366
-43.5480717 172.688751 206.976916
-43.5475521 172.678148 176.732298
-43.5429216 172.657045 169.429439
-43.5061025 172.643661 183.108664
-43.5060193 172.643838 190.56704
-43.5082532 172.628716 189.956286
-43.5478585 172.677362 180.451399
-43.5163143 172.671278 197.309635
-43.3862059 172.668274 207.38742
-43.3863961 172.668394 204.988356
-43.547081 172.689193 193.601209
-43.54725 172.689078 185.742316
-43.551142 172.680509 175.945349
-43.551006 172.680391 178.219237
-43.547995 172.676983 194.060613
-43.54811 172.67717 195.137895
-43.551107 172.680693 177.827619
-43.551154 172.680845 174.046024
-43.55173 172.679897 172.101336
-43.551683 172.680104 177.667866
-43.549815 172.694008 190.880954
-43.549691 172.69431 200.825641
-43.4451 172.666678 211.089609
-43.515298 172.662642 175.456885
-43.510826 172.664731 181.815541
-43.511007 172.664809 175.901072
-43.523643 172.684672 179.359706
-43.524019 172.684753 192.419156
-43.591287 172.566565 169.271948
-43.556651 172.58885 168.918854
-43.33492 172.682143 191.534773
-43.499792 172.684088 173.5203
-43.499946 172.684063 168.063694
-43.4995638 172.617478 174.851236
-43.494821 172.601985 159.583862
-43.494413 172.602131 156.039112
-43.52216 172.628277 170.746609
-43.4445831 172.633902 165.942107
-43.5572191 172.652649 170.024863
-43.557306 172.652602 163.095226
-43.5443384 172.671338 176.093582
-43.5443637 172.670732 168.134842
-43.556675 172.656903 190.268688
-43.545885 172.630215 164.683638
-43.510803 172.61606 172.536259
-43.6399916 172.556511 187.719595
-43.535369 172.651873 199.310675
-43.535169 172.651895 201.975144
-43.538877 172.621625 175.432517
-43.5388666 172.621204 167.016549
-43.5270135 172.638556 182.023612
-43.5258512 172.64078 208.356957
-43.511932 172.653677 166.491657
-43.5068748 172.646887 193.730112
-43.512508 172.675344 199.306547
-43.512723 172.675396 192.912108
-43.503607 172.69388 180.692455
-43.503155 172.694861 179.91754
-43.525109 172.642876 191.523299
-43.525095 172.643108 192.800343
-43.52538 172.643216 191.680716
-43.513418 172.67799 183.910933
-43.555637 172.591777 164.378035
-43.555797 172.592041 166.362655
-43.544568 172.667118 187.263997
-43.550585 172.694378 194.228925
-43.5554976 172.586723 169.753465
-43.514635 172.662202 190.119697
-43.503046 172.623197 164.418421
-43.503151 172.623292 170.063912
-43.5430272 172.620124 161.325739
-43.5456193 172.672124 171.953729
-43.5463936 172.672107 175.783108
-43.5467914 172.672674 177.311314
-43.5460441 172.672691 176.968395
-43.54078 172.66338 185.518396
-43.5096445 172.686403 165.208158
-43.5445392 172.63869 169.23262
-43.5074863 172.649656 168.94065
-43.5310837 172.644092 175.047315
-43.514992 172.67212 203.893712
-43.503046 172.623201 164.418725
-43.503158 172.623301 170.063707
-43.513382 172.661003 187.47998
-43.513497 172.661178 183.936342
-43.556786 172.656692 191.965546
-43.524981 172.638515 173.069197
-43.52512 172.638547 167.202384
-43.555436 172.586656 161.325376
-43.509721 172.652935 170.611487
-43.525154 172.64763 201.51409
-43.525307 172.647569 202.260771
-43.5476 172.668674 192.374453
-43.547756 172.668798 187.671181
-43.530201 172.671995 198.007147
-43.529939 172.671986 198.157451
-43.5972379 172.603182 169.243704
-43.524711 172.684399 186.307468
-43.525029 172.68383 183.231872
-43.556376 172.596555 175.071689
-43.53188 172.636539 208.194977
-43.546862 172.686404 194.099129
-43.4737164 172.610099 180.877031
-43.4737164 172.610638 180.616593
-43.4738887 172.611014 190.830272
-43.4736612 172.611086 185.761551
-43.4735665 172.610775 166.852971
-43.4734165 172.610316 175.401059
-43.4733274 172.609814 185.148263
-43.4732142 172.609336 200.825037
-43.473025 172.60955 182.010278
-43.551492 172.677391 170.080267
-43.544573 172.666706 182.811549
-43.54461 172.666589 182.845739
-43.5494477 172.631986 165.925544
-43.518767 172.60297 191.673614
-43.5497556 172.631467 188.944382
-43.508658 172.689657 179.957951
-43.50875 172.689996 170.412111
-43.506759 172.69134 173.584783
-43.52862 172.649551 175.487889
-43.525041 172.67035 185.943108
-43.524987 172.670273 189.143441
-43.509002 172.690875 186.353818
-43.55106 172.681215 178.267274
-43.522352 172.672972 189.675258
-43.526651 172.638461 182.373411
-43.526651 172.638802 180.489536
-43.526645 172.639088 186.170908
-43.528629 172.646573 171.22174
-43.524992 172.639801 179.923075
-43.524982 172.639935 179.214156
-43.52935 172.642518 178.767085
-43.5282938 172.642555 200.107973
-43.514839 172.678873 183.855441
-43.514905 172.679063 181.759468
-43.528433 172.642985 189.699861
-43.512524 172.677179 185.305282
-43.5284388 172.642558 204.059873
-43.528835 172.635135 186.752146
-43.527737 172.637115 198.247259
-43.528717 172.643452 182.137152
-43.525018 172.674469 181.797979
-43.524774 172.674556 184.49109
-43.5456861 172.684128 197.360717
-43.5505166 172.644772 157.319678
-43.544763 172.649025 173.191695
-43.527115 172.675528 192.628951
-43.526981 172.67573 199.101101
-43.543449 172.658959 166.422641
-43.5297718 172.603608 158.807285
-43.5297308 172.603727 161.974947
-43.506732 172.689421 175.87714
-43.5068061 172.68968 176.361435
-43.566572 172.609006 191.127407
-43.513039 172.661469 187.596832
-43.513108 172.661105 185.76905
-43.507466 172.686613 183.432912
-43.510491 172.68633 181.645005
-43.510354 172.68632 173.660802
-43.508144 172.688039 176.400285
-43.508427 172.687923 172.579715
-43.528587 172.643261 190.628969
-43.5261299 172.634909 175.785309
-43.529047 172.635358 207.51533
-43.451386 172.64991 176.419275
-43.451101 172.648964 177.062476
-43.529054 172.635157 221.51392
-43.5253753 172.641886 199.852923
-43.524937 172.639778 173.648392
-43.524592 172.639789 178.258035
-43.525421 172.639151 188.6555
-43.508895 172.652675 185.974997
-43.511285 172.639917 195.384287
-43.46111 172.609341 196.151756
-43.52699 172.650942 177.666676
-43.527056 172.651245 178.696441
-43.511767 172.666214 189.814428
-43.511555 172.666227 192.7712
-43.554105 172.640179 160.199476
-43.5125922 172.653907 175.175467
-43.5125789 172.653776 169.644959
-43.52577 172.596687 217.419411
-43.5053028 172.616892 170.337804
-43.5022389 172.654575 178.898149
-43.505738 172.64693 197.132361
-43.5497802 172.643562 162.615118
-43.5496527 172.643372 162.114401
-43.5495335 172.643248 167.670302
-43.5569719 172.592794 184.466129
-43.554021 172.640731 168.004248
-43.55396 172.640647 169.201781
-43.554027 172.640577 165.135822
-43.527735 172.683491 186.883755
-43.527708 172.683761 185.9821
-43.525209 172.6386 172.172874
-43.5282695 172.632169 183.976122
-43.591227 172.566648 173.981389
-43.5441472 172.658 186.299579
-43.540269 172.661577 177.952471
-43.5599925 172.675744 189.421567
-43.5602093 172.675993 193.602661
-43.5570087 172.594787 163.479642
-43.506244 172.643255 192.306752
-43.5454802 172.673857 176.883025
-43.5450758 172.674132 180.371101
-43.514745 172.673981 187.74389
-43.448086 172.616745 146.159932
-43.44822 172.616872 148.332036
-43.51469 172.674552 181.909578
-43.51479 172.674331 183.790449
-43.541825 172.650061 163.713159
-43.541892 172.650308 174.901822
-43.5492168 172.63268 172.240856
-43.5493143 172.632217 164.96147
-43.5487776 172.630444 178.28239
-43.5336663 172.637839 184.423196
-43.5280555 172.684406 192.433455
-43.524648 172.63979 176.249025
-43.555358 172.665238 180.813684
-43.522157 172.648738 182.547197
-43.522178 172.648553 181.61181
-43.5507861 172.692908 185.2817
-43.50053 172.638942 171.618273
-43.500415 172.639203 177.478616
-43.514587 172.673929 186.100186
-43.51462 172.673673 186.924537
-43.51408 172.661409 182.370269
-43.514071 172.661536 179.913579
-43.518123 172.657797 177.821902
-43.514856 172.660991 172.501355
-43.548457 172.643849 153.785715
-43.593673 172.563985 180.471573
-43.593498 172.564164 175.620929
-43.546185 172.65415 161.945142
-43.4714 172.612798 174.119857
-43.5668999 172.607909 192.130112
-43.550304 172.644316 152.440887
-43.550256 172.644397 156.828937
-43.550231 172.64409 158.718515
-43.550145 172.644188 157.121401
-43.555475 172.588482 165.000381
-43.529576 172.640751 167.416179
-43.512043 172.647272 170.905041
-43.512131 172.647222 171.435574
-43.512122 172.647031 170.764392
-43.512053 172.646936 189.930351
-43.56518 172.634181 172.553264
-43.50686 172.641328 203.281414
-43.505105 172.62533 174.868738
-43.500861 172.624399 209.658934
-43.500798 172.624165 174.364829
-43.500698 172.625198 172.390851
-43.506954 172.64613 194.749409
-43.506793 172.646221 183.728707
-43.5462306 172.690347 189.197796
-43.524419 172.674826 192.348375
-43.471025 172.614121 178.911243
-43.470945 172.61423 176.71842
-43.471044 172.614365 182.892533
-43.471179 172.614121 179.070538
-43.513189 172.647835 175.504981
-43.512591 172.647907 167.551735
-43.488222 172.620783 163.394325
-43.4880302 172.620749 160.872099
-43.527135 172.683729 185.552186
-43.550305 172.641386 184.057158
-43.550191 172.641768 167.043866
-43.524818 172.671451 186.94358
-43.515089 172.663338 191.022079
-43.5720998 172.578479 168.863993
-43.5735083 172.579485 172.974431
-43.5724927 172.58 168.010747
-43.385254 172.70257 192.996158
-43.565855 172.635202 160.790572
-43.5054055 172.612933 171.21949
-43.526378 172.653851 172.433746
-43.452491 172.61128 173.179623
-43.452171 172.613567 169.223108
-43.451938 172.615998 159.559346
-43.451885 172.61236 168.713246
-43.451736 172.618631 155.150302
-43.451621 172.614701 156.731751
-43.45132 172.617392 164.207432
-43.451262 172.611066 157.398389
-43.450902 172.61877 170.143108
-43.450769 172.619047 171.217993
-43.449447 172.616974 164.39955
-43.449817 172.619015 167.429692
-43.449272 172.615116 159.107934
-43.449155 172.618212 160.80615
-43.448598 172.618882 173.497388
-43.448786 172.616999 166.347813
-43.44842 172.614665 173.849987
-43.448125 172.613405 162.200365
-43.506476 172.645245 184.976052
-43.506521 172.64499 195.524272
-43.328945 172.685339 217.804233
-43.551276 172.67759 165.070751
-43.5129573 172.652936 208.165114
-43.5129708 172.652586 182.800462
-43.5359971 172.636841 198.820163
-43.5359948 172.636964 203.694251
-43.535986 172.637044 200.552833
-43.5358969 172.637041 207.861957
-43.5358921 172.636945 206.230935
-43.5358837 172.636838 209.140404
-43.5563662 172.652466 192.805636
-43.5566947 172.652686 201.856563
-43.5566468 172.652074 184.007822
-43.5567524 172.651811 175.508596
-43.5570031 172.651659 176.291144
-43.5569111 172.652178 172.347944
-43.5567138 172.651555 167.020065
-43.5564831 172.652087 178.921951
-43.5930667 172.568397 172.488138
-43.524612 172.673164 187.910667
-43.382341 172.671759 216.493645
-43.514221 172.658827 176.814974
-43.514287 172.659063 177.951517
-43.4488692 172.63333 143.508065
-43.4491218 172.634059 150.833874
-43.4495637 172.63342 150.424366
-43.4497554 172.632839 137.34745
-43.5533018 172.68861 179.687138
-43.5551013 172.659443 193.593791
-43.5577546 172.658146 201.63536
-43.5577997 172.658499 198.05223
-43.5525145 172.657167 178.873011
-43.5527765 172.657146 185.894703
-43.5650211 172.639084 177.306962
-43.5649649 172.639475 159.476276
-43.5269241 172.643032 184.748885
-43.5555443 172.65998 172.663553
-43.5483741 172.654998 187.191296
-43.5489498 172.65588 153.859798
-43.5418077 172.646471 173.708816
-43.565777 172.63484 156.811012
-43.5658591 172.635061 159.068515
-43.5393309 172.628044 181.049534
-43.298347 172.677092 151.653131
-43.3003363 172.680381 160.453396
-43.546814 172.667089 150.680641
-43.5465971 172.667441 190.894505
-43.5463528 172.667028 175.646956
-43.546589 172.667113 179.047262
-43.5513722 172.670306 178.297046
-43.5511441 172.670789 172.553655
-43.5516863 172.670533 177.606318
-43.5662586 172.623012 182.91467
-43.5666948 172.622026 174.455981
-43.500875 172.62479 167.875125
-43.500778 172.624844 175.199863
-43.507245 172.619081 167.875125
-43.507115 172.619098 175.199863
-43.647298 172.55517 172.161615
-43.647077 172.554952 171.107165
-43.5165225 172.61995 208.350235
-43.5453336 172.636872 165.188809
-43.5211166 172.638575 168.720583
-43.5213688 172.638561 169.937348
-43.5216299 172.638572 171.270426
-43.5109193 172.663651 188.799515
-43.546748 172.684317 200.522811
-43.51382 172.656458 199.14806
-43.513877 172.656599 198.268879
-43.533271 172.624851 137.564674
-43.532777 172.625443 189.89307
-43.5325677 172.625567 194.596135
-43.5328871 172.62471 212.106519
-43.5324189 172.624939 207.680499
-43.5327743 172.623777 209.296692
-43.5324316 172.624121 205.440154
-43.516839 172.653659 188.390555
-43.511334 172.656047 203.589952
-43.513668 172.675623 188.870898
-43.507456 172.690311 179.928392
-43.507427 172.690502 176.457191
-43.5483118 172.660148 179.012299
-43.529342 172.671699 201.471894
-43.529167 172.671389 201.947247
-43.5178708 172.649375 171.914252
-43.547981 172.687694 195.284928
-43.515316 172.662328 175.728853
-43.555531 172.586501 161.325376
-43.523074 172.658262 173.926286
-43.458231 172.621043 161.001411
-43.5323511 172.63426 198.203341
-43.316714 172.666181 151.519777
-43.3168861 172.666281 154.262913
-43.515096 172.660752 186.583647
-43.523915 172.612307 187.395977
-43.523896 172.612521 190.394203
-43.556589 172.649217 181.883638
-43.556538 172.648758 181.537198
-43.4634871 172.637917 154.622954
-43.4745861 172.631261 160.584626
-43.4833242 172.629674 174.486255
-43.504089 172.694913 187.53528
-43.520326 172.639176 169.459215
-43.556725 172.587902 168.986562
-43.444983 172.625067 172.373258
-43.445069 172.624771 164.261974
-43.509071 172.687223 173.485398
-43.500474 172.689349 169.570272
-43.500422 172.68945 169.839018
-43.550122 172.694149 186.980866
-43.5085167 172.648697 177.737498
-43.509013 172.658879 190.978869
-43.508992 172.659113 194.37007
-43.511223 172.685816 176.265317
-43.511199 172.685948 176.94559
-43.511308 172.686058 170.214173
-43.508415 172.65778 182.723424
-43.508314 172.65765 179.06895
