-43.5123209 172.70938 179.045489
-43.5116328 172.71216 179.916376
-43.5139917 172.710053 180.412083
-43.5153111 172.710458 176.632461
-43.5098294 172.71212 172.528418
-43.5073775 172.709962 188.29002
-43.5074634 172.712462 187.580307
-43.5165285 172.720668 179.894875
-43.5151732 172.718474 181.589872
-43.5130462 172.717596 191.700905
-43.558086 172.706956 193.104029
-43.5126661 172.705791 201.147324
-43.5133945 172.704827 195.227944
-43.5170726 172.709446 178.225199
-43.5110419 172.707119 175.176908
-43.5326878 172.694955 184.168901
-43.5418537 172.68794 188.850138
-43.5364208 172.684354 165.920896
-43.4984348 172.69011 175.317615
-43.4776244 172.700122 172.482763
-43.4820469 172.697051 195.880581
-43.480663 172.694144 193.376039
-43.5195552 172.73058 194.380164
-43.5222188 172.730022 183.93393
-43.5257985 172.730905 184.70716
-43.5243104 172.728283 188.499346
-43.5216805 172.727321 177.975006
-43.5460959 172.744296 196.917288
-43.5086429 172.698825 191.759295
-43.5100634 172.700279 188.212438
-43.5116031 172.700383 189.154955
-43.5170498 172.689783 184.257801
-43.519009 172.698158 173.7192
-43.5127024 172.696195 182.657718
-43.5148107 172.706621 192.634199
-43.5152486 172.703108 198.960851
-43.5113872 172.702362 191.075784
-43.5190266 172.689169 183.860519
-43.4837977 172.712638 195.739504
-43.4816238 172.711834 190.270984
-43.4770143 172.708592 191.389833
-43.4789187 172.70796 189.527903
-43.5190979 172.729939 191.987618
-43.5109942 172.726334 179.09043
-43.5095994 172.728082 196.33142
-43.5111956 172.728357 192.770095
-43.5124565 172.729642 194.353912
-43.5142183 172.72944 190.486982
-43.5163629 172.729662 194.74339
-43.5175516 172.730539 192.100464
-43.5064209 172.73111 200.632024
-43.4942484 172.719128 194.442291
-43.4960836 172.718501 200.446555
-43.5032946 172.700266 185.200301
-43.5037826 172.701018 195.264549
-43.5047658 172.701829 196.961551
-43.5055979 172.699921 193.40515
-43.5214913 172.685754 177.038007
-43.5172953 172.698589 192.348073
-43.5191234 172.698964 195.618004
-43.5190071 172.689069 181.507124
-43.5106519 172.694825 194.286251
-43.5180285 172.700169 194.967383
-43.480312 172.719628 194.686981
-43.5584282 172.738458 186.789962
-43.5419228 172.744369 194.4446
-43.5386588 172.696999 185.755885
-43.5385588 172.696653 187.386491
-43.5392085 172.697256 191.388676
-43.5391545 172.697256 190.599889
-43.521296 172.700641 197.074951
-43.522376 172.70045 199.20058
-43.5218808 172.707508 200.51777
-43.4976105 172.716664 206.895646
-43.561308 172.739496 182.281494
-43.561192 172.739473 197.371636
-43.4806777 172.714753 201.223252
-43.506142 172.718622 208.145492
-43.5059448 172.718613 203.600217
-43.538508 172.702029 169.681891
-43.538222 172.697853 181.330271
-43.538356 172.697778 179.307437
-43.537974 172.697139 176.821637
-43.538257 172.697381 171.742844
-43.5066012 172.729612 200.632098
-43.502881 172.710193 190.307413
-43.50292 172.711963 194.147089
-43.503701 172.7113 196.189319
-43.50384 172.711404 195.040258
-43.503801 172.711915 187.264459
-43.503742 172.711573 200.231725
-43.4944861 172.687961 196.835317
-43.4758306 172.708678 203.914041
-43.475867 172.708509 190.618861
-43.5406718 172.743599 196.966908
-43.4808196 172.7097 200.351054
-43.5143072 172.698045 193.456299
-43.5176138 172.709725 193.560457
-43.5177277 172.709566 190.459509
-43.5394317 172.701096 179.321972
-43.5388377 172.701198 179.698089
-43.5391975 172.701035 181.982417
-43.5394308 172.700737 177.857761
-43.5362153 172.693562 187.368494
-43.5057848 172.708734 195.443855
-43.5050191 172.683187 187.165714
-43.5038041 172.683481 157.531584
-43.5023988 172.684101 174.082427
-43.5032621 172.694222 185.643448
-43.5038216 172.687522 187.860069
-43.5047231 172.689451 182.857432
-43.5038566 172.69029 186.310964
-43.5046501 172.690655 180.084906
-43.5055783 172.691263 173.661185
-43.5063027 172.690832 174.804719
-43.5056821 172.692386 181.572295
-43.5045404 172.693322 176.258053
-43.5038741 172.694555 184.753678
-43.5032426 172.696594 190.498541
-43.5014738 172.702128 196.239437
-43.5149188 172.724416 171.415877
-43.5145247 172.721717 177.249832
-43.5118005 172.723117 180.131708
-43.5103391 172.719414 184.695508
-43.508829 172.716136 175.822087
-43.5071388 172.714441 184.791569
-43.5158199 172.722562 190.914415
-43.5383095 172.688863 190.599625
-43.5389239 172.687608 187.638366
-43.5410073 172.693897 180.108642
-43.5365719 172.68279 168.68024
-43.5360765 172.681607 163.573592
-43.5028959 172.682223 152.122027
-43.5013496 172.696265 182.326278
-43.5017763 172.692063 184.670518
-43.5019147 172.692822 182.38306
-43.5017397 172.694552 172.997438
-43.5015449 172.69548 174.512166
-43.4994388 172.697352 175.617638
-43.510225 172.683513 178.242139
-43.5095161 172.687874 183.481048
-43.511807 172.686671 179.727554
-43.5141051 172.68904 178.185512
-43.5120285 172.690007 190.182695
-43.553563 172.684853 169.686519
-43.515954 172.672063 195.554532
-43.5154048 172.679717 172.777202
-43.5089759 172.682276 176.366036
-43.5144311 172.6699 188.859234
-43.5123188 172.682559 162.546453
-43.5117723 172.682691 168.17146
-43.5103938 172.682646 168.679026
-43.5088547 172.68225 171.300025
-43.505924 172.715467 186.786411
-43.5156919 172.726755 182.447801
-43.5152626 172.72619 185.062441
-43.5104883 172.723983 175.087959
-43.5075821 172.691255 180.1943
-43.5040079 172.694302 185.862629
-43.5081243 172.682138 166.281739
-43.5115374 172.688522 185.761823
-43.5029943 172.709536 193.877487
-43.503108 172.70909 189.381566
-43.53307 172.671953 187.161528
-43.539735 172.651755 161.555384
-43.5038557 172.692217 185.618176
-43.5042332 172.692356 187.912733
-43.5041418 172.691847 187.104085
-43.5040191 172.692062 192.780305
-43.5037886 172.695102 187.093925
-43.5545659 172.682011 165.117264
